详细轨迹分析报告
====================
轨迹点数: 56
轨迹总时间: 5.434 秒
关节名称: 
  0: joint1
  1: joint2
  2: joint3
  3: joint4
  4: joint5
  5: joint6

详细轨迹点信息:
================
轨迹点 0:
  时间: 0.000000 秒
  关节位置: [-1.576160, -0.000542, 1.572008, -0.525037, -1.564879, -0.022570]
  关节速度: [-0.000000, -0.000000, 0.000000, -0.000000, -0.000000, 0.000000]
  关节加速度: [0.000000, 0.000000, 0.000000, 0.000000, 0.000000, 0.000000]

轨迹点 1:
  时间: 0.100000 秒
  关节位置: [-1.578199, -0.003869, 1.574728, -0.532849, -1.568710, -0.019923]
  关节速度: [-0.040768, -0.066536, 0.054411, -0.156250, -0.076630, 0.052933]
  关节加速度: [-0.407682, -0.665362, 0.544108, -1.562500, -0.766301, 0.529332]

轨迹点 2:
  时间: 0.200000 秒
  关节位置: [-1.584314, -0.013849, 1.582890, -0.556287, -1.580205, -0.011983]
  关节速度: [-0.081536, -0.133072, 0.108822, -0.312500, -0.153260, 0.105866]
  关节加速度: [-0.407682, -0.665362, 0.544108, -1.562500, -0.766301, 0.529332]

轨迹点 3:
  时间: 0.300000 秒
  关节位置: [-1.594411, -0.030328, 1.596366, -0.594984, -1.599183, 0.001127]
  关节速度: [-0.113499, -0.185237, 0.151480, -0.435000, -0.213338, 0.147366]
  关节加速度: [-0.000000, -0.000000, 0.000000, -0.000000, -0.000000, 0.000000]

轨迹点 4:
  时间: 0.400000 秒
  关节位置: [-1.605761, -0.048852, 1.611514, -0.638484, -1.620517, 0.015863]
  关节速度: [-0.113499, -0.185237, 0.151480, -0.435000, -0.213338, 0.147366]
  关节加速度: [0.000000, 0.000000, -0.000000, 0.000000, 0.000000, -0.000000]

轨迹点 5:
  时间: 0.500000 秒
  关节位置: [-1.617110, -0.067375, 1.626661, -0.681984, -1.641851, 0.030600]
  关节速度: [-0.113499, -0.185237, 0.151480, -0.435000, -0.213338, 0.147366]
  关节加速度: [0.000000, 0.000000, -0.000000, 0.000000, 0.000000, -0.000000]

轨迹点 6:
  时间: 0.600000 秒
  关节位置: [-1.628460, -0.085899, 1.641809, -0.725484, -1.663185, 0.045337]
  关节速度: [-0.113499, -0.185237, 0.151480, -0.435000, -0.213338, 0.147366]
  关节加速度: [0.000000, 0.000000, -0.000000, 0.000000, 0.000000, -0.000000]

轨迹点 7:
  时间: 0.700000 秒
  关节位置: [-1.639810, -0.104423, 1.656957, -0.768984, -1.684519, 0.060073]
  关节速度: [-0.113499, -0.185237, 0.151480, -0.435000, -0.213338, 0.147366]
  关节加速度: [0.000000, 0.000000, -0.000000, 0.000000, 0.000000, -0.000000]

轨迹点 8:
  时间: 0.800000 秒
  关节位置: [-1.651160, -0.122946, 1.672105, -0.812484, -1.705852, 0.074810]
  关节速度: [-0.113499, -0.185237, 0.151480, -0.435000, -0.213338, 0.147366]
  关节加速度: [0.000000, 0.000000, -0.000000, 0.000000, 0.000000, -0.000000]

轨迹点 9:
  时间: 0.900000 秒
  关节位置: [-1.662510, -0.141470, 1.687253, -0.855984, -1.727186, 0.089547]
  关节速度: [-0.113499, -0.185237, 0.151480, -0.435000, -0.213338, 0.147366]
  关节加速度: [0.000000, 0.000000, -0.000000, 0.000000, 0.000000, -0.000000]

轨迹点 10:
  时间: 1.000000 秒
  关节位置: [-1.673860, -0.159994, 1.702401, -0.899484, -1.748520, 0.104283]
  关节速度: [-0.113499, -0.185237, 0.151480, -0.435000, -0.213338, 0.147366]
  关节加速度: [-0.000000, -0.000000, 0.000000, -0.000000, -0.000000, 0.000000]

轨迹点 11:
  时间: 1.100000 秒
  关节位置: [-1.685210, -0.178517, 1.717549, -0.942984, -1.769854, 0.119020]
  关节速度: [-0.113499, -0.185237, 0.151480, -0.435000, -0.213338, 0.147366]
  关节加速度: [-0.000000, -0.000000, 0.000000, -0.000000, -0.000000, 0.000000]

轨迹点 12:
  时间: 1.200000 秒
  关节位置: [-1.696560, -0.197041, 1.732697, -0.986484, -1.791188, 0.133756]
  关节速度: [-0.113499, -0.185237, 0.151480, -0.435000, -0.213338, 0.147366]
  关节加速度: [-0.000000, -0.000000, 0.000000, -0.000000, -0.000000, 0.000000]

轨迹点 13:
  时间: 1.300000 秒
  关节位置: [-1.707909, -0.215565, 1.747845, -1.029984, -1.812522, 0.148493]
  关节速度: [-0.113499, -0.185237, 0.151480, -0.435000, -0.213338, 0.147366]
  关节加速度: [-0.000000, -0.000000, 0.000000, -0.000000, -0.000000, 0.000000]

轨迹点 14:
  时间: 1.400000 秒
  关节位置: [-1.719259, -0.234088, 1.762993, -1.073484, -1.833855, 0.163230]
  关节速度: [-0.113499, -0.185237, 0.151480, -0.435000, -0.213338, 0.147366]
  关节加速度: [-0.000000, -0.000000, 0.000000, -0.000000, -0.000000, 0.000000]

轨迹点 15:
  时间: 1.500000 秒
  关节位置: [-1.730609, -0.252612, 1.778141, -1.116984, -1.855189, 0.177966]
  关节速度: [-0.113499, -0.185237, 0.151480, -0.435000, -0.213338, 0.147366]
  关节加速度: [-0.000000, -0.000000, 0.000000, -0.000000, -0.000000, 0.000000]

轨迹点 16:
  时间: 1.600000 秒
  关节位置: [-1.741959, -0.271136, 1.793289, -1.160484, -1.876523, 0.192703]
  关节速度: [-0.113499, -0.185237, 0.151480, -0.435000, -0.213338, 0.147366]
  关节加速度: [-0.000000, -0.000000, 0.000000, -0.000000, -0.000000, 0.000000]

轨迹点 17:
  时间: 1.700000 秒
  关节位置: [-1.753309, -0.289659, 1.808437, -1.203984, -1.897857, 0.207439]
  关节速度: [-0.113499, -0.185237, 0.151480, -0.435000, -0.213338, 0.147366]
  关节加速度: [-0.000000, -0.000000, 0.000000, -0.000000, -0.000000, 0.000000]

轨迹点 18:
  时间: 1.800000 秒
  关节位置: [-1.764659, -0.308183, 1.823585, -1.247484, -1.919191, 0.222176]
  关节速度: [-0.113499, -0.185237, 0.151480, -0.435000, -0.213338, 0.147366]
  关节加速度: [-0.000000, -0.000000, 0.000000, -0.000000, -0.000000, 0.000000]

轨迹点 19:
  时间: 1.900000 秒
  关节位置: [-1.776009, -0.326707, 1.838733, -1.290984, -1.940525, 0.236913]
  关节速度: [-0.113499, -0.185237, 0.151480, -0.435000, -0.213338, 0.147366]
  关节加速度: [0.000000, 0.000000, -0.000000, 0.000000, 0.000000, -0.000000]

轨迹点 20:
  时间: 2.000000 秒
  关节位置: [-1.787359, -0.345231, 1.853881, -1.334484, -1.961858, 0.251649]
  关节速度: [-0.113499, -0.185237, 0.151480, -0.435000, -0.213338, 0.147366]
  关节加速度: [-0.000000, -0.000000, 0.000000, -0.000000, -0.000000, 0.000000]

轨迹点 21:
  时间: 2.100000 秒
  关节位置: [-1.798708, -0.363754, 1.869029, -1.377984, -1.983192, 0.266386]
  关节速度: [-0.113499, -0.185237, 0.151480, -0.435000, -0.213338, 0.147366]
  关节加速度: [0.000000, 0.000000, -0.000000, 0.000000, 0.000000, -0.000000]

轨迹点 22:
  时间: 2.200000 秒
  关节位置: [-1.809331, -0.381090, 1.883205, -1.418695, -2.003158, 0.280178]
  关节速度: [-0.089139, -0.145481, 0.118969, -0.341639, -0.167551, 0.115738]
  关节加速度: [0.407682, 0.665362, -0.544108, 1.562500, 0.766301, -0.529332]

轨迹点 23:
  时间: 2.300000 秒
  关节位置: [-1.816788, -0.392035, 1.892948, -1.447251, -2.016926, 0.289120]
  关节速度: [-0.072547, -0.066668, 0.087944, -0.276902, -0.125793, 0.062938]
  关节加速度: [-0.083898, 0.937391, -0.072432, -0.297781, 0.061810, -0.540154]

轨迹点 24:
  时间: 2.400000 秒
  关节位置: [-1.824354, -0.394015, 1.901266, -1.476016, -2.029027, 0.292678]
  关节速度: [-0.077691, 0.027078, 0.077277, -0.294357, -0.114592, 0.007905]
  关节加速度: [-0.019857, 0.937468, -0.139975, -0.054648, 0.160843, -0.560202]

轨迹点 25:
  时间: 2.500000 秒
  关节位置: [-1.832112, -0.386620, 1.908178, -1.505309, -2.039513, 0.290634]
  关节速度: [-0.076377, 0.120817, 0.059802, -0.287296, -0.093408, -0.049141]
  关节加速度: [0.046741, 0.937325, -0.210178, 0.198192, 0.263788, -0.580916]

轨迹点 26:
  时间: 2.600000 秒
  关节位置: [-1.839389, -0.369852, 1.912973, -1.532565, -2.047338, 0.282776]
  关节速度: [-0.067820, 0.214533, 0.034692, -0.252736, -0.061029, -0.108436]
  关节加速度: [0.127291, 0.937044, -0.295070, 0.503996, 0.388275, -0.605904]

轨迹点 27:
  时间: 2.700000 秒
  关节位置: [-1.845427, -0.343715, 1.914853, -1.554909, -2.051333, 0.268870]
  关节速度: [-0.057078, 0.308220, 0.007283, -0.209878, -0.025276, -0.168395]
  关节加速度: [-0.173611, 0.937500, 0.022152, -0.638379, -0.076882, -0.512200]

轨迹点 28:
  时间: 2.800000 秒
  关节位置: [-1.852003, -0.308205, 1.915692, -1.579088, -2.054245, 0.249469]
  关节速度: [-0.074439, 0.401970, 0.009498, -0.273716, -0.032964, -0.219615]
  关节加速度: [-0.173611, 0.937500, 0.022152, -0.638379, -0.076882, -0.512200]

轨迹点 29:
  时间: 2.900000 秒
  关节位置: [-1.859950, -0.265287, 1.916706, -1.608313, -2.057764, 0.226021]
  关节速度: [-0.080556, 0.435000, 0.010279, -0.296208, -0.035673, -0.237661]
  关节加速度: [-0.000000, 0.000000, 0.000000, -0.000000, -0.000000, -0.000000]

轨迹点 30:
  时间: 3.000000 秒
  关节位置: [-1.868006, -0.221787, 1.917734, -1.637934, -2.061332, 0.202255]
  关节速度: [-0.080556, 0.435000, 0.010279, -0.296208, -0.035673, -0.237661]
  关节加速度: [-0.000000, 0.000000, 0.000000, -0.000000, -0.000000, -0.000000]

轨迹点 31:
  时间: 3.100000 秒
  关节位置: [-1.876061, -0.178287, 1.918762, -1.667554, -2.064899, 0.178489]
  关节速度: [-0.080556, 0.435000, 0.010279, -0.296208, -0.035673, -0.237661]
  关节加速度: [-0.000000, 0.000000, 0.000000, -0.000000, -0.000000, -0.000000]

轨迹点 32:
  时间: 3.200000 秒
  关节位置: [-1.884117, -0.134787, 1.919790, -1.697175, -2.068466, 0.154723]
  关节速度: [-0.080556, 0.435000, 0.010279, -0.296208, -0.035673, -0.237661]
  关节加速度: [-0.000000, 0.000000, 0.000000, -0.000000, -0.000000, -0.000000]

轨迹点 33:
  时间: 3.300000 秒
  关节位置: [-1.892173, -0.091287, 1.920818, -1.726796, -2.072034, 0.130957]
  关节速度: [-0.080556, 0.435000, 0.010279, -0.296208, -0.035673, -0.237661]
  关节加速度: [-0.000000, 0.000000, 0.000000, -0.000000, -0.000000, -0.000000]

轨迹点 34:
  时间: 3.400000 秒
  关节位置: [-1.900228, -0.047787, 1.921846, -1.756417, -2.075601, 0.107191]
  关节速度: [-0.080556, 0.435000, 0.010279, -0.296208, -0.035673, -0.237661]
  关节加速度: [-0.000000, 0.000000, 0.000000, -0.000000, -0.000000, -0.000000]

轨迹点 35:
  时间: 3.500000 秒
  关节位置: [-1.907596, -0.004287, 1.922153, -1.783436, -2.078112, 0.083208]
  关节速度: [-0.065930, 0.435000, -0.005046, -0.240869, -0.013196, -0.242276]
  关节加速度: [0.148800, 0.000095, -0.155928, 0.563028, 0.228704, -0.047012]

轨迹点 36:
  时间: 3.600000 秒
  关节位置: [-1.913475, 0.039213, 1.920900, -1.804819, -2.078333, 0.058755]
  关节速度: [-0.051895, 0.435000, -0.019752, -0.187762, 0.008375, -0.246705]
  关节加速度: [0.133248, 0.000105, -0.139634, 0.504183, 0.204805, -0.042110]

轨迹点 37:
  时间: 3.700000 秒
  关节位置: [-1.918016, 0.082713, 1.918245, -1.821141, -2.076499, 0.033880]
  关节速度: [-0.039080, 0.435000, -0.033179, -0.139274, 0.028069, -0.250748]
  关节加速度: [0.123933, 0.000114, -0.129876, 0.468938, 0.190491, -0.039177]

轨迹点 38:
  时间: 3.800000 秒
  关节位置: [-1.921357, 0.126213, 1.914333, -1.832924, -2.072821, 0.008626]
  关节速度: [-0.030167, 0.435000, -0.042518, -0.105549, 0.041767, -0.253561]
  关节加速度: [-0.000000, 0.000000, -0.000000, -0.000000, 0.000000, -0.000000]

轨迹点 39:
  时间: 3.900000 秒
  关节位置: [-1.924373, 0.169713, 1.910081, -1.843478, -2.068644, -0.016730]
  关节速度: [-0.030167, 0.435000, -0.042518, -0.105549, 0.041767, -0.253561]
  关节加速度: [-0.000000, 0.000000, -0.000000, -0.000000, 0.000000, -0.000000]

轨迹点 40:
  时间: 4.000000 秒
  关节位置: [-1.927390, 0.213213, 1.905830, -1.854033, -2.064467, -0.042086]
  关节速度: [-0.030167, 0.435000, -0.042518, -0.105549, 0.041767, -0.253561]
  关节加速度: [0.000000, -0.000000, 0.000000, 0.000000, -0.000000, 0.000000]

轨迹点 41:
  时间: 4.100000 秒
  关节位置: [-1.930407, 0.256713, 1.901578, -1.864588, -2.060291, -0.067442]
  关节速度: [-0.030167, 0.435000, -0.042518, -0.105549, 0.041767, -0.253561]
  关节加速度: [-0.000000, 0.000000, -0.000000, -0.000000, 0.000000, -0.000000]

轨迹点 42:
  时间: 4.200000 秒
  关节位置: [-1.933423, 0.300213, 1.897326, -1.875143, -2.056114, -0.092798]
  关节速度: [-0.030167, 0.435000, -0.042518, -0.105549, 0.041767, -0.253561]
  关节加速度: [-0.000000, 0.000000, -0.000000, -0.000000, 0.000000, -0.000000]

轨迹点 43:
  时间: 4.300000 秒
  关节位置: [-1.936440, 0.343713, 1.893074, -1.885698, -2.051937, -0.118155]
  关节速度: [-0.030167, 0.435000, -0.042518, -0.105549, 0.041767, -0.253561]
  关节加速度: [-0.000000, 0.000000, -0.000000, -0.000000, 0.000000, -0.000000]

轨迹点 44:
  时间: 4.400000 秒
  关节位置: [-1.939457, 0.387213, 1.888822, -1.896253, -2.047761, -0.143511]
  关节速度: [-0.030167, 0.435000, -0.042518, -0.105549, 0.041767, -0.253561]
  关节加速度: [-0.000000, 0.000000, -0.000000, -0.000000, 0.000000, -0.000000]

轨迹点 45:
  时间: 4.500000 秒
  关节位置: [-1.942474, 0.430713, 1.884571, -1.906808, -2.043584, -0.168867]
  关节速度: [-0.030167, 0.435000, -0.042518, -0.105549, 0.041767, -0.253561]
  关节加速度: [-0.000000, 0.000000, -0.000000, -0.000000, 0.000000, -0.000000]

轨迹点 46:
  时间: 4.600000 秒
  关节位置: [-1.945490, 0.474213, 1.880319, -1.917363, -2.039407, -0.194223]
  关节速度: [-0.030167, 0.435000, -0.042518, -0.105549, 0.041767, -0.253561]
  关节加速度: [-0.000000, 0.000000, -0.000000, -0.000000, 0.000000, -0.000000]

轨迹点 47:
  时间: 4.700000 秒
  关节位置: [-1.948507, 0.517713, 1.876067, -1.927917, -2.035230, -0.219579]
  关节速度: [-0.030167, 0.435000, -0.042518, -0.105549, 0.041767, -0.253561]
  关节加速度: [-0.000000, 0.000000, -0.000000, -0.000000, 0.000000, -0.000000]

轨迹点 48:
  时间: 4.800000 秒
  关节位置: [-1.951524, 0.561213, 1.871815, -1.938472, -2.031054, -0.244935]
  关节速度: [-0.030167, 0.435000, -0.042518, -0.105549, 0.041767, -0.253561]
  关节加速度: [-0.000000, 0.000000, -0.000000, -0.000000, 0.000000, -0.000000]

轨迹点 49:
  时间: 4.900000 秒
  关节位置: [-1.954540, 0.604713, 1.867563, -1.949027, -2.026877, -0.270291]
  关节速度: [-0.030167, 0.435000, -0.042518, -0.105549, 0.041767, -0.253561]
  关节加速度: [-0.000000, 0.000000, -0.000000, -0.000000, 0.000000, -0.000000]

轨迹点 50:
  时间: 5.000000 秒
  关节位置: [-1.957529, 0.647803, 1.863352, -1.959483, -2.022740, -0.295408]
  关节速度: [-0.028245, 0.407281, -0.039809, -0.098823, 0.039106, -0.237404]
  关节加速度: [0.065015, -0.937500, 0.091634, 0.227476, -0.090015, 0.546468]

轨迹点 51:
  时间: 5.100000 秒
  关节位置: [-1.960028, 0.683844, 1.859829, -1.968228, -2.019279, -0.316416]
  关节速度: [-0.021743, 0.313531, -0.030645, -0.076076, 0.030104, -0.182757]
  关节加速度: [0.065015, -0.937500, 0.091634, 0.227476, -0.090015, 0.546468]

轨迹点 52:
  时间: 5.200000 秒
  关节位置: [-1.961877, 0.710509, 1.857222, -1.974698, -2.016719, -0.331960]
  关节速度: [-0.015242, 0.219781, -0.021482, -0.053328, 0.021103, -0.128110]
  关节加速度: [0.065015, -0.937500, 0.091634, 0.227476, -0.090015, 0.546468]

轨迹点 53:
  时间: 5.300000 秒
  关节位置: [-1.963077, 0.727800, 1.855532, -1.978893, -2.015059, -0.342039]
  关节速度: [-0.008740, 0.126031, -0.012319, -0.030580, 0.012101, -0.073464]
  关节加速度: [0.065015, -0.937500, 0.091634, 0.227476, -0.090015, 0.546468]

轨迹点 54:
  时间: 5.400000 秒
  关节位置: [-1.963625, 0.735716, 1.854759, -1.980814, -2.014299, -0.346653]
  关节速度: [-0.002239, 0.032281, -0.003155, -0.007833, 0.003100, -0.018817]
  关节加速度: [0.065015, -0.937500, 0.091634, 0.227476, -0.090015, 0.546468]

轨迹点 55:
  时间: 5.434434 秒
  关节位置: [-1.963664, 0.736272, 1.854704, -1.980949, -2.014245, -0.346976]
  关节速度: [-0.000000, 0.000000, -0.000000, -0.000000, 0.000000, -0.000000]
  关节加速度: [0.065015, -0.937500, 0.091634, 0.227476, -0.090015, 0.546468]

