详细轨迹分析报告
====================
轨迹点数: 38
轨迹总时间: 3.644 秒
关节名称: 
  0: joint1
  1: joint2
  2: joint3
  3: joint4
  4: joint5
  5: joint6

详细轨迹点信息:
================
轨迹点 0:
  时间: 0.000000 秒
  关节位置: [-1.964522, 0.736893, 1.854036, -1.981475, -2.013980, -0.346127]
  关节速度: [0.000000, -0.000000, 0.000000, 0.000000, -0.000000, 0.000000]
  关节加速度: [0.000000, 0.000000, 0.000000, 0.000000, 0.000000, 0.000000]

轨迹点 1:
  时间: 0.100000 秒
  关节位置: [-1.963032, 0.732206, 1.855816, -1.974636, -2.016191, -0.344454]
  关节速度: [0.029802, -0.093750, 0.035617, 0.136774, -0.044208, 0.033451]
  关节加速度: [0.298022, -0.937500, 0.356171, 1.367745, -0.442083, 0.334506]

轨迹点 2:
  时间: 0.200000 秒
  关节位置: [-1.958562, 0.718143, 1.861159, -1.954120, -2.022822, -0.339437]
  关节速度: [0.059604, -0.187500, 0.071234, 0.273549, -0.088417, 0.066901]
  关节加速度: [0.298022, -0.937500, 0.356171, 1.367745, -0.442083, 0.334506]

轨迹点 3:
  时间: 0.300000 秒
  关节位置: [-1.951111, 0.694706, 1.870063, -1.919926, -2.033874, -0.331074]
  关节速度: [0.089407, -0.281250, 0.106851, 0.410323, -0.132625, 0.100352]
  关节加速度: [0.298022, -0.937500, 0.356171, 1.367745, -0.442083, 0.334506]

轨迹点 4:
  时间: 0.400000 秒
  关节位置: [-1.941681, 0.665042, 1.881333, -1.876649, -2.047862, -0.320490]
  关节速度: [0.094784, -0.298164, 0.113277, 0.435000, -0.140601, 0.106387]
  关节加速度: [-0.000000, 0.000000, -0.000000, -0.000000, 0.000000, -0.000000]

轨迹点 5:
  时间: 0.500000 秒
  关节位置: [-1.932203, 0.635226, 1.892661, -1.833149, -2.061922, -0.309851]
  关节速度: [0.094784, -0.298164, 0.113277, 0.435000, -0.140601, 0.106387]
  关节加速度: [0.000000, -0.000000, 0.000000, 0.000000, -0.000000, 0.000000]

轨迹点 6:
  时间: 0.600000 秒
  关节位置: [-1.922725, 0.605409, 1.903988, -1.789649, -2.075982, -0.299212]
  关节速度: [0.094784, -0.298164, 0.113277, 0.435000, -0.140601, 0.106387]
  关节加速度: [-0.000000, 0.000000, -0.000000, -0.000000, 0.000000, -0.000000]

轨迹点 7:
  时间: 0.700000 秒
  关节位置: [-1.913246, 0.575593, 1.915316, -1.746149, -2.090043, -0.288574]
  关节速度: [0.094784, -0.298164, 0.113277, 0.435000, -0.140601, 0.106387]
  关节加速度: [-0.000000, 0.000000, -0.000000, -0.000000, 0.000000, -0.000000]

轨迹点 8:
  时间: 0.800000 秒
  关节位置: [-1.903768, 0.545776, 1.926644, -1.702649, -2.104103, -0.277935]
  关节速度: [0.094784, -0.298164, 0.113277, 0.435000, -0.140601, 0.106387]
  关节加速度: [-0.000000, 0.000000, -0.000000, -0.000000, 0.000000, -0.000000]

轨迹点 9:
  时间: 0.900000 秒
  关节位置: [-1.894290, 0.515960, 1.937972, -1.659149, -2.118163, -0.267296]
  关节速度: [0.094784, -0.298164, 0.113277, 0.435000, -0.140601, 0.106387]
  关节加速度: [-0.000000, 0.000000, -0.000000, -0.000000, 0.000000, -0.000000]

轨迹点 10:
  时间: 1.000000 秒
  关节位置: [-1.884811, 0.486144, 1.949299, -1.615649, -2.132223, -0.256658]
  关节速度: [0.094784, -0.298164, 0.113277, 0.435000, -0.140601, 0.106387]
  关节加速度: [-0.000000, 0.000000, -0.000000, -0.000000, 0.000000, -0.000000]

轨迹点 11:
  时间: 1.100000 秒
  关节位置: [-1.875333, 0.456327, 1.960627, -1.572149, -2.146283, -0.246019]
  关节速度: [0.094784, -0.298164, 0.113277, 0.435000, -0.140601, 0.106387]
  关节加速度: [-0.000000, 0.000000, -0.000000, -0.000000, 0.000000, -0.000000]

轨迹点 12:
  时间: 1.200000 秒
  关节位置: [-1.865855, 0.426511, 1.971955, -1.528649, -2.160343, -0.235380]
  关节速度: [0.094784, -0.298164, 0.113277, 0.435000, -0.140601, 0.106387]
  关节加速度: [-0.000000, 0.000000, -0.000000, -0.000000, 0.000000, -0.000000]

轨迹点 13:
  时间: 1.300000 秒
  关节位置: [-1.856376, 0.396694, 1.983282, -1.485149, -2.174403, -0.224741]
  关节速度: [0.094784, -0.298164, 0.113277, 0.435000, -0.140601, 0.106387]
  关节加速度: [-0.000000, 0.000000, -0.000000, -0.000000, 0.000000, -0.000000]

轨迹点 14:
  时间: 1.400000 秒
  关节位置: [-1.846866, 0.366999, 1.994307, -1.441652, -2.188040, -0.214118]
  关节速度: [0.097689, -0.287422, 0.086102, 0.435001, -0.102749, 0.105050]
  关节加速度: [0.127017, 0.465927, -1.182364, 0.002506, 1.647002, -0.057611]

轨迹点 15:
  时间: 1.500000 秒
  关节位置: [-1.836521, 0.340388, 1.997527, -1.398151, -2.190808, -0.203879]
  关节速度: [0.108862, -0.246107, -0.018414, 0.435000, 0.042831, 0.099906]
  关节加速度: [0.105203, 0.386013, -0.979467, 0.002005, 1.364369, -0.047742]

轨迹点 16:
  时间: 1.600000 秒
  关节位置: [-1.825099, 0.317759, 1.990671, -1.354651, -2.179540, -0.194135]
  关节速度: [0.119873, -0.205392, -0.121413, 0.435000, 0.186297, 0.094836]
  关节加速度: [0.123580, 0.451779, -1.147996, 0.003471, 1.599170, -0.055696]

轨迹点 17:
  时间: 1.700000 秒
  关节位置: [-1.812587, 0.299811, 1.972621, -1.311589, -2.152698, -0.185043]
  关节速度: [0.130636, -0.165594, -0.222092, 0.435000, 0.326531, 0.089881]
  关节加速度: [-0.000000, 0.000000, 0.000000, -0.000000, -0.000000, -0.000000]

轨迹点 18:
  时间: 1.800000 秒
  关节位置: [-1.799524, 0.283251, 1.950412, -1.268089, -2.120045, -0.176055]
  关节速度: [0.130636, -0.165594, -0.222092, 0.435000, 0.326531, 0.089881]
  关节加速度: [-0.000000, 0.000000, 0.000000, -0.000000, -0.000000, -0.000000]

轨迹点 19:
  时间: 1.900000 秒
  关节位置: [-1.786460, 0.266692, 1.928203, -1.224589, -2.087391, -0.167067]
  关节速度: [0.130636, -0.165594, -0.222092, 0.435000, 0.326531, 0.089881]
  关节加速度: [-0.000000, 0.000000, 0.000000, -0.000000, -0.000000, -0.000000]

轨迹点 20:
  时间: 2.000000 秒
  关节位置: [-1.773396, 0.250132, 1.905994, -1.181089, -2.054738, -0.158079]
  关节速度: [0.130636, -0.165594, -0.222092, 0.435000, 0.326531, 0.089881]
  关节加速度: [0.000000, -0.000000, -0.000000, 0.000000, 0.000000, 0.000000]

轨迹点 21:
  时间: 2.100000 秒
  关节位置: [-1.760333, 0.233573, 1.883785, -1.137589, -2.022085, -0.149091]
  关节速度: [0.130636, -0.165594, -0.222092, 0.435000, 0.326531, 0.089881]
  关节加速度: [0.000000, -0.000000, -0.000000, 0.000000, 0.000000, 0.000000]

轨迹点 22:
  时间: 2.200000 秒
  关节位置: [-1.747269, 0.217014, 1.861575, -1.094089, -1.989432, -0.140103]
  关节速度: [0.130636, -0.165594, -0.222092, 0.435000, 0.326531, 0.089881]
  关节加速度: [0.000000, -0.000000, -0.000000, 0.000000, 0.000000, 0.000000]

轨迹点 23:
  时间: 2.300000 秒
  关节位置: [-1.734205, 0.200454, 1.839366, -1.050589, -1.956779, -0.131115]
  关节速度: [0.130636, -0.165594, -0.222092, 0.435000, 0.326531, 0.089881]
  关节加速度: [0.000000, -0.000000, -0.000000, 0.000000, 0.000000, 0.000000]

轨迹点 24:
  时间: 2.400000 秒
  关节位置: [-1.721142, 0.183895, 1.817157, -1.007089, -1.924126, -0.122126]
  关节速度: [0.130636, -0.165594, -0.222092, 0.435000, 0.326531, 0.089881]
  关节加速度: [0.000000, -0.000000, -0.000000, 0.000000, 0.000000, 0.000000]

轨迹点 25:
  时间: 2.500000 秒
  关节位置: [-1.708078, 0.167336, 1.794948, -0.963589, -1.891473, -0.113138]
  关节速度: [0.130636, -0.165594, -0.222092, 0.435000, 0.326531, 0.089881]
  关节加速度: [0.000000, -0.000000, -0.000000, 0.000000, 0.000000, 0.000000]

轨迹点 26:
  时间: 2.600000 秒
  关节位置: [-1.695014, 0.150776, 1.772739, -0.920089, -1.858820, -0.104150]
  关节速度: [0.130636, -0.165594, -0.222092, 0.435000, 0.326531, 0.089881]
  关节加速度: [0.000000, -0.000000, -0.000000, 0.000000, 0.000000, 0.000000]

轨迹点 27:
  时间: 2.700000 秒
  关节位置: [-1.681951, 0.134217, 1.750530, -0.876589, -1.826166, -0.095162]
  关节速度: [0.130636, -0.165594, -0.222092, 0.435000, 0.326531, 0.089881]
  关节加速度: [0.000000, -0.000000, -0.000000, 0.000000, 0.000000, 0.000000]

轨迹点 28:
  时间: 2.800000 秒
  关节位置: [-1.668887, 0.117658, 1.728320, -0.833089, -1.793513, -0.086174]
  关节速度: [0.130636, -0.165594, -0.222092, 0.435000, 0.326531, 0.089881]
  关节加速度: [0.000000, -0.000000, -0.000000, 0.000000, 0.000000, 0.000000]

轨迹点 29:
  时间: 2.900000 秒
  关节位置: [-1.655823, 0.101098, 1.706111, -0.789589, -1.760860, -0.077186]
  关节速度: [0.130636, -0.165594, -0.222092, 0.435000, 0.326531, 0.089881]
  关节加速度: [0.000000, -0.000000, -0.000000, 0.000000, 0.000000, 0.000000]

轨迹点 30:
  时间: 3.000000 秒
  关节位置: [-1.642760, 0.084539, 1.683902, -0.746089, -1.728207, -0.068198]
  关节速度: [0.130636, -0.165594, -0.222092, 0.435000, 0.326531, 0.089881]
  关节加速度: [0.000000, -0.000000, -0.000000, 0.000000, 0.000000, 0.000000]

轨迹点 31:
  时间: 3.100000 秒
  关节位置: [-1.629696, 0.067980, 1.661693, -0.702589, -1.695554, -0.059210]
  关节速度: [0.130636, -0.165594, -0.222092, 0.435000, 0.326531, 0.089881]
  关节加速度: [0.000000, -0.000000, -0.000000, 0.000000, 0.000000, 0.000000]

轨迹点 32:
  时间: 3.200000 秒
  关节位置: [-1.616633, 0.051420, 1.639484, -0.659089, -1.662901, -0.050221]
  关节速度: [0.130636, -0.165594, -0.222092, 0.435000, 0.326531, 0.089881]
  关节加速度: [0.000000, -0.000000, -0.000000, 0.000000, 0.000000, 0.000000]

轨迹点 33:
  时间: 3.300000 秒
  关节位置: [-1.603569, 0.034861, 1.617274, -0.615589, -1.630248, -0.041233]
  关节速度: [0.130636, -0.165594, -0.222092, 0.435000, 0.326531, 0.089881]
  关节加速度: [0.000000, -0.000000, -0.000000, 0.000000, 0.000000, 0.000000]

轨迹点 34:
  时间: 3.400000 秒
  关节位置: [-1.590776, 0.018645, 1.595526, -0.572992, -1.598272, -0.032432]
  关节速度: [0.114687, -0.145377, -0.194977, 0.381892, 0.286666, 0.078908]
  关节加速度: [-0.469240, 0.594804, 0.797743, -1.562500, -1.172885, -0.322849]

轨迹点 35:
  时间: 3.500000 秒
  关节位置: [-1.581654, 0.007081, 1.580017, -0.542615, -1.575470, -0.026155]
  关节速度: [0.067763, -0.085896, -0.115203, 0.225642, 0.169377, 0.046623]
  关节加速度: [-0.469240, 0.594804, 0.797743, -1.562500, -1.172885, -0.322849]

轨迹点 36:
  时间: 3.600000 秒
  关节位置: [-1.577224, 0.001466, 1.572486, -0.527863, -1.564397, -0.023107]
  关节速度: [0.020839, -0.026416, -0.035428, 0.069392, 0.052089, 0.014338]
  关节加速度: [-0.469240, 0.594804, 0.797743, -1.562500, -1.172885, -0.322849]

轨迹点 37:
  时间: 3.644411 秒
  关节位置: [-1.576761, 0.000879, 1.571699, -0.526322, -1.563240, -0.022789]
  关节速度: [0.000000, -0.000000, -0.000000, 0.000000, 0.000000, 0.000000]
  关节加速度: [-0.469240, 0.594804, 0.797743, -1.562500, -1.172885, -0.322849]

