详细轨迹分析报告
====================
轨迹点数: 66
轨迹总时间: 6.432 秒
关节名称: 
  0: joint1
  1: joint2
  2: joint3
  3: joint4
  4: joint5
  5: joint6

详细轨迹点信息:
================
轨迹点 0:
  时间: 0.000000 秒
  关节位置: [-1.964522, 0.302905, 1.078700, -0.772151, -2.013980, -0.346127]
  关节速度: [0.000000, -0.000000, -0.000000, 0.000000, -0.000000, -0.000000]
  关节加速度: [0.000000, 0.000000, 0.000000, 0.000000, 0.000000, 0.000000]

轨迹点 1:
  时间: 0.100000 秒
  关节位置: [-1.964230, 0.301916, 1.072450, -0.766737, -2.014126, -0.347472]
  关节速度: [0.005847, -0.019794, -0.125000, 0.108269, -0.002907, -0.026906]
  关节加速度: [0.058470, -0.197945, -1.250000, 1.082686, -0.029075, -0.269061]

轨迹点 2:
  时间: 0.200000 秒
  关节位置: [-1.963353, 0.298946, 1.053700, -0.750497, -2.014562, -0.351508]
  关节速度: [0.011694, -0.039589, -0.249999, 0.216536, -0.005815, -0.053812]
  关节加速度: [0.058470, -0.197945, -1.250000, 1.082686, -0.029075, -0.269061]

轨迹点 3:
  时间: 0.300000 秒
  关节位置: [-1.961891, 0.293998, 1.022450, -0.723430, -2.015289, -0.358235]
  关节速度: [0.017541, -0.059383, -0.374998, 0.324804, -0.008722, -0.080718]
  关节加速度: [0.058470, -0.197945, -1.250000, 1.082686, -0.029075, -0.269061]

轨迹点 4:
  时间: 0.400000 秒
  关节位置: [-1.959924, 0.287337, 0.980390, -0.687000, -2.016267, -0.367288]
  关节速度: [0.020348, -0.068885, -0.435000, 0.376775, -0.010118, -0.093633]
  关节加速度: [0.000000, -0.000000, -0.000000, 0.000000, -0.000000, -0.000000]

轨迹点 5:
  时间: 0.500000 秒
  关节位置: [-1.957889, 0.280449, 0.936890, -0.649323, -2.017279, -0.376651]
  关节速度: [0.020348, -0.068885, -0.435000, 0.376775, -0.010118, -0.093633]
  关节加速度: [0.000000, -0.000000, -0.000000, 0.000000, -0.000000, -0.000000]

轨迹点 6:
  时间: 0.600000 秒
  关节位置: [-1.955854, 0.273560, 0.893390, -0.611645, -2.018291, -0.386015]
  关节速度: [0.020348, -0.068885, -0.435000, 0.376775, -0.010118, -0.093633]
  关节加速度: [0.000000, -0.000000, -0.000000, 0.000000, -0.000000, -0.000000]

轨迹点 7:
  时间: 0.700000 秒
  关节位置: [-1.953819, 0.266672, 0.849890, -0.573968, -2.019303, -0.395378]
  关节速度: [0.020348, -0.068885, -0.435000, 0.376775, -0.010118, -0.093633]
  关节加速度: [-0.000000, 0.000000, 0.000000, -0.000000, 0.000000, 0.000000]

轨迹点 8:
  时间: 0.800000 秒
  关节位置: [-1.951785, 0.259783, 0.806390, -0.536290, -2.020314, -0.404741]
  关节速度: [0.020348, -0.068885, -0.435000, 0.376775, -0.010118, -0.093633]
  关节加速度: [-0.000000, 0.000000, 0.000000, -0.000000, 0.000000, 0.000000]

轨迹点 9:
  时间: 0.900000 秒
  关节位置: [-1.949750, 0.252895, 0.762890, -0.498613, -2.021326, -0.414105]
  关节速度: [0.020348, -0.068885, -0.435000, 0.376775, -0.010118, -0.093633]
  关节加速度: [-0.000000, 0.000000, 0.000000, -0.000000, 0.000000, 0.000000]

轨迹点 10:
  时间: 1.000000 秒
  关节位置: [-1.947715, 0.246006, 0.719390, -0.460935, -2.022338, -0.423468]
  关节速度: [0.020348, -0.068885, -0.435000, 0.376775, -0.010118, -0.093633]
  关节加速度: [-0.000000, 0.000000, 0.000000, -0.000000, 0.000000, 0.000000]

轨迹点 11:
  时间: 1.100000 秒
  关节位置: [-1.945680, 0.239118, 0.675890, -0.423258, -2.023350, -0.432831]
  关节速度: [0.020348, -0.068885, -0.435000, 0.376775, -0.010118, -0.093633]
  关节加速度: [0.000000, -0.000000, -0.000000, 0.000000, -0.000000, -0.000000]

轨迹点 12:
  时间: 1.200000 秒
  关节位置: [-1.943646, 0.232229, 0.632390, -0.385580, -2.024362, -0.442195]
  关节速度: [0.020348, -0.068885, -0.435000, 0.376775, -0.010118, -0.093633]
  关节加速度: [0.000000, -0.000000, -0.000000, 0.000000, -0.000000, -0.000000]

轨迹点 13:
  时间: 1.300000 秒
  关节位置: [-1.941611, 0.225341, 0.588890, -0.347903, -2.025373, -0.451558]
  关节速度: [0.020348, -0.068885, -0.435000, 0.376775, -0.010118, -0.093633]
  关节加速度: [0.000000, -0.000000, -0.000000, 0.000000, -0.000000, -0.000000]

轨迹点 14:
  时间: 1.400000 秒
  关节位置: [-1.939576, 0.218452, 0.545390, -0.310226, -2.026385, -0.460921]
  关节速度: [0.020348, -0.068885, -0.435000, 0.376775, -0.010118, -0.093633]
  关节加速度: [0.000000, -0.000000, -0.000000, 0.000000, -0.000000, -0.000000]

轨迹点 15:
  时间: 1.500000 秒
  关节位置: [-1.937541, 0.211564, 0.501890, -0.272548, -2.027397, -0.470285]
  关节速度: [0.020348, -0.068885, -0.435000, 0.376775, -0.010118, -0.093633]
  关节加速度: [0.000000, -0.000000, -0.000000, 0.000000, -0.000000, -0.000000]

轨迹点 16:
  时间: 1.600000 秒
  关节位置: [-1.935506, 0.204676, 0.458390, -0.234871, -2.028409, -0.479648]
  关节速度: [0.020348, -0.068885, -0.435000, 0.376775, -0.010118, -0.093633]
  关节加速度: [0.000000, -0.000000, -0.000000, 0.000000, -0.000000, -0.000000]

轨迹点 17:
  时间: 1.700000 秒
  关节位置: [-1.933472, 0.197787, 0.414890, -0.197193, -2.029421, -0.489011]
  关节速度: [0.020348, -0.068885, -0.435000, 0.376775, -0.010118, -0.093633]
  关节加速度: [0.000000, -0.000000, -0.000000, 0.000000, -0.000000, -0.000000]

轨迹点 18:
  时间: 1.800000 秒
  关节位置: [-1.931437, 0.190899, 0.371390, -0.159516, -2.030432, -0.498375]
  关节速度: [0.020348, -0.068885, -0.435000, 0.376775, -0.010118, -0.093633]
  关节加速度: [0.000000, -0.000000, -0.000000, 0.000000, -0.000000, -0.000000]

轨迹点 19:
  时间: 1.900000 秒
  关节位置: [-1.929402, 0.184010, 0.327890, -0.121838, -2.031444, -0.507738]
  关节速度: [0.020348, -0.068885, -0.435000, 0.376775, -0.010118, -0.093633]
  关节加速度: [0.000000, -0.000000, -0.000000, 0.000000, -0.000000, -0.000000]

轨迹点 20:
  时间: 2.000000 秒
  关节位置: [-1.927367, 0.177122, 0.284390, -0.084161, -2.032456, -0.517101]
  关节速度: [0.020348, -0.068885, -0.435000, 0.376775, -0.010118, -0.093633]
  关节加速度: [0.000000, -0.000000, -0.000000, 0.000000, -0.000000, -0.000000]

轨迹点 21:
  时间: 2.100000 秒
  关节位置: [-1.925333, 0.170233, 0.240890, -0.046483, -2.033468, -0.526465]
  关节速度: [0.020348, -0.068885, -0.435000, 0.376775, -0.010118, -0.093633]
  关节加速度: [-0.000000, 0.000000, 0.000000, -0.000000, 0.000000, 0.000000]

轨迹点 22:
  时间: 2.200000 秒
  关节位置: [-1.923298, 0.163345, 0.197390, -0.008806, -2.034480, -0.535828]
  关节速度: [0.020348, -0.068885, -0.435000, 0.376775, -0.010118, -0.093633]
  关节加速度: [-0.000000, 0.000000, 0.000000, -0.000000, 0.000000, 0.000000]

轨迹点 23:
  时间: 2.300000 秒
  关节位置: [-1.921263, 0.156457, 0.153896, 0.028866, -2.035491, -0.545190]
  关节速度: [0.020161, -0.068251, -0.430999, 0.373309, -0.010025, -0.092772]
  关节加速度: [-0.058470, 0.197945, 1.250000, -1.082686, 0.029075, 0.269061]

轨迹点 24:
  时间: 2.400000 秒
  关节位置: [-1.919540, 0.150622, 0.117047, 0.060784, -2.036348, -0.553122]
  关节速度: [0.014313, -0.048457, -0.305999, 0.265041, -0.007118, -0.065866]
  关节加速度: [-0.058470, 0.197945, 1.250000, -1.082686, 0.029075, 0.269061]

轨迹点 25:
  时间: 2.500000 秒
  关节位置: [-1.918401, 0.146766, 0.092697, 0.081874, -2.036915, -0.558363]
  关节速度: [0.008466, -0.028662, -0.180999, 0.156772, -0.004210, -0.038960]
  关节加速度: [-0.058470, 0.197945, 1.250000, -1.082686, 0.029075, 0.269061]

轨迹点 26:
  时间: 2.600000 秒
  关节位置: [-1.917846, 0.144889, 0.080847, 0.092138, -2.037190, -0.560914]
  关节速度: [0.003289, -0.009510, -0.056188, 0.049752, -0.000603, -0.011746]
  关节加速度: [0.659678, -0.490683, 1.047692, 0.255610, 0.779455, 0.599532]

轨迹点 27:
  时间: 2.700000 秒
  关节位置: [-1.915550, 0.142829, 0.081430, 0.095446, -2.034701, -0.559562]
  关节速度: [0.019320, -0.010756, 0.062108, -0.017320, 0.025125, 0.025098]
  关节加速度: [-0.705964, 0.712710, 0.509832, -1.561054, -0.714918, -0.250254]

轨迹点 28:
  时间: 2.800000 秒
  关节位置: [-1.912816, 0.141671, 0.093387, 0.090495, -2.030914, -0.555250]
  关节速度: [0.041356, -0.017394, 0.181897, -0.075715, 0.057360, 0.065470]
  关节加速度: [0.284196, -0.119533, 1.250000, -0.520314, 0.394177, 0.449908]

轨迹点 29:
  时间: 2.900000 秒
  关节位置: [-1.907259, 0.139334, 0.117826, 0.080322, -2.023207, -0.546453]
  关节速度: [0.069775, -0.029347, 0.306897, -0.127746, 0.096777, 0.110460]
  关节加速度: [0.284196, -0.119533, 1.250000, -0.520314, 0.394177, 0.449908]

轨迹点 30:
  时间: 3.000000 秒
  关节位置: [-1.898861, 0.135801, 0.154766, 0.064946, -2.011558, -0.533158]
  关节速度: [0.098194, -0.041301, 0.431896, -0.179777, 0.136195, 0.155451]
  关节加速度: [0.284196, -0.119533, 1.250000, -0.520314, 0.394177, 0.449908]

轨迹点 31:
  时间: 3.100000 秒
  关节位置: [-1.888972, 0.131642, 0.198262, 0.046841, -1.997842, -0.517503]
  关节速度: [0.098900, -0.041597, 0.435000, -0.181069, 0.137174, 0.156568]
  关节加速度: [0.000000, -0.000000, 0.000000, -0.000000, 0.000000, 0.000000]

轨迹点 32:
  时间: 3.200000 秒
  关节位置: [-1.879082, 0.127482, 0.241762, 0.028734, -1.984125, -0.501846]
  关节速度: [0.098900, -0.041597, 0.435000, -0.181069, 0.137174, 0.156568]
  关节加速度: [0.000000, -0.000000, 0.000000, -0.000000, 0.000000, 0.000000]

轨迹点 33:
  时间: 3.300000 秒
  关节位置: [-1.869192, 0.123322, 0.285262, 0.010627, -1.970408, -0.486189]
  关节速度: [0.098900, -0.041597, 0.435000, -0.181069, 0.137174, 0.156568]
  关节加速度: [0.000000, -0.000000, 0.000000, -0.000000, 0.000000, 0.000000]

轨迹点 34:
  时间: 3.400000 秒
  关节位置: [-1.859302, 0.119163, 0.328762, -0.007480, -1.956690, -0.470532]
  关节速度: [0.098900, -0.041597, 0.435000, -0.181069, 0.137174, 0.156568]
  关节加速度: [0.000000, -0.000000, 0.000000, -0.000000, 0.000000, 0.000000]

轨迹点 35:
  时间: 3.500000 秒
  关节位置: [-1.849412, 0.115003, 0.372262, -0.025587, -1.942973, -0.454875]
  关节速度: [0.098900, -0.041597, 0.435000, -0.181069, 0.137174, 0.156568]
  关节加速度: [0.000000, -0.000000, 0.000000, -0.000000, 0.000000, 0.000000]

轨迹点 36:
  时间: 3.600000 秒
  关节位置: [-1.839522, 0.110843, 0.415762, -0.043694, -1.929256, -0.439219]
  关节速度: [0.098900, -0.041597, 0.435000, -0.181069, 0.137174, 0.156568]
  关节加速度: [0.000000, -0.000000, 0.000000, -0.000000, 0.000000, 0.000000]

轨迹点 37:
  时间: 3.700000 秒
  关节位置: [-1.829632, 0.106683, 0.459262, -0.061801, -1.915538, -0.423562]
  关节速度: [0.098900, -0.041597, 0.435000, -0.181069, 0.137174, 0.156568]
  关节加速度: [0.000000, -0.000000, 0.000000, -0.000000, 0.000000, 0.000000]

轨迹点 38:
  时间: 3.800000 秒
  关节位置: [-1.819742, 0.102524, 0.502762, -0.079908, -1.901821, -0.407905]
  关节速度: [0.098900, -0.041597, 0.435000, -0.181069, 0.137174, 0.156568]
  关节加速度: [0.000000, -0.000000, 0.000000, -0.000000, 0.000000, 0.000000]

轨迹点 39:
  时间: 3.900000 秒
  关节位置: [-1.809852, 0.098364, 0.546262, -0.098015, -1.888103, -0.392248]
  关节速度: [0.098900, -0.041597, 0.435000, -0.181069, 0.137174, 0.156568]
  关节加速度: [0.000000, -0.000000, 0.000000, -0.000000, 0.000000, 0.000000]

轨迹点 40:
  时间: 4.000000 秒
  关节位置: [-1.799962, 0.094204, 0.589762, -0.116122, -1.874386, -0.376591]
  关节速度: [0.098900, -0.041597, 0.435000, -0.181069, 0.137174, 0.156568]
  关节加速度: [0.000000, -0.000000, 0.000000, -0.000000, 0.000000, 0.000000]

轨迹点 41:
  时间: 4.100000 秒
  关节位置: [-1.790072, 0.090044, 0.633262, -0.134229, -1.860669, -0.360935]
  关节速度: [0.098900, -0.041597, 0.435000, -0.181069, 0.137174, 0.156568]
  关节加速度: [0.000000, -0.000000, 0.000000, -0.000000, 0.000000, 0.000000]

轨迹点 42:
  时间: 4.200000 秒
  关节位置: [-1.780181, 0.085885, 0.676762, -0.152336, -1.846951, -0.345278]
  关节速度: [0.098900, -0.041597, 0.435000, -0.181069, 0.137174, 0.156568]
  关节加速度: [0.000000, -0.000000, 0.000000, -0.000000, 0.000000, 0.000000]

轨迹点 43:
  时间: 4.300000 秒
  关节位置: [-1.770291, 0.081725, 0.720262, -0.170443, -1.833234, -0.329621]
  关节速度: [0.098900, -0.041597, 0.435000, -0.181069, 0.137174, 0.156568]
  关节加速度: [0.000000, -0.000000, 0.000000, -0.000000, 0.000000, 0.000000]

轨迹点 44:
  时间: 4.400000 秒
  关节位置: [-1.760401, 0.077565, 0.763762, -0.188549, -1.819517, -0.313964]
  关节速度: [0.098900, -0.041597, 0.435000, -0.181069, 0.137174, 0.156568]
  关节加速度: [0.000000, -0.000000, 0.000000, -0.000000, 0.000000, 0.000000]

轨迹点 45:
  时间: 4.500000 秒
  关节位置: [-1.750511, 0.073406, 0.807262, -0.206656, -1.805799, -0.298308]
  关节速度: [0.098900, -0.041597, 0.435000, -0.181069, 0.137174, 0.156568]
  关节加速度: [0.000000, -0.000000, 0.000000, -0.000000, 0.000000, 0.000000]

轨迹点 46:
  时间: 4.600000 秒
  关节位置: [-1.740621, 0.069246, 0.850762, -0.224763, -1.792082, -0.282651]
  关节速度: [0.098900, -0.041597, 0.435000, -0.181069, 0.137174, 0.156568]
  关节加速度: [0.000000, -0.000000, 0.000000, -0.000000, 0.000000, 0.000000]

轨迹点 47:
  时间: 4.700000 秒
  关节位置: [-1.730731, 0.065086, 0.894262, -0.242870, -1.778365, -0.266994]
  关节速度: [0.098900, -0.041597, 0.435000, -0.181069, 0.137174, 0.156568]
  关节加速度: [0.000000, -0.000000, 0.000000, -0.000000, 0.000000, 0.000000]

轨迹点 48:
  时间: 4.800000 秒
  关节位置: [-1.720841, 0.060926, 0.937762, -0.260977, -1.764647, -0.251337]
  关节速度: [0.098900, -0.041597, 0.435000, -0.181069, 0.137174, 0.156568]
  关节加速度: [0.000000, -0.000000, 0.000000, -0.000000, 0.000000, 0.000000]

轨迹点 49:
  时间: 4.900000 秒
  关节位置: [-1.710951, 0.056767, 0.981262, -0.279084, -1.750930, -0.235680]
  关节速度: [0.098900, -0.041597, 0.435000, -0.181069, 0.137174, 0.156568]
  关节加速度: [0.000000, -0.000000, 0.000000, -0.000000, 0.000000, 0.000000]

轨迹点 50:
  时间: 5.000000 秒
  关节位置: [-1.701061, 0.052607, 1.024762, -0.297191, -1.737213, -0.220024]
  关节速度: [0.098900, -0.041597, 0.435000, -0.181069, 0.137174, 0.156568]
  关节加速度: [0.000000, -0.000000, 0.000000, -0.000000, 0.000000, 0.000000]

轨迹点 51:
  时间: 5.100000 秒
  关节位置: [-1.691171, 0.048447, 1.068262, -0.315298, -1.723495, -0.204367]
  关节速度: [0.098900, -0.041597, 0.435000, -0.181069, 0.137174, 0.156568]
  关节加速度: [0.000000, -0.000000, 0.000000, -0.000000, 0.000000, 0.000000]

轨迹点 52:
  时间: 5.200000 秒
  关节位置: [-1.681281, 0.044287, 1.111762, -0.333405, -1.709778, -0.188710]
  关节速度: [0.098900, -0.041597, 0.435000, -0.181069, 0.137174, 0.156568]
  关节加速度: [0.000000, -0.000000, 0.000000, -0.000000, 0.000000, 0.000000]

轨迹点 53:
  时间: 5.300000 秒
  关节位置: [-1.671391, 0.040128, 1.155262, -0.351512, -1.696060, -0.173053]
  关节速度: [0.098900, -0.041597, 0.435000, -0.181069, 0.137174, 0.156568]
  关节加速度: [0.000000, -0.000000, 0.000000, -0.000000, 0.000000, 0.000000]

轨迹点 54:
  时间: 5.400000 秒
  关节位置: [-1.661501, 0.035968, 1.198762, -0.369619, -1.682343, -0.157396]
  关节速度: [0.098900, -0.041597, 0.435000, -0.181069, 0.137174, 0.156568]
  关节加速度: [0.000000, -0.000000, 0.000000, -0.000000, 0.000000, 0.000000]

轨迹点 55:
  时间: 5.500000 秒
  关节位置: [-1.651611, 0.031808, 1.242262, -0.387726, -1.668626, -0.141740]
  关节速度: [0.098900, -0.041597, 0.435000, -0.181069, 0.137174, 0.156568]
  关节加速度: [0.000000, -0.000000, 0.000000, -0.000000, 0.000000, 0.000000]

轨迹点 56:
  时间: 5.600000 秒
  关节位置: [-1.641721, 0.027648, 1.285762, -0.405833, -1.654908, -0.126083]
  关节速度: [0.098900, -0.041597, 0.435000, -0.181069, 0.137174, 0.156568]
  关节加速度: [0.000000, -0.000000, 0.000000, -0.000000, 0.000000, 0.000000]

轨迹点 57:
  时间: 5.700000 秒
  关节位置: [-1.631831, 0.023489, 1.329262, -0.423940, -1.641191, -0.110426]
  关节速度: [0.098900, -0.041597, 0.435000, -0.181069, 0.137174, 0.156568]
  关节加速度: [0.000000, -0.000000, 0.000000, -0.000000, 0.000000, 0.000000]

轨迹点 58:
  时间: 5.800000 秒
  关节位置: [-1.621941, 0.019329, 1.372762, -0.442047, -1.627474, -0.094769]
  关节速度: [0.098900, -0.041597, 0.435000, -0.181069, 0.137174, 0.156568]
  关节加速度: [0.000000, -0.000000, 0.000000, -0.000000, 0.000000, 0.000000]

轨迹点 59:
  时间: 5.900000 秒
  关节位置: [-1.612051, 0.015169, 1.416262, -0.460154, -1.613756, -0.079112]
  关节速度: [0.098900, -0.041597, 0.435000, -0.181069, 0.137174, 0.156568]
  关节加速度: [0.000000, -0.000000, 0.000000, -0.000000, 0.000000, 0.000000]

轨迹点 60:
  时间: 6.000000 秒
  关节位置: [-1.602161, 0.011009, 1.459762, -0.478261, -1.600039, -0.063456]
  关节速度: [0.098900, -0.041597, 0.435000, -0.181069, 0.137174, 0.156568]
  关节加速度: [0.000000, -0.000000, 0.000000, -0.000000, 0.000000, 0.000000]

轨迹点 61:
  时间: 6.100000 秒
  关节位置: [-1.592309, 0.006865, 1.503097, -0.496299, -1.586374, -0.047858]
  关节速度: [0.094279, -0.039654, 0.414672, -0.172608, 0.130763, 0.149251]
  关节加速度: [-0.284196, 0.119533, -1.250000, 0.520314, -0.394177, -0.449908]

轨迹点 62:
  时间: 6.200000 秒
  关节位置: [-1.584302, 0.003498, 1.538314, -0.510958, -1.575268, -0.035183]
  关节速度: [0.065859, -0.027700, 0.289672, -0.120577, 0.091346, 0.104261]
  关节加速度: [-0.284196, 0.119533, -1.250000, 0.520314, -0.394177, -0.449908]

轨迹点 63:
  时间: 6.300000 秒
  关节位置: [-1.579137, 0.001325, 1.561031, -0.520414, -1.568105, -0.027006]
  关节速度: [0.037439, -0.015747, 0.164672, -0.068545, 0.051928, 0.059270]
  关节加速度: [-0.284196, 0.119533, -1.250000, 0.520314, -0.394177, -0.449908]

轨迹点 64:
  时间: 6.400000 秒
  关节位置: [-1.576814, 0.000348, 1.571248, -0.524667, -1.564883, -0.023329]
  关节速度: [0.009020, -0.003794, 0.039672, -0.016514, 0.012510, 0.014279]
  关节加速度: [-0.284196, 0.119533, -1.250000, 0.520314, -0.394177, -0.449908]

轨迹点 65:
  时间: 6.431738 秒
  关节位置: [-1.576671, 0.000288, 1.571878, -0.524929, -1.564684, -0.023102]
  关节速度: [-0.000000, 0.000000, -0.000000, 0.000000, -0.000000, -0.000000]
  关节加速度: [-0.284196, 0.119533, -1.250000, 0.520314, -0.394177, -0.449908]

