详细轨迹分析报告
====================
轨迹点数: 36
轨迹总时间: 3.434 秒
关节名称: 
  0: joint1
  1: joint2
  2: joint3
  3: joint4
  4: joint5
  5: joint6

详细轨迹点信息:
================
轨迹点 0:
  时间: 0.000000 秒
  关节位置: [-1.964522, 0.302905, 1.078700, -0.772151, -2.013980, -0.346127]
  关节速度: [-0.000000, -0.000000, 0.000000, 0.000000, 0.000000, 0.000000]
  关节加速度: [0.000000, 0.000000, 0.000000, 0.000000, 0.000000, 0.000000]

轨迹点 1:
  时间: 0.100000 秒
  关节位置: [-1.964812, 0.298218, 1.081106, -0.771142, -2.012305, -0.344857]
  关节速度: [-0.005793, -0.093750, 0.048121, 0.020178, 0.033499, 0.025400]
  关节加速度: [-0.057931, -0.937500, 0.481211, 0.201780, 0.334990, 0.254002]

轨迹点 2:
  时间: 0.200000 秒
  关节位置: [-1.965681, 0.284155, 1.088324, -0.768115, -2.007281, -0.341047]
  关节速度: [-0.011586, -0.187500, 0.096242, 0.040356, 0.066998, 0.050800]
  关节加速度: [-0.057931, -0.937500, 0.481211, 0.201780, 0.334990, 0.254002]

轨迹点 3:
  时间: 0.300000 秒
  关节位置: [-1.967129, 0.260718, 1.100354, -0.763071, -1.998906, -0.334697]
  关节速度: [-0.017379, -0.281250, 0.144363, 0.060534, 0.100497, 0.076201]
  关节加速度: [-0.057931, -0.937500, 0.481211, 0.201780, 0.334990, 0.254002]

轨迹点 4:
  时间: 0.400000 秒
  关节位置: [-1.969157, 0.227905, 1.117197, -0.756008, -1.987181, -0.325807]
  关节速度: [-0.023172, -0.375000, 0.192484, 0.080712, 0.133996, 0.101601]
  关节加速度: [-0.057931, -0.937500, 0.481211, 0.201780, 0.334990, 0.254002]

轨迹点 5:
  时间: 0.500000 秒
  关节位置: [-1.971726, 0.186325, 1.138539, -0.747059, -1.972324, -0.314541]
  关节速度: [-0.026880, -0.435000, 0.223282, 0.093626, 0.155435, 0.117857]
  关节加速度: [0.000000, 0.000000, -0.000000, -0.000000, -0.000000, -0.000000]

轨迹点 6:
  时间: 0.600000 秒
  关节位置: [-1.974414, 0.142825, 1.160867, -0.737697, -1.956780, -0.302755]
  关节速度: [-0.026880, -0.435000, 0.223282, 0.093626, 0.155435, 0.117857]
  关节加速度: [0.000000, 0.000000, -0.000000, -0.000000, -0.000000, -0.000000]

轨迹点 7:
  时间: 0.700000 秒
  关节位置: [-1.977102, 0.099325, 1.183196, -0.728334, -1.941237, -0.290970]
  关节速度: [-0.026880, -0.435000, 0.223282, 0.093626, 0.155435, 0.117857]
  关节加速度: [0.000000, 0.000000, -0.000000, -0.000000, -0.000000, -0.000000]

轨迹点 8:
  时间: 0.800000 秒
  关节位置: [-1.979790, 0.055825, 1.205524, -0.718971, -1.925693, -0.279184]
  关节速度: [-0.026880, -0.435000, 0.223282, 0.093626, 0.155435, 0.117857]
  关节加速度: [0.000000, 0.000000, -0.000000, -0.000000, -0.000000, -0.000000]

轨迹点 9:
  时间: 0.900000 秒
  关节位置: [-1.982478, 0.012325, 1.227852, -0.709609, -1.910150, -0.267398]
  关节速度: [-0.026880, -0.435000, 0.223282, 0.093626, 0.155435, 0.117857]
  关节加速度: [0.000000, 0.000000, -0.000000, -0.000000, -0.000000, -0.000000]

轨迹点 10:
  时间: 1.000000 秒
  关节位置: [-1.985166, -0.031175, 1.250180, -0.700246, -1.894606, -0.255613]
  关节速度: [-0.026880, -0.435000, 0.223282, 0.093626, 0.155435, 0.117857]
  关节加速度: [-0.000000, -0.000000, 0.000000, 0.000000, 0.000000, 0.000000]

轨迹点 11:
  时间: 1.100000 秒
  关节位置: [-1.987854, -0.074675, 1.272508, -0.690884, -1.879063, -0.243827]
  关节速度: [-0.026880, -0.435000, 0.223282, 0.093626, 0.155435, 0.117857]
  关节加速度: [-0.000000, -0.000000, 0.000000, 0.000000, 0.000000, 0.000000]

轨迹点 12:
  时间: 1.200000 秒
  关节位置: [-1.990542, -0.118175, 1.294836, -0.681521, -1.863519, -0.232041]
  关节速度: [-0.026880, -0.435000, 0.223282, 0.093626, 0.155435, 0.117857]
  关节加速度: [0.000000, 0.000000, -0.000000, -0.000000, -0.000000, -0.000000]

轨迹点 13:
  时间: 1.300000 秒
  关节位置: [-1.993230, -0.161675, 1.317165, -0.672158, -1.847976, -0.220256]
  关节速度: [-0.026880, -0.435000, 0.223282, 0.093626, 0.155435, 0.117857]
  关节加速度: [0.000000, 0.000000, -0.000000, -0.000000, -0.000000, -0.000000]

轨迹点 14:
  时间: 1.400000 秒
  关节位置: [-1.995918, -0.205175, 1.339493, -0.662796, -1.832432, -0.208470]
  关节速度: [-0.026880, -0.435000, 0.223282, 0.093626, 0.155435, 0.117857]
  关节加速度: [0.000000, 0.000000, -0.000000, -0.000000, -0.000000, -0.000000]

轨迹点 15:
  时间: 1.500000 秒
  关节位置: [-1.998606, -0.248675, 1.361821, -0.653433, -1.816889, -0.196684]
  关节速度: [-0.026880, -0.435000, 0.223282, 0.093626, 0.155435, 0.117857]
  关节加速度: [0.000000, 0.000000, -0.000000, -0.000000, -0.000000, -0.000000]

轨迹点 16:
  时间: 1.600000 秒
  关节位置: [-2.001294, -0.292175, 1.384149, -0.644071, -1.801345, -0.184899]
  关节速度: [-0.026880, -0.435000, 0.223282, 0.093626, 0.155435, 0.117857]
  关节加速度: [0.000000, 0.000000, -0.000000, -0.000000, -0.000000, -0.000000]

轨迹点 17:
  时间: 1.700000 秒
  关节位置: [-2.003696, -0.331042, 1.404099, -0.635705, -1.787457, -0.174368]
  关节速度: [-0.021121, -0.341800, 0.175443, 0.073566, 0.122133, 0.092606]
  关节加速度: [0.057931, 0.937500, -0.481211, -0.201780, -0.334990, -0.254002]

轨迹点 18:
  时间: 1.800000 秒
  关节位置: [-2.005518, -0.360535, 1.419238, -0.629357, -1.776919, -0.166377]
  关节速度: [-0.015328, -0.248050, 0.127322, 0.053388, 0.088634, 0.067205]
  关节加速度: [0.057931, 0.937500, -0.481211, -0.201780, -0.334990, -0.254002]

轨迹点 19:
  时间: 1.900000 秒
  关节位置: [-2.003629, -0.380695, 1.432184, -0.623627, -1.767087, -0.159063]
  关节速度: [0.058278, -0.154825, 0.135707, 0.063441, 0.112204, 0.082035]
  关节加速度: [0.705129, 0.936844, 0.055622, 0.085677, 0.207889, 0.128601]

轨迹点 20:
  时间: 2.000000 秒
  关节位置: [-1.994684, -0.391492, 1.445693, -0.617036, -1.755170, -0.150459]
  关节速度: [0.116872, -0.061106, 0.131370, 0.066709, 0.122985, 0.087841]
  关节加速度: [0.479058, 0.937326, -0.132040, -0.014796, 0.018154, -0.005123]

轨迹点 21:
  时间: 2.100000 秒
  关节位置: [-1.980933, -0.392915, 1.457896, -0.610586, -1.743058, -0.141896]
  关节速度: [0.154942, 0.032638, 0.110007, 0.060860, 0.116551, 0.081514]
  关节加速度: [0.285084, 0.937441, -0.292890, -0.100930, -0.144520, -0.119769]

轨迹点 22:
  时间: 2.200000 秒
  关节位置: [-1.964351, -0.384965, 1.467152, -0.605155, -1.732409, -0.134543]
  关节速度: [0.173200, 0.126367, 0.072230, 0.046221, 0.093510, 0.063485]
  关节加速度: [0.075074, 0.937188, -0.466824, -0.194094, -0.320489, -0.243777]

轨迹点 23:
  时间: 2.300000 秒
  关节位置: [-1.945753, -0.367642, 1.472789, -0.601102, -1.723904, -0.128880]
  关节速度: [0.221523, 0.220091, 0.059377, 0.044928, 0.095679, 0.063222]
  关节加速度: [0.943600, 0.937500, 0.252921, 0.191377, 0.407555, 0.269302]

轨迹点 24:
  时间: 2.400000 秒
  关节位置: [-1.918883, -0.340946, 1.479991, -0.595653, -1.712298, -0.121211]
  关节速度: [0.315883, 0.313841, 0.084669, 0.064066, 0.136435, 0.090152]
  关节加速度: [0.943600, 0.937500, 0.252921, 0.191377, 0.407555, 0.269302]

轨迹点 25:
  时间: 2.500000 秒
  关节位置: [-1.882577, -0.304874, 1.489723, -0.588289, -1.696617, -0.110849]
  关节速度: [0.410243, 0.407591, 0.109961, 0.083204, 0.177190, 0.117083]
  关节加速度: [0.943600, 0.937500, 0.252921, 0.191377, 0.407555, 0.269302]

轨迹点 26:
  时间: 2.600000 秒
  关节位置: [-1.839402, -0.261978, 1.501295, -0.579533, -1.677969, -0.098527]
  关节速度: [0.435000, 0.432188, 0.116597, 0.088225, 0.187883, 0.124148]
  关节加速度: [-0.000000, -0.000000, -0.000000, -0.000000, -0.000000, -0.000000]

轨迹点 27:
  时间: 2.700000 秒
  关节位置: [-1.795902, -0.218760, 1.512955, -0.570710, -1.659181, -0.086112]
  关节速度: [0.435000, 0.432188, 0.116597, 0.088225, 0.187883, 0.124148]
  关节加速度: [-0.000000, -0.000000, -0.000000, -0.000000, -0.000000, -0.000000]

轨迹点 28:
  时间: 2.800000 秒
  关节位置: [-1.752402, -0.175541, 1.524615, -0.561888, -1.640392, -0.073698]
  关节速度: [0.435000, 0.432188, 0.116597, 0.088225, 0.187883, 0.124148]
  关节加速度: [-0.000000, -0.000000, -0.000000, -0.000000, -0.000000, -0.000000]

轨迹点 29:
  时间: 2.900000 秒
  关节位置: [-1.708902, -0.132322, 1.536274, -0.553065, -1.621604, -0.061283]
  关节速度: [0.435000, 0.432188, 0.116597, 0.088225, 0.187883, 0.124148]
  关节加速度: [-0.000000, -0.000000, -0.000000, -0.000000, -0.000000, -0.000000]

轨迹点 30:
  时间: 3.000000 秒
  关节位置: [-1.665738, -0.089437, 1.547844, -0.544311, -1.602961, -0.048964]
  关节速度: [0.409808, 0.407159, 0.109844, 0.083116, 0.177002, 0.116958]
  关节加速度: [-0.943600, -0.937500, -0.252921, -0.191377, -0.407555, -0.269302]

轨迹点 31:
  时间: 3.100000 秒
  关节位置: [-1.629475, -0.053409, 1.557564, -0.536956, -1.587299, -0.038615]
  关节速度: [0.315448, 0.313409, 0.084552, 0.063978, 0.136247, 0.090028]
  关节加速度: [-0.943600, -0.937500, -0.252921, -0.191377, -0.407555, -0.269302]

轨迹点 32:
  时间: 3.200000 秒
  关节位置: [-1.602648, -0.026756, 1.564754, -0.531515, -1.575712, -0.030958]
  关节速度: [0.221088, 0.219659, 0.059260, 0.044840, 0.095491, 0.063098]
  关节加速度: [-0.943600, -0.937500, -0.252921, -0.191377, -0.407555, -0.269302]

轨迹点 33:
  时间: 3.300000 秒
  关节位置: [-1.585258, -0.009477, 1.569416, -0.527988, -1.568200, -0.025995]
  关节速度: [0.126728, 0.125909, 0.033968, 0.025702, 0.054736, 0.036168]
  关节加速度: [-0.943600, -0.937500, -0.252921, -0.191377, -0.407555, -0.269302]

轨迹点 34:
  时间: 3.400000 秒
  关节位置: [-1.577303, -0.001574, 1.571548, -0.526375, -1.564765, -0.023725]
  关节速度: [0.032368, 0.032159, 0.008676, 0.006565, 0.013980, 0.009238]
  关节加速度: [-0.943600, -0.937500, -0.252921, -0.191377, -0.407555, -0.269302]

轨迹点 35:
  时间: 3.434302 秒
  关节位置: [-1.576748, -0.001022, 1.571697, -0.526262, -1.564525, -0.023566]
  关节速度: [0.000000, 0.000000, 0.000000, 0.000000, 0.000000, 0.000000]
  关节加速度: [-0.943600, -0.937500, -0.252921, -0.191377, -0.407555, -0.269302]

