详细轨迹分析报告
====================
轨迹点数: 44
轨迹总时间: 4.201 秒
关节名称: 
  0: joint1
  1: joint2
  2: joint3
  3: joint4
  4: joint5
  5: joint6

详细轨迹点信息:
================
轨迹点 0:
  时间: 0.000000 秒
  关节位置: [-1.576125, -0.000587, 1.573132, -0.524806, -1.563212, -0.023405]
  关节速度: [-0.000000, -0.000000, 0.000000, -0.000000, -0.000000, -0.000000]
  关节加速度: [0.000000, 0.000000, 0.000000, 0.000000, 0.000000, 0.000000]

轨迹点 1:
  时间: 0.100000 秒
  关节位置: [-1.580973, -0.002581, 1.575666, -0.532618, -1.568126, -0.031227]
  关节速度: [-0.096971, -0.039897, 0.050682, -0.156250, -0.098283, -0.156443]
  关节加速度: [-0.969713, -0.398966, 0.506815, -1.562500, -0.982831, -1.564434]

轨迹点 2:
  时间: 0.200000 秒
  关节位置: [-1.595519, -0.008566, 1.583268, -0.556056, -1.582868, -0.054693]
  关节速度: [-0.193941, -0.079793, 0.101362, -0.312497, -0.196564, -0.312884]
  关节加速度: [-0.969713, -0.398966, 0.506815, -1.562500, -0.982831, -1.564434]

轨迹点 3:
  时间: 0.300000 秒
  关节位置: [-1.619535, -0.018447, 1.595820, -0.594753, -1.607209, -0.093439]
  关节速度: [-0.269968, -0.111072, 0.141097, -0.435000, -0.273620, -0.435538]
  关节加速度: [-0.000000, -0.000000, 0.000000, -0.000000, -0.000000, -0.000000]

轨迹点 4:
  时间: 0.400000 秒
  关节位置: [-1.646532, -0.029554, 1.609930, -0.638253, -1.634571, -0.136993]
  关节速度: [-0.269968, -0.111072, 0.141097, -0.435000, -0.273620, -0.435538]
  关节加速度: [0.000000, 0.000000, -0.000000, 0.000000, 0.000000, 0.000000]

轨迹点 5:
  时间: 0.500000 秒
  关节位置: [-1.673529, -0.040661, 1.624040, -0.681753, -1.661933, -0.180546]
  关节速度: [-0.269968, -0.111072, 0.141097, -0.435000, -0.273620, -0.435538]
  关节加速度: [-0.000000, -0.000000, 0.000000, -0.000000, -0.000000, -0.000000]

轨迹点 6:
  时间: 0.600000 秒
  关节位置: [-1.699831, -0.051483, 1.637787, -0.724134, -1.688591, -0.222980]
  关节速度: [-0.233262, -0.095970, 0.121913, -0.375856, -0.236418, -0.376321]
  关节加速度: [0.969713, 0.398966, -0.506815, 1.562500, 0.982831, 1.564434]

轨迹点 7:
  时间: 0.700000 秒
  关节位置: [-1.718309, -0.059085, 1.647444, -0.753907, -1.707319, -0.252790]
  关节速度: [-0.136291, -0.056074, 0.071232, -0.219606, -0.138135, -0.219878]
  关节加速度: [0.969713, 0.398966, -0.506815, 1.562500, 0.982831, 1.564434]

轨迹点 8:
  时间: 0.800000 秒
  关节位置: [-1.727627, -0.062379, 1.652361, -0.769422, -1.716798, -0.267640]
  关节速度: [-0.069149, 0.002359, 0.038836, -0.139974, -0.072045, -0.101150]
  关节加速度: [0.165247, 0.937494, -0.010287, -0.539590, 0.112164, 0.560331]

轨迹点 9:
  时间: 0.900000 秒
  关节位置: [-1.734179, -0.057839, 1.656418, -0.786684, -1.723898, -0.275766]
  关节速度: [-0.079931, 0.078374, 0.051510, -0.231908, -0.088091, -0.091367]
  关节加速度: [-0.538544, 0.528050, 0.347056, -1.562500, -0.593521, -0.615591]

轨迹点 10:
  时间: 1.000000 秒
  关节位置: [-1.744865, -0.047362, 1.663305, -0.817687, -1.735675, -0.287981]
  关节速度: [-0.133785, 0.131179, 0.086216, -0.388157, -0.147443, -0.152926]
  关节加速度: [-0.538544, 0.528050, 0.347056, -1.562500, -0.593521, -0.615591]

轨迹点 11:
  时间: 1.100000 秒
  关节位置: [-1.759616, -0.032898, 1.672811, -0.860485, -1.751932, -0.304842]
  关节速度: [-0.149931, 0.147009, 0.096620, -0.435000, -0.165236, -0.171381]
  关节加速度: [0.000000, -0.000000, -0.000000, 0.000000, 0.000000, 0.000000]

轨迹点 12:
  时间: 1.200000 秒
  关节位置: [-1.774609, -0.018197, 1.682473, -0.903985, -1.768456, -0.321980]
  关节速度: [-0.149931, 0.147009, 0.096620, -0.435000, -0.165236, -0.171381]
  关节加速度: [0.000000, -0.000000, -0.000000, 0.000000, 0.000000, 0.000000]

轨迹点 13:
  时间: 1.300000 秒
  关节位置: [-1.789602, -0.003496, 1.692135, -0.947485, -1.784979, -0.339118]
  关节速度: [-0.149931, 0.147009, 0.096620, -0.435000, -0.165236, -0.171381]
  关节加速度: [0.000000, -0.000000, -0.000000, 0.000000, 0.000000, 0.000000]

轨迹点 14:
  时间: 1.400000 秒
  关节位置: [-1.804595, 0.011205, 1.701797, -0.990985, -1.801503, -0.356256]
  关节速度: [-0.149931, 0.147009, 0.096620, -0.435000, -0.165236, -0.171381]
  关节加速度: [0.000000, -0.000000, -0.000000, 0.000000, 0.000000, 0.000000]

轨迹点 15:
  时间: 1.500000 秒
  关节位置: [-1.819588, 0.025906, 1.711459, -1.034485, -1.818026, -0.373394]
  关节速度: [-0.149931, 0.147009, 0.096620, -0.435000, -0.165236, -0.171381]
  关节加速度: [0.000000, -0.000000, -0.000000, 0.000000, 0.000000, 0.000000]

轨迹点 16:
  时间: 1.600000 秒
  关节位置: [-1.834581, 0.040606, 1.721121, -1.077985, -1.834550, -0.390532]
  关节速度: [-0.149931, 0.147009, 0.096620, -0.435000, -0.165236, -0.171381]
  关节加速度: [0.000000, -0.000000, -0.000000, 0.000000, 0.000000, 0.000000]

轨迹点 17:
  时间: 1.700000 秒
  关节位置: [-1.849574, 0.055307, 1.730783, -1.121485, -1.851074, -0.407670]
  关节速度: [-0.149931, 0.147009, 0.096620, -0.435000, -0.165236, -0.171381]
  关节加速度: [0.000000, -0.000000, -0.000000, 0.000000, 0.000000, 0.000000]

轨迹点 18:
  时间: 1.800000 秒
  关节位置: [-1.864567, 0.070008, 1.740445, -1.164985, -1.867597, -0.424808]
  关节速度: [-0.149931, 0.147009, 0.096620, -0.435000, -0.165236, -0.171381]
  关节加速度: [0.000000, -0.000000, -0.000000, 0.000000, 0.000000, 0.000000]

轨迹点 19:
  时间: 1.900000 秒
  关节位置: [-1.879560, 0.084709, 1.750107, -1.208485, -1.884121, -0.441947]
  关节速度: [-0.149931, 0.147009, 0.096620, -0.435000, -0.165236, -0.171381]
  关节加速度: [0.000000, -0.000000, -0.000000, 0.000000, 0.000000, 0.000000]

轨迹点 20:
  时间: 2.000000 秒
  关节位置: [-1.894553, 0.099410, 1.759769, -1.251985, -1.900644, -0.459085]
  关节速度: [-0.149931, 0.147009, 0.096620, -0.435000, -0.165236, -0.171381]
  关节加速度: [0.000000, -0.000000, -0.000000, 0.000000, 0.000000, 0.000000]

轨迹点 21:
  时间: 2.100000 秒
  关节位置: [-1.909546, 0.114111, 1.769431, -1.295485, -1.917168, -0.476223]
  关节速度: [-0.149931, 0.147009, 0.096620, -0.435000, -0.165236, -0.171381]
  关节加速度: [-0.000000, 0.000000, 0.000000, -0.000000, -0.000000, -0.000000]

轨迹点 22:
  时间: 2.200000 秒
  关节位置: [-1.924539, 0.128812, 1.779093, -1.338985, -1.933692, -0.493361]
  关节速度: [-0.149931, 0.147009, 0.096620, -0.435000, -0.165236, -0.171381]
  关节加速度: [-0.000000, 0.000000, 0.000000, -0.000000, -0.000000, -0.000000]

轨迹点 23:
  时间: 2.300000 秒
  关节位置: [-1.939532, 0.143513, 1.788755, -1.382485, -1.950215, -0.510499]
  关节速度: [-0.149931, 0.147009, 0.096620, -0.435000, -0.165236, -0.171381]
  关节加速度: [-0.000000, 0.000000, 0.000000, -0.000000, -0.000000, -0.000000]

轨迹点 24:
  时间: 2.400000 秒
  关节位置: [-1.952614, 0.156340, 1.797186, -1.420441, -1.964633, -0.525453]
  关节速度: [-0.104564, 0.102526, 0.067384, -0.303375, -0.115238, -0.119523]
  关节加速度: [0.538544, -0.528050, -0.347056, 1.562500, 0.593521, 0.615591]

轨迹点 25:
  时间: 2.500000 秒
  关节位置: [-1.960292, 0.164270, 1.802168, -1.443089, -1.973120, -0.534093]
  关节速度: [-0.044471, 0.080103, 0.031797, -0.162906, -0.051366, -0.038576]
  关节加速度: [0.633209, 0.930241, -0.274708, 0.397302, 0.597776, 1.244733]

轨迹点 26:
  时间: 2.600000 秒
  关节位置: [-1.962009, 0.176949, 1.804220, -1.458278, -1.975722, -0.532364]
  关节速度: [-0.000504, 0.173564, 0.015204, -0.162120, -0.011722, 0.057548]
  关节加速度: [-0.002725, 0.937500, 0.082126, -0.875681, -0.063316, 0.310843]

轨迹点 27:
  时间: 2.700000 秒
  关节位置: [-1.962074, 0.198992, 1.806151, -1.478868, -1.977211, -0.525055]
  关节速度: [-0.000777, 0.267314, 0.023417, -0.249687, -0.018054, 0.088632]
  关节加速度: [-0.002725, 0.937500, 0.082126, -0.875681, -0.063316, 0.310843]

轨迹点 28:
  时间: 2.800000 秒
  关节位置: [-1.962165, 0.230411, 1.808903, -1.508216, -1.979333, -0.514638]
  关节速度: [-0.001049, 0.361064, 0.031629, -0.337255, -0.024385, 0.119716]
  关节加速度: [-0.002725, 0.937500, 0.082126, -0.875681, -0.063316, 0.310843]

轨迹点 29:
  时间: 2.900000 秒
  关节位置: [-1.962283, 0.270996, 1.812459, -1.546124, -1.982074, -0.501181]
  关节速度: [-0.001264, 0.435000, 0.038106, -0.406316, -0.029379, 0.144231]
  关节加速度: [0.000000, -0.000000, -0.000000, 0.000000, 0.000000, -0.000000]

轨迹点 30:
  时间: 3.000000 秒
  关节位置: [-1.962409, 0.314496, 1.816269, -1.586755, -1.985012, -0.486758]
  关节速度: [-0.001264, 0.435000, 0.038106, -0.406316, -0.029379, 0.144231]
  关节加速度: [-0.000000, 0.000000, 0.000000, -0.000000, -0.000000, 0.000000]

轨迹点 31:
  时间: 3.100000 秒
  关节位置: [-1.962536, 0.357996, 1.820080, -1.627387, -1.987950, -0.472335]
  关节速度: [-0.001264, 0.435000, 0.038106, -0.406316, -0.029379, 0.144231]
  关节加速度: [0.000000, -0.000000, -0.000000, 0.000000, 0.000000, -0.000000]

轨迹点 32:
  时间: 3.200000 秒
  关节位置: [-1.962662, 0.401496, 1.823891, -1.668019, -1.990888, -0.457912]
  关节速度: [-0.001264, 0.435000, 0.038106, -0.406316, -0.029379, 0.144231]
  关节加速度: [0.000000, -0.000000, -0.000000, 0.000000, 0.000000, -0.000000]

轨迹点 33:
  时间: 3.300000 秒
  关节位置: [-1.962789, 0.444996, 1.827701, -1.708650, -1.993826, -0.443489]
  关节速度: [-0.001264, 0.435000, 0.038106, -0.406316, -0.029379, 0.144231]
  关节加速度: [0.000000, -0.000000, -0.000000, 0.000000, 0.000000, -0.000000]

轨迹点 34:
  时间: 3.400000 秒
  关节位置: [-1.962915, 0.488496, 1.831512, -1.749282, -1.996763, -0.429066]
  关节速度: [-0.001264, 0.435000, 0.038106, -0.406316, -0.029379, 0.144231]
  关节加速度: [-0.000000, 0.000000, 0.000000, -0.000000, -0.000000, 0.000000]

轨迹点 35:
  时间: 3.500000 秒
  关节位置: [-1.963041, 0.531996, 1.835322, -1.789913, -1.999701, -0.414643]
  关节速度: [-0.001264, 0.435000, 0.038106, -0.406316, -0.029379, 0.144231]
  关节加速度: [0.000000, -0.000000, -0.000000, 0.000000, 0.000000, -0.000000]

轨迹点 36:
  时间: 3.600000 秒
  关节位置: [-1.963168, 0.575496, 1.839133, -1.830545, -2.002639, -0.400220]
  关节速度: [-0.001264, 0.435000, 0.038106, -0.406316, -0.029379, 0.144231]
  关节加速度: [0.000000, -0.000000, -0.000000, 0.000000, 0.000000, -0.000000]

轨迹点 37:
  时间: 3.700000 秒
  关节位置: [-1.963294, 0.618996, 1.842944, -1.871177, -2.005577, -0.385797]
  关节速度: [-0.001264, 0.435000, 0.038106, -0.406316, -0.029379, 0.144231]
  关节加速度: [-0.000000, 0.000000, 0.000000, -0.000000, -0.000000, 0.000000]

轨迹点 38:
  时间: 3.800000 秒
  关节位置: [-1.963415, 0.660638, 1.846592, -1.910073, -2.008389, -0.371990]
  关节速度: [-0.001093, 0.375984, 0.032937, -0.351192, -0.025393, 0.124663]
  关节加速度: [0.002725, -0.937500, -0.082126, 0.875681, 0.063316, -0.310843]

轨迹点 39:
  时间: 3.900000 秒
  关节位置: [-1.963511, 0.693549, 1.849475, -1.940814, -2.010612, -0.361077]
  关节速度: [-0.000820, 0.282234, 0.024724, -0.263624, -0.019061, 0.093579]
  关节加速度: [0.002725, -0.937500, -0.082126, 0.875681, 0.063316, -0.310843]

轨迹点 40:
  时间: 4.000000 秒
  关节位置: [-1.963579, 0.717085, 1.851536, -1.962798, -2.012202, -0.353274]
  关节速度: [-0.000548, 0.188484, 0.016511, -0.176055, -0.012730, 0.062495]
  关节加速度: [0.002725, -0.937500, -0.082126, 0.875681, 0.063316, -0.310843]

轨迹点 41:
  时间: 4.100000 秒
  关节位置: [-1.963621, 0.731246, 1.852777, -1.976025, -2.013158, -0.348578]
  关节速度: [-0.000275, 0.094734, 0.008299, -0.088487, -0.006398, 0.031411]
  关节加速度: [0.002725, -0.937500, -0.082126, 0.875681, 0.063316, -0.310843]

轨迹点 42:
  时间: 4.200000 秒
  关节位置: [-1.963634, 0.736032, 1.853196, -1.980495, -2.013481, -0.346992]
  关节速度: [-0.000003, 0.000984, 0.000086, -0.000919, -0.000066, 0.000326]
  关节加速度: [0.002725, -0.937500, -0.082126, 0.875681, 0.063316, -0.310843]

轨迹点 43:
  时间: 4.201050 秒
  关节位置: [-1.963634, 0.736032, 1.853196, -1.980496, -2.013481, -0.346991]
  关节速度: [0.000000, -0.000000, -0.000000, 0.000000, 0.000000, -0.000000]
  关节加速度: [0.002725, -0.937500, -0.082126, 0.875681, 0.063316, -0.310843]

