详细轨迹分析报告
====================
轨迹点数: 79
轨迹总时间: 7.722 秒
关节名称: 
  0: joint1
  1: joint2
  2: joint3
  3: joint4
  4: joint5
  5: joint6

详细轨迹点信息:
================
轨迹点 0:
  时间: 0.000000 秒
  关节位置: [-1.484133, 0.759350, 1.943187, -2.969899, -1.137670, -0.114609]
  关节速度: [-0.000000, -0.000000, 0.000000, 0.000000, -0.000000, 0.000000]
  关节加速度: [0.000000, 0.000000, 0.000000, 0.000000, 0.000000, 0.000000]

轨迹点 1:
  时间: 0.100000 秒
  关节位置: [-1.485550, 0.754663, 1.943278, -2.967364, -1.138527, -0.114225]
  关节速度: [-0.028335, -0.093750, 0.001824, 0.050690, -0.017144, 0.007685]
  关节加速度: [-0.283352, -0.937500, 0.018243, 0.506896, -0.171441, 0.076848]

轨迹点 2:
  时间: 0.200000 秒
  关节位置: [-1.489800, 0.740600, 1.943552, -2.959761, -1.141099, -0.113072]
  关节速度: [-0.056670, -0.187500, 0.003649, 0.101379, -0.034288, 0.015370]
  关节加速度: [-0.283352, -0.937500, 0.018243, 0.506896, -0.171441, 0.076848]

轨迹点 3:
  时间: 0.300000 秒
  关节位置: [-1.496884, 0.717163, 1.944008, -2.947088, -1.145385, -0.111151]
  关节速度: [-0.085005, -0.281249, 0.005473, 0.152068, -0.051432, 0.023054]
  关节加速度: [-0.283352, -0.937500, 0.018243, 0.506896, -0.171441, 0.076848]

轨迹点 4:
  时间: 0.400000 秒
  关节位置: [-1.506801, 0.684350, 1.944646, -2.929347, -1.151385, -0.108461]
  关节速度: [-0.113340, -0.374999, 0.007297, 0.202758, -0.068576, 0.030739]
  关节加速度: [-0.283352, -0.937500, 0.018243, 0.506896, -0.171441, 0.076848]

轨迹点 5:
  时间: 0.500000 秒
  关节位置: [-1.519368, 0.642771, 1.945455, -2.906865, -1.158989, -0.105053]
  关节速度: [-0.131475, -0.435000, 0.008465, 0.235200, -0.079549, 0.035658]
  关节加速度: [0.000000, 0.000000, -0.000000, -0.000000, 0.000000, -0.000000]

轨迹点 6:
  时间: 0.600000 秒
  关节位置: [-1.532516, 0.599271, 1.946302, -2.883345, -1.166944, -0.101487]
  关节速度: [-0.131475, -0.435000, 0.008465, 0.235200, -0.079549, 0.035658]
  关节加速度: [0.000000, 0.000000, -0.000000, -0.000000, 0.000000, -0.000000]

轨迹点 7:
  时间: 0.700000 秒
  关节位置: [-1.545663, 0.555771, 1.947148, -2.859825, -1.174899, -0.097921]
  关节速度: [-0.131475, -0.435000, 0.008465, 0.235200, -0.079549, 0.035658]
  关节加速度: [0.000000, 0.000000, -0.000000, -0.000000, 0.000000, -0.000000]

轨迹点 8:
  时间: 0.800000 秒
  关节位置: [-1.558811, 0.512271, 1.947995, -2.836305, -1.182854, -0.094356]
  关节速度: [-0.131475, -0.435000, 0.008465, 0.235200, -0.079549, 0.035658]
  关节加速度: [0.000000, 0.000000, -0.000000, -0.000000, 0.000000, -0.000000]

轨迹点 9:
  时间: 0.900000 秒
  关节位置: [-1.571958, 0.468771, 1.948841, -2.812785, -1.190808, -0.090790]
  关节速度: [-0.131475, -0.435000, 0.008465, 0.235200, -0.079549, 0.035658]
  关节加速度: [0.000000, 0.000000, -0.000000, -0.000000, 0.000000, -0.000000]

轨迹点 10:
  时间: 1.000000 秒
  关节位置: [-1.585106, 0.425271, 1.949687, -2.789265, -1.198763, -0.087224]
  关节速度: [-0.131475, -0.435000, 0.008465, 0.235200, -0.079549, 0.035658]
  关节加速度: [-0.000000, -0.000000, 0.000000, 0.000000, -0.000000, 0.000000]

轨迹点 11:
  时间: 1.100000 秒
  关节位置: [-1.598253, 0.381771, 1.950534, -2.765745, -1.206718, -0.083658]
  关节速度: [-0.131475, -0.435000, 0.008465, 0.235200, -0.079549, 0.035658]
  关节加速度: [-0.000000, -0.000000, 0.000000, 0.000000, -0.000000, 0.000000]

轨迹点 12:
  时间: 1.200000 秒
  关节位置: [-1.611401, 0.338271, 1.951380, -2.742225, -1.214673, -0.080093]
  关节速度: [-0.131475, -0.435000, 0.008465, 0.235200, -0.079549, 0.035658]
  关节加速度: [0.000000, 0.000000, -0.000000, -0.000000, 0.000000, -0.000000]

轨迹点 13:
  时间: 1.300000 秒
  关节位置: [-1.624549, 0.294771, 1.952227, -2.718705, -1.222628, -0.076527]
  关节速度: [-0.131475, -0.435000, 0.008465, 0.235200, -0.079549, 0.035658]
  关节加速度: [0.000000, 0.000000, -0.000000, -0.000000, 0.000000, -0.000000]

轨迹点 14:
  时间: 1.400000 秒
  关节位置: [-1.637696, 0.251271, 1.953073, -2.695185, -1.230583, -0.072961]
  关节速度: [-0.131475, -0.435000, 0.008465, 0.235200, -0.079549, 0.035658]
  关节加速度: [0.000000, 0.000000, -0.000000, -0.000000, 0.000000, -0.000000]

轨迹点 15:
  时间: 1.500000 秒
  关节位置: [-1.650844, 0.207771, 1.953920, -2.671665, -1.238538, -0.069395]
  关节速度: [-0.131475, -0.435000, 0.008465, 0.235200, -0.079549, 0.035658]
  关节加速度: [0.000000, 0.000000, -0.000000, -0.000000, 0.000000, -0.000000]

轨迹点 16:
  时间: 1.600000 秒
  关节位置: [-1.663991, 0.164271, 1.954766, -2.648145, -1.246493, -0.065830]
  关节速度: [-0.131475, -0.435000, 0.008465, 0.235200, -0.079549, 0.035658]
  关节加速度: [0.000000, 0.000000, -0.000000, -0.000000, 0.000000, -0.000000]

轨迹点 17:
  时间: 1.700000 秒
  关节位置: [-1.677139, 0.120771, 1.955613, -2.624625, -1.254447, -0.062264]
  关节速度: [-0.131475, -0.435000, 0.008465, 0.235200, -0.079549, 0.035658]
  关节加速度: [0.000000, 0.000000, -0.000000, -0.000000, 0.000000, -0.000000]

轨迹点 18:
  时间: 1.800000 秒
  关节位置: [-1.690286, 0.077271, 1.956459, -2.601105, -1.262402, -0.058698]
  关节速度: [-0.131475, -0.435000, 0.008465, 0.235200, -0.079549, 0.035658]
  关节加速度: [0.000000, 0.000000, -0.000000, -0.000000, 0.000000, -0.000000]

轨迹点 19:
  时间: 1.900000 秒
  关节位置: [-1.703434, 0.033771, 1.957306, -2.577585, -1.270357, -0.055132]
  关节速度: [-0.131475, -0.435000, 0.008465, 0.235200, -0.079549, 0.035658]
  关节加速度: [0.000000, 0.000000, -0.000000, -0.000000, 0.000000, -0.000000]

轨迹点 20:
  时间: 2.000000 秒
  关节位置: [-1.716581, -0.009729, 1.958152, -2.554065, -1.278312, -0.051567]
  关节速度: [-0.131475, -0.435000, 0.008465, 0.235200, -0.079549, 0.035658]
  关节加速度: [-0.000000, -0.000000, 0.000000, 0.000000, -0.000000, 0.000000]

轨迹点 21:
  时间: 2.100000 秒
  关节位置: [-1.729729, -0.053229, 1.958999, -2.530545, -1.286267, -0.048001]
  关节速度: [-0.131475, -0.435000, 0.008465, 0.235200, -0.079549, 0.035658]
  关节加速度: [0.000000, 0.000000, -0.000000, -0.000000, 0.000000, -0.000000]

轨迹点 22:
  时间: 2.200000 秒
  关节位置: [-1.742876, -0.096729, 1.959845, -2.507025, -1.294222, -0.044435]
  关节速度: [-0.131475, -0.435000, 0.008465, 0.235200, -0.079549, 0.035658]
  关节加速度: [-0.000000, -0.000000, 0.000000, 0.000000, -0.000000, 0.000000]

轨迹点 23:
  时间: 2.300000 秒
  关节位置: [-1.756024, -0.140229, 1.960691, -2.483505, -1.302177, -0.040869]
  关节速度: [-0.131475, -0.435000, 0.008465, 0.235200, -0.079549, 0.035658]
  关节加速度: [-0.000000, -0.000000, 0.000000, 0.000000, -0.000000, 0.000000]

轨迹点 24:
  时间: 2.400000 秒
  关节位置: [-1.769171, -0.183729, 1.961538, -2.459985, -1.310132, -0.037304]
  关节速度: [-0.131475, -0.435000, 0.008465, 0.235200, -0.079549, 0.035658]
  关节加速度: [-0.000000, -0.000000, 0.000000, 0.000000, -0.000000, 0.000000]

轨迹点 25:
  时间: 2.500000 秒
  关节位置: [-1.782319, -0.227229, 1.962384, -2.436465, -1.318087, -0.033738]
  关节速度: [-0.131475, -0.435000, 0.008465, 0.235200, -0.079549, 0.035658]
  关节加速度: [-0.000000, -0.000000, 0.000000, 0.000000, -0.000000, 0.000000]

轨迹点 26:
  时间: 2.600000 秒
  关节位置: [-1.795466, -0.270729, 1.963231, -2.412946, -1.326041, -0.030172]
  关节速度: [-0.131475, -0.435000, 0.008465, 0.235200, -0.079549, 0.035658]
  关节加速度: [-0.000000, -0.000000, 0.000000, 0.000000, -0.000000, 0.000000]

轨迹点 27:
  时间: 2.700000 秒
  关节位置: [-1.808614, -0.314229, 1.964077, -2.389426, -1.333996, -0.026606]
  关节速度: [-0.131475, -0.435000, 0.008465, 0.235200, -0.079549, 0.035658]
  关节加速度: [-0.000000, -0.000000, 0.000000, 0.000000, -0.000000, 0.000000]

轨迹点 28:
  时间: 2.800000 秒
  关节位置: [-1.821761, -0.357729, 1.964924, -2.365906, -1.341951, -0.023041]
  关节速度: [-0.131475, -0.435000, 0.008465, 0.235200, -0.079549, 0.035658]
  关节加速度: [-0.000000, -0.000000, 0.000000, 0.000000, -0.000000, 0.000000]

轨迹点 29:
  时间: 2.900000 秒
  关节位置: [-1.834909, -0.401229, 1.965770, -2.342386, -1.349906, -0.019475]
  关节速度: [-0.131475, -0.435000, 0.008465, 0.235200, -0.079549, 0.035658]
  关节加速度: [-0.000000, -0.000000, 0.000000, 0.000000, -0.000000, 0.000000]

轨迹点 30:
  时间: 3.000000 秒
  关节位置: [-1.848056, -0.444729, 1.966617, -2.318866, -1.357861, -0.015909]
  关节速度: [-0.131475, -0.435000, 0.008465, 0.235200, -0.079549, 0.035658]
  关节加速度: [-0.000000, -0.000000, 0.000000, 0.000000, -0.000000, 0.000000]

轨迹点 31:
  时间: 3.100000 秒
  关节位置: [-1.861140, -0.488017, 1.967459, -2.295460, -1.365777, -0.012361]
  关节速度: [-0.125449, -0.415061, 0.008077, 0.224419, -0.075903, 0.034023]
  关节加速度: [0.283352, 0.937500, -0.018243, -0.506896, 0.171441, -0.076848]

轨迹点 32:
  时间: 3.200000 秒
  关节位置: [-1.872268, -0.524836, 1.968175, -2.275553, -1.372510, -0.009343]
  关节速度: [-0.097114, -0.321311, 0.006252, 0.173729, -0.058758, 0.026338]
  关节加速度: [0.283352, 0.937500, -0.018243, -0.506896, 0.171441, -0.076848]

轨迹点 33:
  时间: 3.300000 秒
  关节位置: [-1.880563, -0.552280, 1.968709, -2.260714, -1.377529, -0.007093]
  关节速度: [-0.068778, -0.227561, 0.004428, 0.123040, -0.041614, 0.018653]
  关节加速度: [0.283352, 0.937500, -0.018243, -0.506896, 0.171441, -0.076848]

轨迹点 34:
  时间: 3.400000 秒
  关节位置: [-1.886024, -0.570348, 1.969061, -2.250945, -1.380833, -0.005612]
  关节速度: [-0.040443, -0.133811, 0.002604, 0.072350, -0.024470, 0.010969]
  关节加速度: [0.283352, 0.937500, -0.018243, -0.506896, 0.171441, -0.076848]

轨迹点 35:
  时间: 3.500000 秒
  关节位置: [-1.888387, -0.579066, 1.968471, -2.242225, -1.382993, -0.004838]
  关节速度: [-0.006218, -0.040399, -0.015964, 0.110207, -0.019872, 0.004619]
  关节加速度: [0.334637, 0.937040, -0.161995, 0.251735, 0.064208, -0.065591]

轨迹点 36:
  时间: 3.600000 秒
  关节位置: [-1.887413, -0.578503, 1.966213, -2.230674, -1.384565, -0.004709]
  关节速度: [0.024679, 0.044812, -0.032002, 0.139993, -0.015008, -0.001244]
  关节加速度: [0.275455, 0.500156, -0.357189, 1.562500, -0.167504, -0.013882]

轨迹点 37:
  时间: 3.700000 秒
  关节位置: [-1.883568, -0.571521, 1.961227, -2.208862, -1.386904, -0.004903]
  关节速度: [0.052225, 0.094827, -0.067721, 0.296241, -0.031758, -0.002632]
  关节加速度: [0.275455, 0.500156, -0.357189, 1.562500, -0.167504, -0.013882]

轨迹点 38:
  时间: 3.800000 秒
  关节位置: [-1.876985, -0.559569, 1.952691, -2.171524, -1.390906, -0.005234]
  关节速度: [0.076687, 0.139243, -0.099441, 0.435000, -0.046633, -0.003865]
  关节加速度: [-0.000000, -0.000000, 0.000000, -0.000000, 0.000000, 0.000000]

轨迹点 39:
  时间: 3.900000 秒
  关节位置: [-1.869316, -0.545644, 1.942747, -2.128024, -1.395570, -0.005621]
  关节速度: [0.076687, 0.139243, -0.099441, 0.435000, -0.046633, -0.003865]
  关节加速度: [-0.000000, -0.000000, 0.000000, -0.000000, 0.000000, 0.000000]

轨迹点 40:
  时间: 4.000000 秒
  关节位置: [-1.861648, -0.531720, 1.932803, -2.084524, -1.400233, -0.006007]
  关节速度: [0.076687, 0.139243, -0.099441, 0.435000, -0.046633, -0.003865]
  关节加速度: [-0.000000, -0.000000, 0.000000, -0.000000, 0.000000, 0.000000]

轨迹点 41:
  时间: 4.100000 秒
  关节位置: [-1.853979, -0.517796, 1.922859, -2.041024, -1.404896, -0.006394]
  关节速度: [0.076687, 0.139243, -0.099441, 0.435000, -0.046633, -0.003865]
  关节加速度: [0.000000, 0.000000, -0.000000, 0.000000, -0.000000, -0.000000]

轨迹点 42:
  时间: 4.200000 秒
  关节位置: [-1.846311, -0.503871, 1.912914, -1.997524, -1.409560, -0.006780]
  关节速度: [0.076687, 0.139243, -0.099441, 0.435000, -0.046633, -0.003865]
  关节加速度: [0.000000, 0.000000, -0.000000, 0.000000, -0.000000, -0.000000]

轨迹点 43:
  时间: 4.300000 秒
  关节位置: [-1.838642, -0.489947, 1.902970, -1.954024, -1.414223, -0.007167]
  关节速度: [0.076687, 0.139243, -0.099441, 0.435000, -0.046633, -0.003865]
  关节加速度: [0.000000, 0.000000, -0.000000, 0.000000, -0.000000, -0.000000]

轨迹点 44:
  时间: 4.400000 秒
  关节位置: [-1.830973, -0.476022, 1.893026, -1.910524, -1.418886, -0.007553]
  关节速度: [0.076687, 0.139243, -0.099441, 0.435000, -0.046633, -0.003865]
  关节加速度: [0.000000, 0.000000, -0.000000, 0.000000, -0.000000, -0.000000]

轨迹点 45:
  时间: 4.500000 秒
  关节位置: [-1.823305, -0.462098, 1.883082, -1.867024, -1.423550, -0.007940]
  关节速度: [0.076687, 0.139243, -0.099441, 0.435000, -0.046633, -0.003865]
  关节加速度: [-0.000000, -0.000000, 0.000000, -0.000000, 0.000000, 0.000000]

轨迹点 46:
  时间: 4.600000 秒
  关节位置: [-1.815636, -0.448174, 1.873138, -1.823524, -1.428213, -0.008326]
  关节速度: [0.076687, 0.139243, -0.099441, 0.435000, -0.046633, -0.003865]
  关节加速度: [-0.000000, -0.000000, 0.000000, -0.000000, 0.000000, 0.000000]

轨迹点 47:
  时间: 4.700000 秒
  关节位置: [-1.807967, -0.434249, 1.863194, -1.780024, -1.432876, -0.008713]
  关节速度: [0.076687, 0.139243, -0.099441, 0.435000, -0.046633, -0.003865]
  关节加速度: [-0.000000, -0.000000, 0.000000, -0.000000, 0.000000, 0.000000]

轨迹点 48:
  时间: 4.800000 秒
  关节位置: [-1.800299, -0.420325, 1.853250, -1.736524, -1.437539, -0.009099]
  关节速度: [0.076687, 0.139243, -0.099441, 0.435000, -0.046633, -0.003865]
  关节加速度: [-0.000000, -0.000000, 0.000000, -0.000000, 0.000000, 0.000000]

轨迹点 49:
  时间: 4.900000 秒
  关节位置: [-1.792630, -0.406401, 1.843305, -1.693024, -1.442203, -0.009486]
  关节速度: [0.076687, 0.139243, -0.099441, 0.435000, -0.046633, -0.003865]
  关节加速度: [-0.000000, -0.000000, 0.000000, -0.000000, 0.000000, 0.000000]

轨迹点 50:
  时间: 5.000000 秒
  关节位置: [-1.784961, -0.392476, 1.833361, -1.649524, -1.446866, -0.009872]
  关节速度: [0.076687, 0.139243, -0.099441, 0.435000, -0.046633, -0.003865]
  关节加速度: [-0.000000, -0.000000, 0.000000, -0.000000, 0.000000, 0.000000]

轨迹点 51:
  时间: 5.100000 秒
  关节位置: [-1.777293, -0.378552, 1.823417, -1.606024, -1.451529, -0.010259]
  关节速度: [0.076687, 0.139243, -0.099441, 0.435000, -0.046633, -0.003865]
  关节加速度: [-0.000000, -0.000000, 0.000000, -0.000000, 0.000000, 0.000000]

轨迹点 52:
  时间: 5.200000 秒
  关节位置: [-1.769624, -0.364628, 1.813473, -1.562524, -1.456193, -0.010645]
  关节速度: [0.076687, 0.139243, -0.099441, 0.435000, -0.046633, -0.003865]
  关节加速度: [-0.000000, -0.000000, 0.000000, -0.000000, 0.000000, 0.000000]

轨迹点 53:
  时间: 5.300000 秒
  关节位置: [-1.761955, -0.350703, 1.803529, -1.519024, -1.460856, -0.011032]
  关节速度: [0.076687, 0.139243, -0.099441, 0.435000, -0.046633, -0.003865]
  关节加速度: [-0.000000, -0.000000, 0.000000, -0.000000, 0.000000, 0.000000]

轨迹点 54:
  时间: 5.400000 秒
  关节位置: [-1.754287, -0.336779, 1.793585, -1.475524, -1.465519, -0.011418]
  关节速度: [0.076687, 0.139243, -0.099441, 0.435000, -0.046633, -0.003865]
  关节加速度: [-0.000000, -0.000000, 0.000000, -0.000000, 0.000000, 0.000000]

轨迹点 55:
  时间: 5.500000 秒
  关节位置: [-1.746618, -0.322855, 1.783641, -1.432024, -1.470183, -0.011804]
  关节速度: [0.076687, 0.139243, -0.099441, 0.435000, -0.046633, -0.003865]
  关节加速度: [-0.000000, -0.000000, 0.000000, -0.000000, 0.000000, 0.000000]

轨迹点 56:
  时间: 5.600000 秒
  关节位置: [-1.738949, -0.308930, 1.773696, -1.388524, -1.474846, -0.012191]
  关节速度: [0.076687, 0.139243, -0.099441, 0.435000, -0.046633, -0.003865]
  关节加速度: [-0.000000, -0.000000, 0.000000, -0.000000, 0.000000, 0.000000]

轨迹点 57:
  时间: 5.700000 秒
  关节位置: [-1.731281, -0.295006, 1.763752, -1.345024, -1.479509, -0.012577]
  关节速度: [0.076687, 0.139243, -0.099441, 0.435000, -0.046633, -0.003865]
  关节加速度: [-0.000000, -0.000000, 0.000000, -0.000000, 0.000000, 0.000000]

轨迹点 58:
  时间: 5.800000 秒
  关节位置: [-1.723612, -0.281082, 1.753808, -1.301524, -1.484173, -0.012964]
  关节速度: [0.076687, 0.139243, -0.099441, 0.435000, -0.046633, -0.003865]
  关节加速度: [-0.000000, -0.000000, 0.000000, -0.000000, 0.000000, 0.000000]

轨迹点 59:
  时间: 5.900000 秒
  关节位置: [-1.715943, -0.267157, 1.743864, -1.258024, -1.488836, -0.013350]
  关节速度: [0.076687, 0.139243, -0.099441, 0.435000, -0.046633, -0.003865]
  关节加速度: [-0.000000, -0.000000, 0.000000, -0.000000, 0.000000, 0.000000]

轨迹点 60:
  时间: 6.000000 秒
  关节位置: [-1.708275, -0.253233, 1.733920, -1.214524, -1.493499, -0.013737]
  关节速度: [0.076687, 0.139243, -0.099441, 0.435000, -0.046633, -0.003865]
  关节加速度: [-0.000000, -0.000000, 0.000000, -0.000000, 0.000000, 0.000000]

轨迹点 61:
  时间: 6.100000 秒
  关节位置: [-1.700606, -0.239309, 1.723976, -1.171024, -1.498163, -0.014123]
  关节速度: [0.076687, 0.139243, -0.099441, 0.435000, -0.046633, -0.003865]
  关节加速度: [-0.000000, -0.000000, 0.000000, -0.000000, 0.000000, 0.000000]

轨迹点 62:
  时间: 6.200000 秒
  关节位置: [-1.692937, -0.225384, 1.714032, -1.127524, -1.502826, -0.014510]
  关节速度: [0.076687, 0.139243, -0.099441, 0.435000, -0.046633, -0.003865]
  关节加速度: [-0.000000, -0.000000, 0.000000, -0.000000, 0.000000, 0.000000]

轨迹点 63:
  时间: 6.300000 秒
  关节位置: [-1.685269, -0.211460, 1.704087, -1.084024, -1.507489, -0.014896]
  关节速度: [0.076687, 0.139243, -0.099441, 0.435000, -0.046633, -0.003865]
  关节加速度: [-0.000000, -0.000000, 0.000000, -0.000000, 0.000000, 0.000000]

轨迹点 64:
  时间: 6.400000 秒
  关节位置: [-1.677600, -0.197536, 1.694143, -1.040524, -1.512153, -0.015283]
  关节速度: [0.076687, 0.139243, -0.099441, 0.435000, -0.046633, -0.003865]
  关节加速度: [-0.000000, -0.000000, 0.000000, -0.000000, 0.000000, 0.000000]

轨迹点 65:
  时间: 6.500000 秒
  关节位置: [-1.669932, -0.183611, 1.684199, -0.997024, -1.516816, -0.015669]
  关节速度: [0.076687, 0.139243, -0.099441, 0.435000, -0.046633, -0.003865]
  关节加速度: [-0.000000, -0.000000, 0.000000, -0.000000, 0.000000, 0.000000]

轨迹点 66:
  时间: 6.600000 秒
  关节位置: [-1.662263, -0.169687, 1.674255, -0.953524, -1.521479, -0.016056]
  关节速度: [0.076687, 0.139243, -0.099441, 0.435000, -0.046633, -0.003865]
  关节加速度: [-0.000000, -0.000000, 0.000000, -0.000000, 0.000000, 0.000000]

轨迹点 67:
  时间: 6.700000 秒
  关节位置: [-1.654594, -0.155763, 1.664311, -0.910024, -1.526143, -0.016442]
  关节速度: [0.076687, 0.139243, -0.099441, 0.435000, -0.046633, -0.003865]
  关节加速度: [-0.000000, -0.000000, 0.000000, -0.000000, 0.000000, 0.000000]

轨迹点 68:
  时间: 6.800000 秒
  关节位置: [-1.646926, -0.141838, 1.654367, -0.866524, -1.530806, -0.016829]
  关节速度: [0.076687, 0.139243, -0.099441, 0.435000, -0.046633, -0.003865]
  关节加速度: [-0.000000, -0.000000, 0.000000, -0.000000, 0.000000, 0.000000]

轨迹点 69:
  时间: 6.900000 秒
  关节位置: [-1.638528, -0.125803, 1.644156, -0.823024, -1.535213, -0.017368]
  关节速度: [0.091817, 0.183036, -0.104961, 0.435000, -0.041316, -0.007033]
  关节加速度: [0.000000, 0.000000, -0.000000, 0.000000, -0.000000, -0.000000]

轨迹点 70:
  时间: 7.000000 秒
  关节位置: [-1.629346, -0.107500, 1.633660, -0.779524, -1.539344, -0.018071]
  关节速度: [0.091817, 0.183036, -0.104961, 0.435000, -0.041316, -0.007033]
  关节加速度: [0.000000, 0.000000, -0.000000, 0.000000, -0.000000, -0.000000]

轨迹点 71:
  时间: 7.100000 秒
  关节位置: [-1.620164, -0.089196, 1.623164, -0.736024, -1.543476, -0.018774]
  关节速度: [0.091817, 0.183036, -0.104961, 0.435000, -0.041316, -0.007033]
  关节加速度: [0.000000, 0.000000, -0.000000, 0.000000, -0.000000, -0.000000]

轨迹点 72:
  时间: 7.200000 秒
  关节位置: [-1.610982, -0.070893, 1.612668, -0.692524, -1.547608, -0.019478]
  关节速度: [0.091817, 0.183036, -0.104961, 0.435000, -0.041316, -0.007033]
  关节加速度: [0.000000, 0.000000, -0.000000, 0.000000, -0.000000, -0.000000]

轨迹点 73:
  时间: 7.300000 秒
  关节位置: [-1.601801, -0.052589, 1.602172, -0.649024, -1.551739, -0.020181]
  关节速度: [0.091817, 0.183036, -0.104961, 0.435000, -0.041316, -0.007033]
  关节加速度: [0.000000, 0.000000, -0.000000, 0.000000, -0.000000, -0.000000]

轨迹点 74:
  时间: 7.400000 秒
  关节位置: [-1.592619, -0.034285, 1.591676, -0.605524, -1.555871, -0.020884]
  关节速度: [0.091817, 0.183036, -0.104961, 0.435000, -0.041316, -0.007033]
  关节加速度: [0.000000, 0.000000, -0.000000, 0.000000, -0.000000, -0.000000]

轨迹点 75:
  时间: 7.500000 秒
  关节位置: [-1.583966, -0.017035, 1.581784, -0.564527, -1.559764, -0.021547]
  关节速度: [0.073147, 0.145818, -0.083619, 0.346547, -0.032915, -0.005603]
  关节加速度: [-0.329804, -0.657457, 0.377016, -1.562500, 0.148404, 0.025263]

轨迹点 76:
  时间: 7.600000 秒
  关节位置: [-1.578300, -0.005741, 1.575307, -0.537685, -1.562314, -0.021981]
  关节速度: [0.040167, 0.080072, -0.045917, 0.190297, -0.018074, -0.003077]
  关节加速度: [-0.329804, -0.657457, 0.377016, -1.562500, 0.148404, 0.025263]

轨迹点 77:
  时间: 7.700000 秒
  关节位置: [-1.575932, -0.001021, 1.572600, -0.526468, -1.563379, -0.022163]
  关节速度: [0.007187, 0.014326, -0.008215, 0.034047, -0.003234, -0.000550]
  关节加速度: [-0.329804, -0.657457, 0.377016, -1.562500, 0.148404, 0.025263]

轨迹点 78:
  时间: 7.721790 秒
  关节位置: [-1.575854, -0.000865, 1.572511, -0.526097, -1.563415, -0.022169]
  关节速度: [0.000000, 0.000000, -0.000000, 0.000000, -0.000000, -0.000000]
  关节加速度: [-0.329804, -0.657457, 0.377016, -1.562500, 0.148404, 0.025263]

