详细轨迹分析报告
====================
轨迹点数: 55
轨迹总时间: 5.321 秒
关节名称: 
  0: joint1
  1: joint2
  2: joint3
  3: joint4
  4: joint5
  5: joint6

详细轨迹点信息:
================
轨迹点 0:
  时间: 0.000000 秒
  关节位置: [-1.964522, 0.736893, 1.854036, -1.981475, -2.013980, -0.346127]
  关节速度: [-0.000000, -0.000000, 0.000000, 0.000000, 0.000000, 0.000000]
  关节加速度: [0.000000, 0.000000, 0.000000, 0.000000, 0.000000, 0.000000]

轨迹点 1:
  时间: 0.100000 秒
  关节位置: [-1.965015, 0.732206, 1.854408, -1.977178, -2.012718, -0.344929]
  关节速度: [-0.009852, -0.093750, 0.007445, 0.085947, 0.025251, 0.023952]
  关节加速度: [-0.098516, -0.937500, 0.074453, 0.859466, 0.252508, 0.239518]

轨迹点 2:
  时间: 0.200000 秒
  关节位置: [-1.966493, 0.718143, 1.855525, -1.964286, -2.008930, -0.341336]
  关节速度: [-0.019703, -0.187500, 0.014891, 0.171893, 0.050501, 0.047904]
  关节加速度: [-0.098516, -0.937500, 0.074453, 0.859466, 0.252508, 0.239518]

轨迹点 3:
  时间: 0.300000 秒
  关节位置: [-1.968955, 0.694706, 1.857386, -1.942799, -2.002618, -0.335348]
  关节速度: [-0.029555, -0.281249, 0.022336, 0.257839, 0.075752, 0.071855]
  关节加速度: [-0.098516, -0.937500, 0.074453, 0.859466, 0.252508, 0.239518]

轨迹点 4:
  时间: 0.400000 秒
  关节位置: [-1.972403, 0.661894, 1.859992, -1.912718, -1.993780, -0.326965]
  关节速度: [-0.039406, -0.374999, 0.029781, 0.343785, 0.101003, 0.095807]
  关节加速度: [-0.098516, -0.937500, 0.074453, 0.859466, 0.252508, 0.239518]

轨迹点 5:
  时间: 0.500000 秒
  关节位置: [-1.976773, 0.620314, 1.863294, -1.874599, -1.982581, -0.316342]
  关节速度: [-0.045712, -0.435000, 0.034546, 0.398792, 0.117164, 0.111136]
  关节加速度: [-0.000000, -0.000000, 0.000000, 0.000000, 0.000000, 0.000000]

轨迹点 6:
  时间: 0.600000 秒
  关节位置: [-1.981344, 0.576814, 1.866749, -1.834720, -1.970864, -0.305229]
  关节速度: [-0.045712, -0.435000, 0.034546, 0.398792, 0.117164, 0.111136]
  关节加速度: [0.000000, 0.000000, -0.000000, -0.000000, -0.000000, -0.000000]

轨迹点 7:
  时间: 0.700000 秒
  关节位置: [-1.985915, 0.533314, 1.870203, -1.794840, -1.959148, -0.294115]
  关节速度: [-0.045712, -0.435000, 0.034546, 0.398792, 0.117164, 0.111136]
  关节加速度: [-0.000000, -0.000000, 0.000000, 0.000000, 0.000000, 0.000000]

轨迹点 8:
  时间: 0.800000 秒
  关节位置: [-1.990486, 0.489814, 1.873658, -1.754961, -1.947432, -0.283001]
  关节速度: [-0.045712, -0.435000, 0.034546, 0.398792, 0.117164, 0.111136]
  关节加速度: [0.000000, 0.000000, -0.000000, -0.000000, -0.000000, -0.000000]

轨迹点 9:
  时间: 0.900000 秒
  关节位置: [-1.995057, 0.446314, 1.877112, -1.715082, -1.935715, -0.271888]
  关节速度: [-0.045712, -0.435000, 0.034546, 0.398792, 0.117164, 0.111136]
  关节加速度: [0.000000, 0.000000, -0.000000, -0.000000, -0.000000, -0.000000]

轨迹点 10:
  时间: 1.000000 秒
  关节位置: [-1.999629, 0.402814, 1.880567, -1.675203, -1.923999, -0.260774]
  关节速度: [-0.045712, -0.435000, 0.034546, 0.398792, 0.117164, 0.111136]
  关节加速度: [0.000000, 0.000000, -0.000000, -0.000000, -0.000000, -0.000000]

轨迹点 11:
  时间: 1.100000 秒
  关节位置: [-2.004200, 0.359314, 1.884022, -1.635324, -1.912283, -0.249660]
  关节速度: [-0.045712, -0.435000, 0.034546, 0.398792, 0.117164, 0.111136]
  关节加速度: [-0.000000, -0.000000, 0.000000, 0.000000, 0.000000, 0.000000]

轨迹点 12:
  时间: 1.200000 秒
  关节位置: [-2.008771, 0.315814, 1.887476, -1.595444, -1.900566, -0.238547]
  关节速度: [-0.045712, -0.435000, 0.034546, 0.398792, 0.117164, 0.111136]
  关节加速度: [-0.000000, -0.000000, 0.000000, 0.000000, 0.000000, 0.000000]

轨迹点 13:
  时间: 1.300000 秒
  关节位置: [-2.013342, 0.272314, 1.890931, -1.555565, -1.888850, -0.227433]
  关节速度: [-0.045712, -0.435000, 0.034546, 0.398792, 0.117164, 0.111136]
  关节加速度: [-0.000000, -0.000000, 0.000000, 0.000000, 0.000000, 0.000000]

轨迹点 14:
  时间: 1.400000 秒
  关节位置: [-2.017913, 0.228814, 1.894386, -1.515686, -1.877133, -0.216319]
  关节速度: [-0.045712, -0.435000, 0.034546, 0.398792, 0.117164, 0.111136]
  关节加速度: [-0.000000, -0.000000, 0.000000, 0.000000, 0.000000, 0.000000]

轨迹点 15:
  时间: 1.500000 秒
  关节位置: [-2.022484, 0.185314, 1.897840, -1.475807, -1.865417, -0.205206]
  关节速度: [-0.045712, -0.435000, 0.034546, 0.398792, 0.117164, 0.111136]
  关节加速度: [0.000000, 0.000000, -0.000000, -0.000000, -0.000000, -0.000000]

轨迹点 16:
  时间: 1.600000 秒
  关节位置: [-2.027056, 0.141814, 1.901295, -1.435928, -1.853701, -0.194092]
  关节速度: [-0.045712, -0.435000, 0.034546, 0.398792, 0.117164, 0.111136]
  关节加速度: [-0.000000, -0.000000, 0.000000, 0.000000, 0.000000, 0.000000]

轨迹点 17:
  时间: 1.700000 秒
  关节位置: [-2.031627, 0.098314, 1.904750, -1.396048, -1.841984, -0.182979]
  关节速度: [-0.045712, -0.435000, 0.034546, 0.398792, 0.117164, 0.111136]
  关节加速度: [-0.000000, -0.000000, 0.000000, 0.000000, 0.000000, 0.000000]

轨迹点 18:
  时间: 1.800000 秒
  关节位置: [-2.036198, 0.054814, 1.908204, -1.356169, -1.830268, -0.171865]
  关节速度: [-0.045712, -0.435000, 0.034546, 0.398792, 0.117164, 0.111136]
  关节加速度: [0.000000, 0.000000, -0.000000, -0.000000, -0.000000, -0.000000]

轨迹点 19:
  时间: 1.900000 秒
  关节位置: [-2.040769, 0.011314, 1.911659, -1.316290, -1.818552, -0.160751]
  关节速度: [-0.045712, -0.435000, 0.034546, 0.398792, 0.117164, 0.111136]
  关节加速度: [0.000000, 0.000000, -0.000000, -0.000000, -0.000000, -0.000000]

轨迹点 20:
  时间: 2.000000 秒
  关节位置: [-2.045340, -0.032186, 1.915113, -1.276411, -1.806835, -0.149638]
  关节速度: [-0.045712, -0.435000, 0.034546, 0.398792, 0.117164, 0.111136]
  关节加速度: [-0.000000, -0.000000, 0.000000, 0.000000, 0.000000, 0.000000]

轨迹点 21:
  时间: 2.100000 秒
  关节位置: [-2.049911, -0.075686, 1.918568, -1.236532, -1.795119, -0.138524]
  关节速度: [-0.045712, -0.435000, 0.034546, 0.398792, 0.117164, 0.111136]
  关节加速度: [0.000000, 0.000000, -0.000000, -0.000000, -0.000000, -0.000000]

轨迹点 22:
  时间: 2.200000 秒
  关节位置: [-2.054482, -0.119186, 1.922023, -1.196652, -1.783403, -0.127410]
  关节速度: [-0.045712, -0.435000, 0.034546, 0.398792, 0.117164, 0.111136]
  关节加速度: [0.000000, 0.000000, -0.000000, -0.000000, -0.000000, -0.000000]

轨迹点 23:
  时间: 2.300000 秒
  关节位置: [-2.059054, -0.162686, 1.925477, -1.156773, -1.771686, -0.116297]
  关节速度: [-0.045712, -0.435000, 0.034546, 0.398792, 0.117164, 0.111136]
  关节加速度: [0.000000, 0.000000, -0.000000, -0.000000, -0.000000, -0.000000]

轨迹点 24:
  时间: 2.400000 秒
  关节位置: [-2.063625, -0.206186, 1.928932, -1.116894, -1.759970, -0.105183]
  关节速度: [-0.045712, -0.435000, 0.034546, 0.398792, 0.117164, 0.111136]
  关节加速度: [0.000000, 0.000000, -0.000000, -0.000000, -0.000000, -0.000000]

轨迹点 25:
  时间: 2.500000 秒
  关节位置: [-2.068196, -0.249686, 1.932387, -1.077015, -1.748254, -0.094069]
  关节速度: [-0.045712, -0.435000, 0.034546, 0.398792, 0.117164, 0.111136]
  关节加速度: [0.000000, 0.000000, -0.000000, -0.000000, -0.000000, -0.000000]

轨迹点 26:
  时间: 2.600000 秒
  关节位置: [-2.072767, -0.293186, 1.935841, -1.037136, -1.736537, -0.082956]
  关节速度: [-0.045712, -0.435000, 0.034546, 0.398792, 0.117164, 0.111136]
  关节加速度: [0.000000, 0.000000, -0.000000, -0.000000, -0.000000, -0.000000]

轨迹点 27:
  时间: 2.700000 秒
  关节位置: [-2.077338, -0.336686, 1.939296, -0.997256, -1.724821, -0.071842]
  关节速度: [-0.045712, -0.435000, 0.034546, 0.398792, 0.117164, 0.111136]
  关节加速度: [0.000000, 0.000000, -0.000000, -0.000000, -0.000000, -0.000000]

轨迹点 28:
  时间: 2.800000 秒
  关节位置: [-2.081909, -0.380186, 1.942750, -0.957377, -1.713105, -0.060728]
  关节速度: [-0.045712, -0.435000, 0.034546, 0.398792, 0.117164, 0.111136]
  关节加速度: [0.000000, 0.000000, -0.000000, -0.000000, -0.000000, -0.000000]

轨迹点 29:
  时间: 2.900000 秒
  关节位置: [-2.086481, -0.423686, 1.946205, -0.917498, -1.701388, -0.049615]
  关节速度: [-0.045712, -0.435000, 0.034546, 0.398792, 0.117164, 0.111136]
  关节加速度: [0.000000, 0.000000, -0.000000, -0.000000, -0.000000, -0.000000]

轨迹点 30:
  时间: 3.000000 秒
  关节位置: [-2.091052, -0.467186, 1.949660, -0.877619, -1.689672, -0.038501]
  关节速度: [-0.045712, -0.435000, 0.034546, 0.398792, 0.117164, 0.111136]
  关节加速度: [0.000000, 0.000000, -0.000000, -0.000000, -0.000000, -0.000000]

轨迹点 31:
  时间: 3.100000 秒
  关节位置: [-2.095467, -0.509204, 1.952997, -0.839099, -1.678355, -0.027766]
  关节速度: [-0.040171, -0.382275, 0.030359, 0.350456, 0.102963, 0.097666]
  关节加速度: [0.098516, 0.937500, -0.074453, -0.859466, -0.252508, -0.239518]

轨迹点 32:
  时间: 3.200000 秒
  关节位置: [-2.098992, -0.542744, 1.955660, -0.808351, -1.669321, -0.019197]
  关节速度: [-0.030319, -0.288525, 0.022914, 0.264509, 0.077712, 0.073714]
  关节加速度: [0.098516, 0.937500, -0.074453, -0.859466, -0.252508, -0.239518]

轨迹点 33:
  时间: 3.300000 秒
  关节位置: [-2.101531, -0.566909, 1.957579, -0.786197, -1.662812, -0.013023]
  关节速度: [-0.020468, -0.194775, 0.015468, 0.178563, 0.052461, 0.049762]
  关节加速度: [0.098516, 0.937500, -0.074453, -0.859466, -0.252508, -0.239518]

轨迹点 34:
  时间: 3.400000 秒
  关节位置: [-2.103085, -0.581699, 1.958754, -0.772638, -1.658829, -0.009245]
  关节速度: [-0.010616, -0.101025, 0.008023, 0.092616, 0.027210, 0.025811]
  关节加速度: [0.098516, 0.937500, -0.074453, -0.859466, -0.252508, -0.239518]

轨迹点 35:
  时间: 3.500000 秒
  关节位置: [-2.102041, -0.587127, 1.958009, -0.764958, -1.656495, -0.007390]
  关节速度: [0.038956, -0.007480, -0.028367, 0.073444, 0.023471, 0.013446]
  关节加速度: [0.454640, 0.937218, -0.333969, -0.262478, -0.060145, -0.136071]

轨迹点 36:
  时间: 3.600000 秒
  关节位置: [-2.096529, -0.583190, 1.953981, -0.760025, -1.654803, -0.006916]
  关节速度: [0.076856, 0.086206, -0.056252, 0.034563, 0.013385, -0.002346]
  关节加速度: [0.835818, 0.937500, -0.611744, 0.375871, 0.145560, -0.025513]

轨迹点 37:
  时间: 3.700000 秒
  关节位置: [-2.084665, -0.569882, 1.945297, -0.754689, -1.652737, -0.007278]
  关节速度: [0.160438, 0.179956, -0.117426, 0.072150, 0.027941, -0.004897]
  关节加速度: [0.835818, 0.937500, -0.611744, 0.375871, 0.145560, -0.025513]

轨迹点 38:
  时间: 3.800000 秒
  关节位置: [-2.064442, -0.547199, 1.930496, -0.745595, -1.649215, -0.007895]
  关节速度: [0.244019, 0.273705, -0.178600, 0.109736, 0.042497, -0.007449]
  关节加速度: [0.835818, 0.937500, -0.611744, 0.375871, 0.145560, -0.025513]

轨迹点 39:
  时间: 3.900000 秒
  关节位置: [-2.035861, -0.515141, 1.909577, -0.732742, -1.644238, -0.008768]
  关节速度: [0.327600, 0.367455, -0.239774, 0.147323, 0.057052, -0.010000]
  关节加速度: [0.835818, 0.937500, -0.611744, 0.375871, 0.145560, -0.025513]

轨迹点 40:
  时间: 4.000000 秒
  关节位置: [-1.999249, -0.474074, 1.882780, -0.716277, -1.637862, -0.009885]
  关节速度: [0.387820, 0.435000, -0.283849, 0.174404, 0.067540, -0.011838]
  关节加速度: [0.000000, 0.000000, -0.000000, 0.000000, 0.000000, -0.000000]

轨迹点 41:
  时间: 4.100000 秒
  关节位置: [-1.960467, -0.430574, 1.854395, -0.698837, -1.631108, -0.011069]
  关节速度: [0.387820, 0.435000, -0.283849, 0.174404, 0.067540, -0.011838]
  关节加速度: [0.000000, 0.000000, -0.000000, 0.000000, 0.000000, -0.000000]

轨迹点 42:
  时间: 4.200000 秒
  关节位置: [-1.921685, -0.387074, 1.826010, -0.681396, -1.624354, -0.012253]
  关节速度: [0.387820, 0.435000, -0.283849, 0.174404, 0.067540, -0.011838]
  关节加速度: [0.000000, 0.000000, -0.000000, 0.000000, 0.000000, -0.000000]

轨迹点 43:
  时间: 4.300000 秒
  关节位置: [-1.882903, -0.343574, 1.797625, -0.663956, -1.617600, -0.013437]
  关节速度: [0.387820, 0.435000, -0.283849, 0.174404, 0.067540, -0.011838]
  关节加速度: [0.000000, 0.000000, -0.000000, 0.000000, 0.000000, -0.000000]

轨迹点 44:
  时间: 4.400000 秒
  关节位置: [-1.844121, -0.300074, 1.769240, -0.646515, -1.610846, -0.014620]
  关节速度: [0.387820, 0.435000, -0.283849, 0.174404, 0.067540, -0.011838]
  关节加速度: [0.000000, 0.000000, -0.000000, 0.000000, 0.000000, -0.000000]

轨迹点 45:
  时间: 4.500000 秒
  关节位置: [-1.805339, -0.256574, 1.740855, -0.629075, -1.604092, -0.015804]
  关节速度: [0.387820, 0.435000, -0.283849, 0.174404, 0.067540, -0.011838]
  关节加速度: [0.000000, 0.000000, -0.000000, 0.000000, 0.000000, -0.000000]

轨迹点 46:
  时间: 4.600000 秒
  关节位置: [-1.766557, -0.213074, 1.712470, -0.611634, -1.597338, -0.016988]
  关节速度: [0.387820, 0.435000, -0.283849, 0.174404, 0.067540, -0.011838]
  关节加速度: [0.000000, 0.000000, -0.000000, 0.000000, 0.000000, -0.000000]

轨迹点 47:
  时间: 4.700000 秒
  关节位置: [-1.727775, -0.169574, 1.684086, -0.594194, -1.590584, -0.018172]
  关节速度: [0.387820, 0.435000, -0.283849, 0.174404, 0.067540, -0.011838]
  关节加速度: [0.000000, 0.000000, -0.000000, 0.000000, 0.000000, -0.000000]

轨迹点 48:
  时间: 4.800000 秒
  关节位置: [-1.688993, -0.126074, 1.655701, -0.576754, -1.583830, -0.019356]
  关节速度: [0.387820, 0.435000, -0.283849, 0.174404, 0.067540, -0.011838]
  关节加速度: [0.000000, 0.000000, -0.000000, 0.000000, 0.000000, -0.000000]

轨迹点 49:
  时间: 4.900000 秒
  关节位置: [-1.650967, -0.083422, 1.627869, -0.559653, -1.577207, -0.020516]
  关节速度: [0.352261, 0.395115, -0.257823, 0.158413, 0.061347, -0.010753]
  关节加速度: [-0.835818, -0.937500, 0.611744, -0.375871, -0.145560, 0.025513]

轨迹点 50:
  时间: 5.000000 秒
  关节位置: [-1.619920, -0.048598, 1.605146, -0.545691, -1.571801, -0.021464]
  关节速度: [0.268679, 0.301365, -0.196649, 0.120826, 0.046791, -0.008201]
  关节加速度: [-0.835818, -0.937500, 0.611744, -0.375871, -0.145560, 0.025513]

轨迹点 51:
  时间: 5.100000 秒
  关节位置: [-1.597231, -0.023149, 1.588539, -0.535488, -1.567849, -0.022157]
  关节速度: [0.185097, 0.207615, -0.135475, 0.083239, 0.032235, -0.005650]
  关节加速度: [-0.835818, -0.937500, 0.611744, -0.375871, -0.145560, 0.025513]

轨迹点 52:
  时间: 5.200000 秒
  关节位置: [-1.582901, -0.007075, 1.578051, -0.529044, -1.565353, -0.022594]
  关节速度: [0.101515, 0.113865, -0.074300, 0.045652, 0.017679, -0.003099]
  关节加速度: [-0.835818, -0.937500, 0.611744, -0.375871, -0.145560, 0.025513]

轨迹点 53:
  时间: 5.300000 秒
  关节位置: [-1.576928, -0.000376, 1.573679, -0.526358, -1.564313, -0.022776]
  关节速度: [0.017934, 0.020115, -0.013126, 0.008065, 0.003123, -0.000547]
  关节加速度: [-0.835818, -0.937500, 0.611744, -0.375871, -0.145560, 0.025513]

轨迹点 54:
  时间: 5.321456 秒
  关节位置: [-1.576736, -0.000161, 1.573539, -0.526271, -1.564280, -0.022782]
  关节速度: [0.000000, 0.000000, -0.000000, 0.000000, 0.000000, -0.000000]
  关节加速度: [-0.835818, -0.937500, 0.611744, -0.375871, -0.145560, 0.025513]

