详细轨迹分析报告
====================
轨迹点数: 83
轨迹总时间: 8.134 秒
关节名称: 
  0: joint1
  1: joint2
  2: joint3
  3: joint4
  4: joint5
  5: joint6

详细轨迹点信息:
================
轨迹点 0:
  时间: 0.000000 秒
  关节位置: [-1.484133, 0.759350, 1.943187, -2.969899, -1.137670, -0.114609]
  关节速度: [-0.000000, -0.000000, -0.000000, 0.000000, -0.000000, 0.000000]
  关节加速度: [0.000000, 0.000000, 0.000000, 0.000000, 0.000000, 0.000000]

轨迹点 1:
  时间: 0.100000 秒
  关节位置: [-1.486332, 0.754663, 1.939531, -2.967143, -1.138091, -0.113288]
  关节速度: [-0.043984, -0.093750, -0.073123, 0.055120, -0.008429, 0.026426]
  关节加速度: [-0.439840, -0.937500, -0.731230, 0.551203, -0.084287, 0.264261]

轨迹点 2:
  时间: 0.200000 秒
  关节位置: [-1.492930, 0.740600, 1.928562, -2.958875, -1.139356, -0.109324]
  关节速度: [-0.087968, -0.187500, -0.146246, 0.110241, -0.016857, 0.052852]
  关节加速度: [-0.439840, -0.937500, -0.731230, 0.551203, -0.084287, 0.264261]

轨迹点 3:
  时间: 0.300000 秒
  关节位置: [-1.503926, 0.717163, 1.910281, -2.945094, -1.141463, -0.102717]
  关节速度: [-0.131952, -0.281250, -0.219369, 0.165361, -0.025286, 0.079278]
  关节加速度: [-0.439840, -0.937500, -0.731230, 0.551203, -0.084287, 0.264261]

轨迹点 4:
  时间: 0.400000 秒
  关节位置: [-1.519320, 0.684350, 1.884688, -2.925802, -1.144413, -0.093468]
  关节速度: [-0.175936, -0.375000, -0.292492, 0.220481, -0.033715, 0.105705]
  关节加速度: [-0.439840, -0.937500, -0.731230, 0.551203, -0.084287, 0.264261]

轨迹点 5:
  时间: 0.500000 秒
  关节位置: [-1.538828, 0.642770, 1.852257, -2.901355, -1.148151, -0.081748]
  关节速度: [-0.204086, -0.435000, -0.339291, 0.255758, -0.039109, 0.122617]
  关节加速度: [-0.000000, -0.000000, -0.000000, 0.000000, -0.000000, 0.000000]

轨迹点 6:
  时间: 0.600000 秒
  关节位置: [-1.559237, 0.599270, 1.818328, -2.875780, -1.152062, -0.069486]
  关节速度: [-0.204086, -0.435000, -0.339291, 0.255758, -0.039109, 0.122617]
  关节加速度: [0.000000, 0.000000, 0.000000, -0.000000, 0.000000, -0.000000]

轨迹点 7:
  时间: 0.700000 秒
  关节位置: [-1.579645, 0.555770, 1.784399, -2.850204, -1.155973, -0.057224]
  关节速度: [-0.204086, -0.435000, -0.339291, 0.255758, -0.039109, 0.122617]
  关节加速度: [0.000000, 0.000000, 0.000000, -0.000000, 0.000000, -0.000000]

轨迹点 8:
  时间: 0.800000 秒
  关节位置: [-1.600054, 0.512270, 1.750469, -2.824628, -1.159884, -0.044962]
  关节速度: [-0.204086, -0.435000, -0.339291, 0.255758, -0.039109, 0.122617]
  关节加速度: [0.000000, 0.000000, 0.000000, -0.000000, 0.000000, -0.000000]

轨迹点 9:
  时间: 0.900000 秒
  关节位置: [-1.620462, 0.468770, 1.716540, -2.799052, -1.163795, -0.032701]
  关节速度: [-0.204086, -0.435000, -0.339291, 0.255758, -0.039109, 0.122617]
  关节加速度: [0.000000, 0.000000, 0.000000, -0.000000, 0.000000, -0.000000]

轨迹点 10:
  时间: 1.000000 秒
  关节位置: [-1.640871, 0.425270, 1.682611, -2.773476, -1.167706, -0.020439]
  关节速度: [-0.204086, -0.435000, -0.339291, 0.255758, -0.039109, 0.122617]
  关节加速度: [0.000000, 0.000000, 0.000000, -0.000000, 0.000000, -0.000000]

轨迹点 11:
  时间: 1.100000 秒
  关节位置: [-1.661280, 0.381770, 1.648682, -2.747901, -1.171617, -0.008177]
  关节速度: [-0.204086, -0.435000, -0.339291, 0.255758, -0.039109, 0.122617]
  关节加速度: [-0.000000, -0.000000, -0.000000, 0.000000, -0.000000, 0.000000]

轨迹点 12:
  时间: 1.200000 秒
  关节位置: [-1.681688, 0.338270, 1.614753, -2.722325, -1.175528, 0.004084]
  关节速度: [-0.204086, -0.435000, -0.339291, 0.255758, -0.039109, 0.122617]
  关节加速度: [-0.000000, -0.000000, -0.000000, 0.000000, -0.000000, 0.000000]

轨迹点 13:
  时间: 1.300000 秒
  关节位置: [-1.702097, 0.294770, 1.580824, -2.696749, -1.179439, 0.016346]
  关节速度: [-0.204086, -0.435000, -0.339291, 0.255758, -0.039109, 0.122617]
  关节加速度: [-0.000000, -0.000000, -0.000000, 0.000000, -0.000000, 0.000000]

轨迹点 14:
  时间: 1.400000 秒
  关节位置: [-1.722505, 0.251270, 1.546895, -2.671173, -1.183349, 0.028608]
  关节速度: [-0.204086, -0.435000, -0.339291, 0.255758, -0.039109, 0.122617]
  关节加速度: [-0.000000, -0.000000, -0.000000, 0.000000, -0.000000, 0.000000]

轨迹点 15:
  时间: 1.500000 秒
  关节位置: [-1.742914, 0.207770, 1.512966, -2.645597, -1.187260, 0.040870]
  关节速度: [-0.204086, -0.435000, -0.339291, 0.255758, -0.039109, 0.122617]
  关节加速度: [-0.000000, -0.000000, -0.000000, 0.000000, -0.000000, 0.000000]

轨迹点 16:
  时间: 1.600000 秒
  关节位置: [-1.763322, 0.164270, 1.479037, -2.620022, -1.191171, 0.053131]
  关节速度: [-0.204086, -0.435000, -0.339291, 0.255758, -0.039109, 0.122617]
  关节加速度: [-0.000000, -0.000000, -0.000000, 0.000000, -0.000000, 0.000000]

轨迹点 17:
  时间: 1.700000 秒
  关节位置: [-1.783731, 0.120770, 1.445108, -2.594446, -1.195082, 0.065393]
  关节速度: [-0.204086, -0.435000, -0.339291, 0.255758, -0.039109, 0.122617]
  关节加速度: [-0.000000, -0.000000, -0.000000, 0.000000, -0.000000, 0.000000]

轨迹点 18:
  时间: 1.800000 秒
  关节位置: [-1.804140, 0.077270, 1.411179, -2.568870, -1.198993, 0.077655]
  关节速度: [-0.204086, -0.435000, -0.339291, 0.255758, -0.039109, 0.122617]
  关节加速度: [-0.000000, -0.000000, -0.000000, 0.000000, -0.000000, 0.000000]

轨迹点 19:
  时间: 1.900000 秒
  关节位置: [-1.824548, 0.033770, 1.377249, -2.543294, -1.202904, 0.089917]
  关节速度: [-0.204086, -0.435000, -0.339291, 0.255758, -0.039109, 0.122617]
  关节加速度: [-0.000000, -0.000000, -0.000000, 0.000000, -0.000000, 0.000000]

轨迹点 20:
  时间: 2.000000 秒
  关节位置: [-1.844957, -0.009730, 1.343320, -2.517718, -1.206815, 0.102178]
  关节速度: [-0.204086, -0.435000, -0.339291, 0.255758, -0.039109, 0.122617]
  关节加速度: [0.000000, 0.000000, 0.000000, -0.000000, 0.000000, -0.000000]

轨迹点 21:
  时间: 2.100000 秒
  关节位置: [-1.865365, -0.053230, 1.309391, -2.492143, -1.210726, 0.114440]
  关节速度: [-0.204086, -0.435000, -0.339291, 0.255758, -0.039109, 0.122617]
  关节加速度: [-0.000000, -0.000000, -0.000000, 0.000000, -0.000000, 0.000000]

轨迹点 22:
  时间: 2.200000 秒
  关节位置: [-1.885774, -0.096730, 1.275462, -2.466567, -1.214637, 0.126702]
  关节速度: [-0.204086, -0.435000, -0.339291, 0.255758, -0.039109, 0.122617]
  关节加速度: [-0.000000, -0.000000, -0.000000, 0.000000, -0.000000, 0.000000]

轨迹点 23:
  时间: 2.300000 秒
  关节位置: [-1.906183, -0.140230, 1.241533, -2.440991, -1.218548, 0.138964]
  关节速度: [-0.204086, -0.435000, -0.339291, 0.255758, -0.039109, 0.122617]
  关节加速度: [-0.000000, -0.000000, -0.000000, 0.000000, -0.000000, 0.000000]

轨迹点 24:
  时间: 2.400000 秒
  关节位置: [-1.926591, -0.183730, 1.207604, -2.415415, -1.222459, 0.151225]
  关节速度: [-0.204086, -0.435000, -0.339291, 0.255758, -0.039109, 0.122617]
  关节加速度: [-0.000000, -0.000000, -0.000000, 0.000000, -0.000000, 0.000000]

轨迹点 25:
  时间: 2.500000 秒
  关节位置: [-1.947000, -0.227230, 1.173675, -2.389839, -1.226370, 0.163487]
  关节速度: [-0.204086, -0.435000, -0.339291, 0.255758, -0.039109, 0.122617]
  关节加速度: [-0.000000, -0.000000, -0.000000, 0.000000, -0.000000, 0.000000]

轨迹点 26:
  时间: 2.600000 秒
  关节位置: [-1.967408, -0.270730, 1.139746, -2.364263, -1.230281, 0.175749]
  关节速度: [-0.204086, -0.435000, -0.339291, 0.255758, -0.039109, 0.122617]
  关节加速度: [-0.000000, -0.000000, -0.000000, 0.000000, -0.000000, 0.000000]

轨迹点 27:
  时间: 2.700000 秒
  关节位置: [-1.987814, -0.314223, 1.105822, -2.338691, -1.234191, 0.188009]
  关节速度: [-0.202444, -0.431500, -0.336561, 0.253700, -0.038795, 0.121631]
  关节加速度: [0.439840, 0.937500, 0.731230, -0.551203, 0.084287, -0.264261]

轨迹点 28:
  时间: 2.800000 秒
  关节位置: [-2.005790, -0.352703, 1.075831, -2.314897, -1.237677, 0.199086]
  关节速度: [-0.154347, -0.338263, -0.262562, 0.264422, -0.031887, 0.108248]
  关节加速度: [0.557031, 0.936571, 0.764991, 1.220110, 0.044354, 0.084506]

轨迹点 29:
  时间: 2.900000 秒
  关节位置: [-2.018495, -0.381845, 1.053384, -2.283202, -1.240625, 0.210166]
  关节速度: [-0.100257, -0.244572, -0.186514, 0.361880, -0.026896, 0.111861]
  关节加速度: [0.526770, 0.937107, 0.756464, 0.760456, 0.054739, -0.006048]

轨迹点 30:
  时间: 3.000000 秒
  关节位置: [-2.025928, -0.401616, 1.038503, -2.243844, -1.243026, 0.221197]
  关节速度: [-0.048816, -0.150843, -0.111218, 0.419186, -0.020999, 0.107565]
  关节加速度: [0.502447, 0.937445, 0.749550, 0.391712, 0.063064, -0.078677]

轨迹点 31:
  时间: 3.100000 秒
  关节位置: [-2.028353, -0.412021, 1.031109, -2.200745, -1.244794, 0.231408]
  关节速度: [-0.000502, -0.057844, -0.037308, 0.435000, -0.014224, 0.095224]
  关节加速度: [0.452684, 0.890702, 0.704931, 0.000188, 0.068290, -0.147966]

轨迹点 32:
  时间: 3.200000 秒
  关节位置: [-2.027489, -0.416006, 1.028802, -2.157245, -1.246078, 0.240632]
  关节速度: [0.009835, -0.037504, -0.021211, 0.435000, -0.012665, 0.091845]
  关节加速度: [-0.000000, 0.000000, 0.000000, -0.000000, 0.000000, -0.000000]

轨迹点 33:
  时间: 3.300000 秒
  关节位置: [-2.026505, -0.419756, 1.026681, -2.113745, -1.247345, 0.249816]
  关节速度: [0.009835, -0.037504, -0.021211, 0.435000, -0.012665, 0.091845]
  关节加速度: [-0.000000, 0.000000, 0.000000, -0.000000, 0.000000, -0.000000]

轨迹点 34:
  时间: 3.400000 秒
  关节位置: [-2.025522, -0.423506, 1.024560, -2.070245, -1.248611, 0.259001]
  关节速度: [0.009835, -0.037504, -0.021211, 0.435000, -0.012665, 0.091845]
  关节加速度: [-0.000000, 0.000000, 0.000000, -0.000000, 0.000000, -0.000000]

轨迹点 35:
  时间: 3.500000 秒
  关节位置: [-2.024538, -0.427257, 1.022439, -2.026745, -1.249878, 0.268185]
  关节速度: [0.009835, -0.037504, -0.021211, 0.435000, -0.012665, 0.091845]
  关节加速度: [-0.000000, 0.000000, 0.000000, -0.000000, 0.000000, -0.000000]

轨迹点 36:
  时间: 3.600000 秒
  关节位置: [-2.023554, -0.431007, 1.020318, -1.983245, -1.251144, 0.277370]
  关节速度: [0.009835, -0.037504, -0.021211, 0.435000, -0.012665, 0.091845]
  关节加速度: [-0.000000, 0.000000, 0.000000, -0.000000, 0.000000, -0.000000]

轨迹点 37:
  时间: 3.700000 秒
  关节位置: [-2.022571, -0.434758, 1.018197, -1.939745, -1.252411, 0.286554]
  关节速度: [0.009835, -0.037504, -0.021211, 0.435000, -0.012665, 0.091845]
  关节加速度: [-0.000000, 0.000000, 0.000000, -0.000000, 0.000000, -0.000000]

轨迹点 38:
  时间: 3.800000 秒
  关节位置: [-2.021587, -0.438508, 1.016076, -1.896245, -1.253677, 0.295738]
  关节速度: [0.009835, -0.037504, -0.021211, 0.435000, -0.012665, 0.091845]
  关节加速度: [-0.000000, 0.000000, 0.000000, -0.000000, 0.000000, -0.000000]

轨迹点 39:
  时间: 3.900000 秒
  关节位置: [-2.020604, -0.442259, 1.013954, -1.852745, -1.254944, 0.304923]
  关节速度: [0.009835, -0.037504, -0.021211, 0.435000, -0.012665, 0.091845]
  关节加速度: [-0.000000, 0.000000, 0.000000, -0.000000, 0.000000, -0.000000]

轨迹点 40:
  时间: 4.000000 秒
  关节位置: [-2.019620, -0.446009, 1.011833, -1.809245, -1.256210, 0.314107]
  关节速度: [0.009835, -0.037504, -0.021211, 0.435000, -0.012665, 0.091845]
  关节加速度: [0.000000, -0.000000, -0.000000, 0.000000, -0.000000, 0.000000]

轨迹点 41:
  时间: 4.100000 秒
  关节位置: [-2.018637, -0.449760, 1.009712, -1.765745, -1.257477, 0.323292]
  关节速度: [0.009835, -0.037504, -0.021211, 0.435000, -0.012665, 0.091845]
  关节加速度: [-0.000000, 0.000000, 0.000000, -0.000000, 0.000000, -0.000000]

轨迹点 42:
  时间: 4.200000 秒
  关节位置: [-2.017653, -0.453510, 1.007591, -1.722245, -1.258743, 0.332476]
  关节速度: [0.009835, -0.037504, -0.021211, 0.435000, -0.012665, 0.091845]
  关节加速度: [-0.000000, 0.000000, 0.000000, -0.000000, 0.000000, -0.000000]

轨迹点 43:
  时间: 4.300000 秒
  关节位置: [-2.016670, -0.457260, 1.005470, -1.678745, -1.260010, 0.341661]
  关节速度: [0.009835, -0.037504, -0.021211, 0.435000, -0.012665, 0.091845]
  关节加速度: [-0.000000, 0.000000, 0.000000, -0.000000, 0.000000, -0.000000]

轨迹点 44:
  时间: 4.400000 秒
  关节位置: [-2.015686, -0.461011, 1.003349, -1.635245, -1.261276, 0.350845]
  关节速度: [0.009835, -0.037504, -0.021211, 0.435000, -0.012665, 0.091845]
  关节加速度: [-0.000000, 0.000000, 0.000000, -0.000000, 0.000000, -0.000000]

轨迹点 45:
  时间: 4.500000 秒
  关节位置: [-2.014703, -0.464761, 1.001228, -1.591745, -1.262543, 0.360030]
  关节速度: [0.009835, -0.037504, -0.021211, 0.435000, -0.012665, 0.091845]
  关节加速度: [-0.000000, 0.000000, 0.000000, -0.000000, 0.000000, -0.000000]

轨迹点 46:
  时间: 4.600000 秒
  关节位置: [-2.013719, -0.468512, 0.999107, -1.548245, -1.263809, 0.369214]
  关节速度: [0.009835, -0.037504, -0.021211, 0.435000, -0.012665, 0.091845]
  关节加速度: [-0.000000, 0.000000, 0.000000, -0.000000, 0.000000, -0.000000]

轨迹点 47:
  时间: 4.700000 秒
  关节位置: [-2.012736, -0.472262, 0.996986, -1.504745, -1.265076, 0.378399]
  关节速度: [0.009835, -0.037504, -0.021211, 0.435000, -0.012665, 0.091845]
  关节加速度: [-0.000000, 0.000000, 0.000000, -0.000000, 0.000000, -0.000000]

轨迹点 48:
  时间: 4.800000 秒
  关节位置: [-2.011752, -0.476013, 0.994865, -1.461245, -1.266342, 0.387583]
  关节速度: [0.009835, -0.037504, -0.021211, 0.435000, -0.012665, 0.091845]
  关节加速度: [-0.000000, 0.000000, 0.000000, -0.000000, 0.000000, -0.000000]

轨迹点 49:
  时间: 4.900000 秒
  关节位置: [-2.010769, -0.479763, 0.992744, -1.417745, -1.267609, 0.396767]
  关节速度: [0.009835, -0.037504, -0.021211, 0.435000, -0.012665, 0.091845]
  关节加速度: [-0.000000, 0.000000, 0.000000, -0.000000, 0.000000, -0.000000]

轨迹点 50:
  时间: 5.000000 秒
  关节位置: [-2.009785, -0.483513, 0.990623, -1.374245, -1.268875, 0.405952]
  关节速度: [0.009835, -0.037504, -0.021211, 0.435000, -0.012665, 0.091845]
  关节加速度: [-0.000000, 0.000000, 0.000000, -0.000000, 0.000000, -0.000000]

轨迹点 51:
  时间: 5.100000 秒
  关节位置: [-2.008802, -0.487264, 0.988502, -1.330745, -1.270142, 0.415136]
  关节速度: [0.009835, -0.037504, -0.021211, 0.435000, -0.012665, 0.091845]
  关节加速度: [-0.000000, 0.000000, 0.000000, -0.000000, 0.000000, -0.000000]

轨迹点 52:
  时间: 5.200000 秒
  关节位置: [-2.007818, -0.491014, 0.986381, -1.287245, -1.271408, 0.424321]
  关节速度: [0.009835, -0.037504, -0.021211, 0.435000, -0.012665, 0.091845]
  关节加速度: [-0.000000, 0.000000, 0.000000, -0.000000, 0.000000, -0.000000]

轨迹点 53:
  时间: 5.300000 秒
  关节位置: [-2.006835, -0.494765, 0.984260, -1.243745, -1.272675, 0.433505]
  关节速度: [0.009835, -0.037504, -0.021211, 0.435000, -0.012665, 0.091845]
  关节加速度: [-0.000000, 0.000000, 0.000000, -0.000000, 0.000000, -0.000000]

轨迹点 54:
  时间: 5.400000 秒
  关节位置: [-2.005851, -0.498515, 0.982139, -1.200245, -1.273941, 0.442690]
  关节速度: [0.009835, -0.037504, -0.021211, 0.435000, -0.012665, 0.091845]
  关节加速度: [-0.000000, 0.000000, 0.000000, -0.000000, 0.000000, -0.000000]

轨迹点 55:
  时间: 5.500000 秒
  关节位置: [-2.004868, -0.502266, 0.980017, -1.156745, -1.275208, 0.451874]
  关节速度: [0.009835, -0.037504, -0.021211, 0.435000, -0.012665, 0.091845]
  关节加速度: [-0.000000, 0.000000, 0.000000, -0.000000, 0.000000, -0.000000]

轨迹点 56:
  时间: 5.600000 秒
  关节位置: [-2.003884, -0.506016, 0.977896, -1.113245, -1.276474, 0.461059]
  关节速度: [0.009835, -0.037504, -0.021211, 0.435000, -0.012665, 0.091845]
  关节加速度: [-0.000000, 0.000000, 0.000000, -0.000000, 0.000000, -0.000000]

轨迹点 57:
  时间: 5.700000 秒
  关节位置: [-2.002900, -0.509767, 0.975775, -1.069745, -1.277741, 0.470243]
  关节速度: [0.009835, -0.037504, -0.021211, 0.435000, -0.012665, 0.091845]
  关节加速度: [-0.000000, 0.000000, 0.000000, -0.000000, 0.000000, -0.000000]

轨迹点 58:
  时间: 5.800000 秒
  关节位置: [-2.001917, -0.513517, 0.973654, -1.026245, -1.279007, 0.479427]
  关节速度: [0.009835, -0.037504, -0.021211, 0.435000, -0.012665, 0.091845]
  关节加速度: [-0.000000, 0.000000, 0.000000, -0.000000, 0.000000, -0.000000]

轨迹点 59:
  时间: 5.900000 秒
  关节位置: [-2.000933, -0.517267, 0.971533, -0.982745, -1.280273, 0.488612]
  关节速度: [0.009835, -0.037504, -0.021211, 0.435000, -0.012665, 0.091845]
  关节加速度: [-0.000000, 0.000000, 0.000000, -0.000000, 0.000000, -0.000000]

轨迹点 60:
  时间: 6.000000 秒
  关节位置: [-1.999950, -0.521018, 0.969412, -0.939245, -1.281540, 0.497796]
  关节速度: [0.009835, -0.037504, -0.021211, 0.435000, -0.012665, 0.091845]
  关节加速度: [-0.000000, 0.000000, 0.000000, -0.000000, 0.000000, -0.000000]

轨迹点 61:
  时间: 6.100000 秒
  关节位置: [-1.998966, -0.524768, 0.967291, -0.895745, -1.282806, 0.506981]
  关节速度: [0.009835, -0.037504, -0.021211, 0.435000, -0.012665, 0.091845]
  关节加速度: [-0.000000, 0.000000, 0.000000, -0.000000, 0.000000, -0.000000]

轨迹点 62:
  时间: 6.200000 秒
  关节位置: [-1.997983, -0.528519, 0.965170, -0.852245, -1.284073, 0.516165]
  关节速度: [0.009835, -0.037504, -0.021211, 0.435000, -0.012665, 0.091845]
  关节加速度: [-0.000000, 0.000000, 0.000000, -0.000000, 0.000000, -0.000000]

轨迹点 63:
  时间: 6.300000 秒
  关节位置: [-1.996226, -0.530948, 0.964412, -0.811169, -1.285809, 0.523624]
  关节速度: [0.042969, 0.011470, 0.031782, 0.396837, -0.033726, 0.033950]
  关节加速度: [0.688567, 0.937493, 1.044285, -0.104735, -0.447574, -1.034975]

轨迹点 64:
  时间: 6.400000 秒
  关节位置: [-1.988589, -0.525114, 0.972755, -0.773184, -1.291336, 0.521707]
  关节速度: [0.108721, 0.105201, 0.134489, 0.350746, -0.075947, -0.073697]
  关节加速度: [0.625052, 0.937407, 1.009281, -0.835988, -0.395643, -1.120498]

轨迹点 65:
  时间: 6.500000 秒
  关节位置: [-1.976152, -0.511595, 0.989194, -0.745792, -1.299841, 0.510167]
  关节速度: [0.135398, 0.159107, 0.187430, 0.195870, -0.091120, -0.150637]
  关节加速度: [0.152822, 0.387314, 0.359003, -1.560513, -0.077247, -0.605230]

轨迹点 66:
  时间: 6.600000 秒
  关节位置: [-1.961566, -0.493449, 1.010099, -0.733329, -1.309532, 0.491830]
  关节速度: [0.169145, 0.216646, 0.246840, 0.091316, -0.111628, -0.225648]
  关节加速度: [0.731948, 0.937500, 1.068157, 0.395154, -0.483050, -0.976455]

轨迹点 67:
  时间: 6.700000 秒
  关节位置: [-1.940992, -0.467096, 1.040124, -0.722222, -1.323110, 0.464383]
  关节速度: [0.242340, 0.310396, 0.353655, 0.130831, -0.159933, -0.323294]
  关节加速度: [0.731948, 0.937500, 1.068157, 0.395154, -0.483050, -0.976455]

轨迹点 68:
  时间: 6.800000 秒
  关节位置: [-1.913306, -0.431636, 1.080526, -0.707276, -1.341381, 0.427449]
  关节速度: [0.298081, 0.381791, 0.435000, 0.160924, -0.196719, -0.397655]
  关节加速度: [0.000000, 0.000000, 0.000000, 0.000000, -0.000000, -0.000000]

轨迹点 69:
  时间: 6.900000 秒
  关节位置: [-1.883498, -0.393457, 1.124026, -0.691183, -1.361053, 0.387684]
  关节速度: [0.298081, 0.381791, 0.435000, 0.160924, -0.196719, -0.397655]
  关节加速度: [0.000000, 0.000000, 0.000000, 0.000000, -0.000000, -0.000000]

轨迹点 70:
  时间: 7.000000 秒
  关节位置: [-1.853690, -0.355278, 1.167526, -0.675091, -1.380725, 0.347918]
  关节速度: [0.298081, 0.381791, 0.435000, 0.160924, -0.196719, -0.397655]
  关节加速度: [0.000000, 0.000000, 0.000000, 0.000000, -0.000000, -0.000000]

轨迹点 71:
  时间: 7.100000 秒
  关节位置: [-1.823882, -0.317099, 1.211026, -0.658998, -1.400397, 0.308153]
  关节速度: [0.298081, 0.381791, 0.435000, 0.160924, -0.196719, -0.397655]
  关节加速度: [0.000000, 0.000000, 0.000000, 0.000000, -0.000000, -0.000000]

轨迹点 72:
  时间: 7.200000 秒
  关节位置: [-1.794074, -0.278920, 1.254526, -0.642906, -1.420069, 0.268387]
  关节速度: [0.298081, 0.381791, 0.435000, 0.160924, -0.196719, -0.397655]
  关节加速度: [0.000000, 0.000000, 0.000000, 0.000000, -0.000000, -0.000000]

轨迹点 73:
  时间: 7.300000 秒
  关节位置: [-1.764266, -0.240740, 1.298026, -0.626814, -1.439741, 0.228622]
  关节速度: [0.298081, 0.381791, 0.435000, 0.160924, -0.196719, -0.397655]
  关节加速度: [0.000000, 0.000000, 0.000000, 0.000000, -0.000000, -0.000000]

轨迹点 74:
  时间: 7.400000 秒
  关节位置: [-1.734458, -0.202561, 1.341526, -0.610721, -1.459413, 0.188856]
  关节速度: [0.298081, 0.381791, 0.435000, 0.160924, -0.196719, -0.397655]
  关节加速度: [0.000000, 0.000000, 0.000000, 0.000000, -0.000000, -0.000000]

轨迹点 75:
  时间: 7.500000 秒
  关节位置: [-1.704650, -0.164382, 1.385026, -0.594629, -1.479085, 0.149091]
  关节速度: [0.298081, 0.381791, 0.435000, 0.160924, -0.196719, -0.397655]
  关节加速度: [0.000000, 0.000000, 0.000000, 0.000000, -0.000000, -0.000000]

轨迹点 76:
  时间: 7.600000 秒
  关节位置: [-1.674842, -0.126203, 1.428526, -0.578537, -1.498756, 0.109325]
  关节速度: [0.298081, 0.381791, 0.435000, 0.160924, -0.196719, -0.397655]
  关节加速度: [0.000000, 0.000000, 0.000000, 0.000000, -0.000000, -0.000000]

轨迹点 77:
  时间: 7.700000 秒
  关节位置: [-1.645034, -0.088024, 1.472026, -0.562444, -1.518428, 0.069560]
  关节速度: [0.298081, 0.381791, 0.435000, 0.160924, -0.196719, -0.397655]
  关节加速度: [0.000000, 0.000000, 0.000000, 0.000000, -0.000000, -0.000000]

轨迹点 78:
  时间: 7.800000 秒
  关节位置: [-1.617194, -0.052366, 1.512654, -0.547414, -1.536801, 0.032420]
  关节速度: [0.244400, 0.313035, 0.356662, 0.131944, -0.161292, -0.326042]
  关节加速度: [-0.731948, -0.937500, -1.068157, -0.395154, 0.483050, 0.976455]

轨迹点 79:
  时间: 7.900000 秒
  关节位置: [-1.596414, -0.025750, 1.542979, -0.536196, -1.550515, 0.004698]
  关节速度: [0.171206, 0.219285, 0.249847, 0.092428, -0.112987, -0.228397]
  关节加速度: [-0.731948, -0.937500, -1.068157, -0.395154, 0.483050, 0.976455]

轨迹点 80:
  时间: 8.000000 秒
  关节位置: [-1.582953, -0.008509, 1.562623, -0.528929, -1.559399, -0.013259]
  关节速度: [0.098011, 0.125535, 0.143031, 0.052913, -0.064682, -0.130752]
  关节加速度: [-0.731948, -0.937500, -1.068157, -0.395154, 0.483050, 0.976455]

轨迹点 81:
  时间: 8.100000 秒
  关节位置: [-1.576811, -0.000643, 1.571585, -0.525613, -1.563452, -0.021452]
  关节速度: [0.024816, 0.031785, 0.036215, 0.013397, -0.016378, -0.033106]
  关节加速度: [-0.731948, -0.937500, -1.068157, -0.395154, 0.483050, 0.976455]

轨迹点 82:
  时间: 8.133904 秒
  关节位置: [-1.576391, -0.000104, 1.572199, -0.525386, -1.563729, -0.022013]
  关节速度: [-0.000000, -0.000000, -0.000000, -0.000000, 0.000000, 0.000000]
  关节加速度: [-0.731948, -0.937500, -1.068157, -0.395154, 0.483050, 0.976455]

