详细轨迹分析报告
====================
轨迹点数: 76
轨迹总时间: 7.444 秒
关节名称: 
  0: joint1
  1: joint2
  2: joint3
  3: joint4
  4: joint5
  5: joint6

详细轨迹点信息:
================
轨迹点 0:
  时间: 0.000000 秒
  关节位置: [-1.484141, 0.759346, 1.943209, -2.969914, -1.137657, -0.114607]
  关节速度: [0.000000, -0.000000, -0.000000, 0.000000, -0.000000, -0.000000]
  关节加速度: [0.000000, 0.000000, 0.000000, 0.000000, 0.000000, 0.000000]

轨迹点 1:
  时间: 0.100000 秒
  关节位置: [-1.483884, 0.754658, 1.941987, -2.967179, -1.139600, -0.115632]
  关节速度: [0.005136, -0.093750, -0.024433, 0.054702, -0.038859, -0.020508]
  关节加速度: [0.051363, -0.937500, -0.244326, 0.547024, -0.388590, -0.205079]

轨迹点 2:
  时间: 0.200000 秒
  关节位置: [-1.483114, 0.740596, 1.938322, -2.958974, -1.145428, -0.118708]
  关节速度: [0.010273, -0.187500, -0.048865, 0.109405, -0.077718, -0.041016]
  关节加速度: [0.051363, -0.937500, -0.244326, 0.547024, -0.388590, -0.205079]

轨迹点 3:
  时间: 0.300000 秒
  关节位置: [-1.481830, 0.717158, 1.932214, -2.945298, -1.155143, -0.123835]
  关节速度: [0.015409, -0.281250, -0.073298, 0.164107, -0.116577, -0.061524]
  关节加速度: [0.051363, -0.937500, -0.244326, 0.547024, -0.388590, -0.205079]

轨迹点 4:
  时间: 0.400000 秒
  关节位置: [-1.480032, 0.684346, 1.923663, -2.926152, -1.168744, -0.131013]
  关节速度: [0.020545, -0.375000, -0.097730, 0.218810, -0.155436, -0.082032]
  关节加速度: [0.051363, -0.937500, -0.244326, 0.547024, -0.388590, -0.205079]

轨迹点 5:
  时间: 0.500000 秒
  关节位置: [-1.477754, 0.642766, 1.912826, -2.901891, -1.185979, -0.140109]
  关节速度: [0.023833, -0.435000, -0.113367, 0.253819, -0.180306, -0.095157]
  关节加速度: [0.000000, -0.000000, -0.000000, 0.000000, -0.000000, -0.000000]

轨迹点 6:
  时间: 0.600000 秒
  关节位置: [-1.475371, 0.599266, 1.901489, -2.876509, -1.204009, -0.149625]
  关节速度: [0.023833, -0.435000, -0.113367, 0.253819, -0.180306, -0.095157]
  关节加速度: [-0.000000, 0.000000, 0.000000, -0.000000, 0.000000, 0.000000]

轨迹点 7:
  时间: 0.700000 秒
  关节位置: [-1.472987, 0.555766, 1.890153, -2.851127, -1.222040, -0.159140]
  关节速度: [0.023833, -0.435000, -0.113367, 0.253819, -0.180306, -0.095157]
  关节加速度: [0.000000, -0.000000, -0.000000, 0.000000, -0.000000, -0.000000]

轨迹点 8:
  时间: 0.800000 秒
  关节位置: [-1.470604, 0.512266, 1.878816, -2.825745, -1.240070, -0.168656]
  关节速度: [0.023833, -0.435000, -0.113367, 0.253819, -0.180306, -0.095157]
  关节加速度: [0.000000, -0.000000, -0.000000, 0.000000, -0.000000, -0.000000]

轨迹点 9:
  时间: 0.900000 秒
  关节位置: [-1.468221, 0.468766, 1.867479, -2.800363, -1.258101, -0.178172]
  关节速度: [0.023833, -0.435000, -0.113367, 0.253819, -0.180306, -0.095157]
  关节加速度: [0.000000, -0.000000, -0.000000, 0.000000, -0.000000, -0.000000]

轨迹点 10:
  时间: 1.000000 秒
  关节位置: [-1.465838, 0.425266, 1.856143, -2.774981, -1.276132, -0.187687]
  关节速度: [0.023833, -0.435000, -0.113367, 0.253819, -0.180306, -0.095157]
  关节加速度: [0.000000, -0.000000, -0.000000, 0.000000, -0.000000, -0.000000]

轨迹点 11:
  时间: 1.100000 秒
  关节位置: [-1.463454, 0.381766, 1.844806, -2.749599, -1.294162, -0.197203]
  关节速度: [0.023833, -0.435000, -0.113367, 0.253819, -0.180306, -0.095157]
  关节加速度: [0.000000, -0.000000, -0.000000, 0.000000, -0.000000, -0.000000]

轨迹点 12:
  时间: 1.200000 秒
  关节位置: [-1.461071, 0.338266, 1.833469, -2.724217, -1.312193, -0.206719]
  关节速度: [0.023833, -0.435000, -0.113367, 0.253819, -0.180306, -0.095157]
  关节加速度: [-0.000000, 0.000000, 0.000000, -0.000000, 0.000000, 0.000000]

轨迹点 13:
  时间: 1.300000 秒
  关节位置: [-1.458688, 0.294766, 1.822132, -2.698835, -1.330223, -0.216234]
  关节速度: [0.023833, -0.435000, -0.113367, 0.253819, -0.180306, -0.095157]
  关节加速度: [-0.000000, 0.000000, 0.000000, -0.000000, 0.000000, 0.000000]

轨迹点 14:
  时间: 1.400000 秒
  关节位置: [-1.456304, 0.251266, 1.810796, -2.673454, -1.348254, -0.225750]
  关节速度: [0.023833, -0.435000, -0.113367, 0.253819, -0.180306, -0.095157]
  关节加速度: [-0.000000, 0.000000, 0.000000, -0.000000, 0.000000, 0.000000]

轨迹点 15:
  时间: 1.500000 秒
  关节位置: [-1.453921, 0.207766, 1.799459, -2.648072, -1.366285, -0.235266]
  关节速度: [0.023833, -0.435000, -0.113367, 0.253819, -0.180306, -0.095157]
  关节加速度: [-0.000000, 0.000000, 0.000000, -0.000000, 0.000000, 0.000000]

轨迹点 16:
  时间: 1.600000 秒
  关节位置: [-1.451538, 0.164266, 1.788122, -2.622690, -1.384315, -0.244781]
  关节速度: [0.023833, -0.435000, -0.113367, 0.253819, -0.180306, -0.095157]
  关节加速度: [-0.000000, 0.000000, 0.000000, -0.000000, 0.000000, 0.000000]

轨迹点 17:
  时间: 1.700000 秒
  关节位置: [-1.449155, 0.120766, 1.776786, -2.597308, -1.402346, -0.254297]
  关节速度: [0.023833, -0.435000, -0.113367, 0.253819, -0.180306, -0.095157]
  关节加速度: [-0.000000, 0.000000, 0.000000, -0.000000, 0.000000, 0.000000]

轨迹点 18:
  时间: 1.800000 秒
  关节位置: [-1.446771, 0.077266, 1.765449, -2.571926, -1.420376, -0.263813]
  关节速度: [0.023833, -0.435000, -0.113367, 0.253819, -0.180306, -0.095157]
  关节加速度: [-0.000000, 0.000000, 0.000000, -0.000000, 0.000000, 0.000000]

轨迹点 19:
  时间: 1.900000 秒
  关节位置: [-1.444388, 0.033766, 1.754112, -2.546544, -1.438407, -0.273328]
  关节速度: [0.023833, -0.435000, -0.113367, 0.253819, -0.180306, -0.095157]
  关节加速度: [-0.000000, 0.000000, 0.000000, -0.000000, 0.000000, 0.000000]

轨迹点 20:
  时间: 2.000000 秒
  关节位置: [-1.442005, -0.009734, 1.742775, -2.521162, -1.456437, -0.282844]
  关节速度: [0.023833, -0.435000, -0.113367, 0.253819, -0.180306, -0.095157]
  关节加速度: [-0.000000, 0.000000, 0.000000, -0.000000, 0.000000, 0.000000]

轨迹点 21:
  时间: 2.100000 秒
  关节位置: [-1.439622, -0.053234, 1.731439, -2.495780, -1.474468, -0.292360]
  关节速度: [0.023833, -0.435000, -0.113367, 0.253819, -0.180306, -0.095157]
  关节加速度: [0.000000, -0.000000, -0.000000, 0.000000, -0.000000, -0.000000]

轨迹点 22:
  时间: 2.200000 秒
  关节位置: [-1.437238, -0.096734, 1.720102, -2.470398, -1.492499, -0.301875]
  关节速度: [0.023833, -0.435000, -0.113367, 0.253819, -0.180306, -0.095157]
  关节加速度: [0.000000, -0.000000, -0.000000, 0.000000, -0.000000, -0.000000]

轨迹点 23:
  时间: 2.300000 秒
  关节位置: [-1.434855, -0.140234, 1.708765, -2.445016, -1.510529, -0.311391]
  关节速度: [0.023833, -0.435000, -0.113367, 0.253819, -0.180306, -0.095157]
  关节加速度: [0.000000, -0.000000, -0.000000, 0.000000, -0.000000, -0.000000]

轨迹点 24:
  时间: 2.400000 秒
  关节位置: [-1.432472, -0.183734, 1.697429, -2.419634, -1.528560, -0.320907]
  关节速度: [0.023833, -0.435000, -0.113367, 0.253819, -0.180306, -0.095157]
  关节加速度: [0.000000, -0.000000, -0.000000, 0.000000, -0.000000, -0.000000]

轨迹点 25:
  时间: 2.500000 秒
  关节位置: [-1.430089, -0.227234, 1.686092, -2.394252, -1.546590, -0.330422]
  关节速度: [0.023833, -0.435000, -0.113367, 0.253819, -0.180306, -0.095157]
  关节加速度: [0.000000, -0.000000, -0.000000, 0.000000, -0.000000, -0.000000]

轨迹点 26:
  时间: 2.600000 秒
  关节位置: [-1.427705, -0.270734, 1.674755, -2.368871, -1.564621, -0.339938]
  关节速度: [0.023833, -0.435000, -0.113367, 0.253819, -0.180306, -0.095157]
  关节加速度: [0.000000, -0.000000, -0.000000, 0.000000, -0.000000, -0.000000]

轨迹点 27:
  时间: 2.700000 秒
  关节位置: [-1.425322, -0.314234, 1.663418, -2.343489, -1.582652, -0.349454]
  关节速度: [0.023833, -0.435000, -0.113367, 0.253819, -0.180306, -0.095157]
  关节加速度: [0.000000, -0.000000, -0.000000, 0.000000, -0.000000, -0.000000]

轨迹点 28:
  时间: 2.800000 秒
  关节位置: [-1.422939, -0.357734, 1.652082, -2.318107, -1.600682, -0.358969]
  关节速度: [0.023833, -0.435000, -0.113367, 0.253819, -0.180306, -0.095157]
  关节加速度: [0.000000, -0.000000, -0.000000, 0.000000, -0.000000, -0.000000]

轨迹点 29:
  时间: 2.900000 秒
  关节位置: [-1.420555, -0.401234, 1.640745, -2.292725, -1.618713, -0.368485]
  关节速度: [0.023833, -0.435000, -0.113367, 0.253819, -0.180306, -0.095157]
  关节加速度: [0.000000, -0.000000, -0.000000, 0.000000, -0.000000, -0.000000]

轨迹点 30:
  时间: 3.000000 秒
  关节位置: [-1.418172, -0.444734, 1.629408, -2.267343, -1.636743, -0.378001]
  关节速度: [0.023833, -0.435000, -0.113367, 0.253819, -0.180306, -0.095157]
  关节加速度: [0.000000, -0.000000, -0.000000, 0.000000, -0.000000, -0.000000]

轨迹点 31:
  时间: 3.100000 秒
  关节位置: [-1.415789, -0.488234, 1.618072, -2.241961, -1.654774, -0.387517]
  关节速度: [0.023833, -0.435000, -0.113367, 0.253819, -0.180306, -0.095157]
  关节加速度: [0.000000, -0.000000, -0.000000, 0.000000, -0.000000, -0.000000]

轨迹点 32:
  时间: 3.200000 秒
  关节位置: [-1.413428, -0.531327, 1.606841, -2.216816, -1.672636, -0.396943]
  关节速度: [0.022320, -0.407383, -0.106170, 0.237705, -0.168859, -0.089116]
  关节加速度: [-0.051363, 0.937500, 0.244326, -0.547024, 0.388590, 0.205079]

轨迹点 33:
  时间: 3.300000 秒
  关节位置: [-1.411453, -0.567378, 1.597446, -2.195781, -1.687579, -0.404829]
  关节速度: [0.017183, -0.313633, -0.081737, 0.183003, -0.130000, -0.068608]
  关节加速度: [-0.051363, 0.937500, 0.244326, -0.547024, 0.388590, 0.205079]

轨迹点 34:
  时间: 3.400000 秒
  关节位置: [-1.410412, -0.594101, 1.589933, -2.173855, -1.699011, -0.409858]
  关节速度: [0.003406, -0.220419, -0.068678, 0.258460, -0.098645, -0.031462]
  关节加速度: [-0.131942, 0.936948, 0.139743, 0.660448, 0.320660, 0.360724]

轨迹点 35:
  时间: 3.500000 秒
  关节位置: [-1.410693, -0.611458, 1.583813, -2.145272, -1.707240, -0.411273]
  关节速度: [-0.008688, -0.126700, -0.053270, 0.307988, -0.065644, 0.002486]
  关节加速度: [-0.110998, 0.937279, 0.166989, 0.346331, 0.338403, 0.320289]

轨迹点 36:
  时间: 3.600000 秒
  关节位置: [-1.412087, -0.619441, 1.579361, -2.113196, -1.712087, -0.409482]
  关节速度: [-0.018891, -0.032961, -0.035406, 0.329179, -0.031045, 0.032784]
  关节加速度: [-0.093538, 0.937451, 0.189667, 0.084621, 0.353147, 0.286570]

轨迹点 37:
  时间: 3.700000 秒
  关节位置: [-1.414415, -0.618050, 1.576805, -2.080276, -1.713402, -0.404825]
  关节速度: [-0.027404, 0.060786, -0.015349, 0.325049, 0.004976, 0.059816]
  关节加速度: [-0.076823, 0.937434, 0.211318, -0.165664, 0.367177, 0.254269]

轨迹点 38:
  时间: 3.800000 秒
  关节位置: [-1.417567, -0.607464, 1.576231, -2.047938, -1.711174, -0.397539]
  关节速度: [-0.037600, 0.143894, -0.001001, 0.361061, 0.034685, 0.088901]
  关节加速度: [-0.162717, 0.622703, -0.004333, 1.562500, 0.150099, 0.384720]

轨迹点 39:
  时间: 3.900000 秒
  关节位置: [-1.421915, -0.590825, 1.576116, -2.006187, -1.707163, -0.387259]
  关节速度: [-0.045300, 0.173361, -0.001206, 0.435000, 0.041788, 0.107106]
  关节加速度: [-0.000000, 0.000000, -0.000000, 0.000000, 0.000000, 0.000000]

轨迹点 40:
  时间: 4.000000 秒
  关节位置: [-1.426445, -0.573489, 1.575995, -1.962687, -1.702984, -0.376549]
  关节速度: [-0.045300, 0.173361, -0.001206, 0.435000, 0.041788, 0.107106]
  关节加速度: [-0.000000, 0.000000, -0.000000, 0.000000, 0.000000, 0.000000]

轨迹点 41:
  时间: 4.100000 秒
  关节位置: [-1.430975, -0.556153, 1.575874, -1.919187, -1.698806, -0.365838]
  关节速度: [-0.045300, 0.173361, -0.001206, 0.435000, 0.041788, 0.107106]
  关节加速度: [-0.000000, 0.000000, -0.000000, 0.000000, 0.000000, 0.000000]

轨迹点 42:
  时间: 4.200000 秒
  关节位置: [-1.435505, -0.538817, 1.575754, -1.875687, -1.694627, -0.355127]
  关节速度: [-0.045300, 0.173361, -0.001206, 0.435000, 0.041788, 0.107106]
  关节加速度: [-0.000000, 0.000000, -0.000000, 0.000000, 0.000000, 0.000000]

轨迹点 43:
  时间: 4.300000 秒
  关节位置: [-1.440035, -0.521481, 1.575633, -1.832187, -1.690448, -0.344417]
  关节速度: [-0.045300, 0.173361, -0.001206, 0.435000, 0.041788, 0.107106]
  关节加速度: [-0.000000, 0.000000, -0.000000, 0.000000, 0.000000, 0.000000]

轨迹点 44:
  时间: 4.400000 秒
  关节位置: [-1.444565, -0.504144, 1.575512, -1.788687, -1.686269, -0.333706]
  关节速度: [-0.045300, 0.173361, -0.001206, 0.435000, 0.041788, 0.107106]
  关节加速度: [-0.000000, 0.000000, -0.000000, 0.000000, 0.000000, 0.000000]

轨迹点 45:
  时间: 4.500000 秒
  关节位置: [-1.449095, -0.486808, 1.575392, -1.745187, -1.682091, -0.322996]
  关节速度: [-0.045300, 0.173361, -0.001206, 0.435000, 0.041788, 0.107106]
  关节加速度: [-0.000000, 0.000000, -0.000000, 0.000000, 0.000000, 0.000000]

轨迹点 46:
  时间: 4.600000 秒
  关节位置: [-1.453625, -0.469472, 1.575271, -1.701687, -1.677912, -0.312285]
  关节速度: [-0.045300, 0.173361, -0.001206, 0.435000, 0.041788, 0.107106]
  关节加速度: [-0.000000, 0.000000, -0.000000, 0.000000, 0.000000, 0.000000]

轨迹点 47:
  时间: 4.700000 秒
  关节位置: [-1.458155, -0.452136, 1.575150, -1.658187, -1.673733, -0.301575]
  关节速度: [-0.045300, 0.173361, -0.001206, 0.435000, 0.041788, 0.107106]
  关节加速度: [-0.000000, 0.000000, -0.000000, 0.000000, 0.000000, 0.000000]

轨迹点 48:
  时间: 4.800000 秒
  关节位置: [-1.462685, -0.434800, 1.575030, -1.614687, -1.669554, -0.290864]
  关节速度: [-0.045300, 0.173361, -0.001206, 0.435000, 0.041788, 0.107106]
  关节加速度: [-0.000000, 0.000000, -0.000000, 0.000000, 0.000000, 0.000000]

轨迹点 49:
  时间: 4.900000 秒
  关节位置: [-1.467215, -0.417464, 1.574909, -1.571187, -1.665376, -0.280153]
  关节速度: [-0.045300, 0.173361, -0.001206, 0.435000, 0.041788, 0.107106]
  关节加速度: [-0.000000, 0.000000, -0.000000, 0.000000, 0.000000, 0.000000]

轨迹点 50:
  时间: 5.000000 秒
  关节位置: [-1.471745, -0.400128, 1.574788, -1.527687, -1.661197, -0.269443]
  关节速度: [-0.045300, 0.173361, -0.001206, 0.435000, 0.041788, 0.107106]
  关节加速度: [-0.000000, 0.000000, -0.000000, 0.000000, 0.000000, 0.000000]

轨迹点 51:
  时间: 5.100000 秒
  关节位置: [-1.476275, -0.382792, 1.574668, -1.484187, -1.657018, -0.258732]
  关节速度: [-0.045300, 0.173361, -0.001206, 0.435000, 0.041788, 0.107106]
  关节加速度: [-0.000000, 0.000000, -0.000000, 0.000000, 0.000000, 0.000000]

轨迹点 52:
  时间: 5.200000 秒
  关节位置: [-1.480805, -0.365456, 1.574547, -1.440687, -1.652839, -0.248022]
  关节速度: [-0.045300, 0.173361, -0.001206, 0.435000, 0.041788, 0.107106]
  关节加速度: [-0.000000, 0.000000, -0.000000, 0.000000, 0.000000, 0.000000]

轨迹点 53:
  时间: 5.300000 秒
  关节位置: [-1.485336, -0.348120, 1.574427, -1.397187, -1.648661, -0.237311]
  关节速度: [-0.045300, 0.173361, -0.001206, 0.435000, 0.041788, 0.107106]
  关节加速度: [-0.000000, 0.000000, -0.000000, 0.000000, 0.000000, 0.000000]

轨迹点 54:
  时间: 5.400000 秒
  关节位置: [-1.489866, -0.330784, 1.574306, -1.353687, -1.644482, -0.226600]
  关节速度: [-0.045300, 0.173361, -0.001206, 0.435000, 0.041788, 0.107106]
  关节加速度: [-0.000000, 0.000000, -0.000000, 0.000000, 0.000000, 0.000000]

轨迹点 55:
  时间: 5.500000 秒
  关节位置: [-1.494396, -0.313448, 1.574185, -1.310187, -1.640303, -0.215890]
  关节速度: [-0.045300, 0.173361, -0.001206, 0.435000, 0.041788, 0.107106]
  关节加速度: [-0.000000, 0.000000, -0.000000, 0.000000, 0.000000, 0.000000]

轨迹点 56:
  时间: 5.600000 秒
  关节位置: [-1.498926, -0.296112, 1.574065, -1.266687, -1.636124, -0.205179]
  关节速度: [-0.045300, 0.173361, -0.001206, 0.435000, 0.041788, 0.107106]
  关节加速度: [-0.000000, 0.000000, -0.000000, 0.000000, 0.000000, 0.000000]

轨迹点 57:
  时间: 5.700000 秒
  关节位置: [-1.503456, -0.278776, 1.573944, -1.223187, -1.631945, -0.194469]
  关节速度: [-0.045300, 0.173361, -0.001206, 0.435000, 0.041788, 0.107106]
  关节加速度: [-0.000000, 0.000000, -0.000000, 0.000000, 0.000000, 0.000000]

轨迹点 58:
  时间: 5.800000 秒
  关节位置: [-1.507986, -0.261440, 1.573823, -1.179687, -1.627767, -0.183758]
  关节速度: [-0.045300, 0.173361, -0.001206, 0.435000, 0.041788, 0.107106]
  关节加速度: [-0.000000, 0.000000, -0.000000, 0.000000, 0.000000, 0.000000]

轨迹点 59:
  时间: 5.900000 秒
  关节位置: [-1.512516, -0.244104, 1.573703, -1.136187, -1.623588, -0.173047]
  关节速度: [-0.045300, 0.173361, -0.001206, 0.435000, 0.041788, 0.107106]
  关节加速度: [-0.000000, 0.000000, -0.000000, 0.000000, 0.000000, 0.000000]

轨迹点 60:
  时间: 6.000000 秒
  关节位置: [-1.517046, -0.226768, 1.573582, -1.092687, -1.619409, -0.162337]
  关节速度: [-0.045300, 0.173361, -0.001206, 0.435000, 0.041788, 0.107106]
  关节加速度: [-0.000000, 0.000000, -0.000000, 0.000000, 0.000000, 0.000000]

轨迹点 61:
  时间: 6.100000 秒
  关节位置: [-1.521576, -0.209432, 1.573461, -1.049187, -1.615230, -0.151626]
  关节速度: [-0.045300, 0.173361, -0.001206, 0.435000, 0.041788, 0.107106]
  关节加速度: [-0.000000, 0.000000, -0.000000, 0.000000, 0.000000, 0.000000]

轨迹点 62:
  时间: 6.200000 秒
  关节位置: [-1.526106, -0.192096, 1.573341, -1.005687, -1.611052, -0.140916]
  关节速度: [-0.045300, 0.173361, -0.001206, 0.435000, 0.041788, 0.107106]
  关节加速度: [-0.000000, 0.000000, -0.000000, 0.000000, 0.000000, 0.000000]

轨迹点 63:
  时间: 6.300000 秒
  关节位置: [-1.530636, -0.174759, 1.573220, -0.962187, -1.606873, -0.130205]
  关节速度: [-0.045300, 0.173361, -0.001206, 0.435000, 0.041788, 0.107106]
  关节加速度: [-0.000000, 0.000000, -0.000000, 0.000000, 0.000000, 0.000000]

轨迹点 64:
  时间: 6.400000 秒
  关节位置: [-1.535166, -0.157423, 1.573099, -0.918687, -1.602694, -0.119494]
  关节速度: [-0.045300, 0.173361, -0.001206, 0.435000, 0.041788, 0.107106]
  关节加速度: [-0.000000, 0.000000, -0.000000, 0.000000, 0.000000, 0.000000]

轨迹点 65:
  时间: 6.500000 秒
  关节位置: [-1.539696, -0.140087, 1.572979, -0.875187, -1.598515, -0.108784]
  关节速度: [-0.045300, 0.173361, -0.001206, 0.435000, 0.041788, 0.107106]
  关节加速度: [-0.000000, 0.000000, -0.000000, 0.000000, 0.000000, 0.000000]

轨迹点 66:
  时间: 6.600000 秒
  关节位置: [-1.544226, -0.122751, 1.572858, -0.831687, -1.594337, -0.098073]
  关节速度: [-0.045300, 0.173361, -0.001206, 0.435000, 0.041788, 0.107106]
  关节加速度: [-0.000000, 0.000000, -0.000000, 0.000000, 0.000000, 0.000000]

轨迹点 67:
  时间: 6.700000 秒
  关节位置: [-1.548756, -0.105415, 1.572738, -0.788187, -1.590158, -0.087363]
  关节速度: [-0.045300, 0.173361, -0.001206, 0.435000, 0.041788, 0.107106]
  关节加速度: [-0.000000, 0.000000, -0.000000, 0.000000, 0.000000, 0.000000]

轨迹点 68:
  时间: 6.800000 秒
  关节位置: [-1.553286, -0.088079, 1.572617, -0.744687, -1.585979, -0.076652]
  关节速度: [-0.045300, 0.173361, -0.001206, 0.435000, 0.041788, 0.107106]
  关节加速度: [-0.000000, 0.000000, -0.000000, 0.000000, 0.000000, 0.000000]

轨迹点 69:
  时间: 6.900000 秒
  关节位置: [-1.557816, -0.070743, 1.572496, -0.701187, -1.581800, -0.065941]
  关节速度: [-0.045300, 0.173361, -0.001206, 0.435000, 0.041788, 0.107106]
  关节加速度: [-0.000000, 0.000000, -0.000000, 0.000000, 0.000000, 0.000000]

轨迹点 70:
  时间: 7.000000 秒
  关节位置: [-1.562346, -0.053407, 1.572376, -0.657687, -1.577622, -0.055231]
  关节速度: [-0.045300, 0.173361, -0.001206, 0.435000, 0.041788, 0.107106]
  关节加速度: [-0.000000, 0.000000, -0.000000, 0.000000, 0.000000, 0.000000]

轨迹点 71:
  时间: 7.100000 秒
  关节位置: [-1.566876, -0.036071, 1.572255, -0.614187, -1.573443, -0.044520]
  关节速度: [-0.045300, 0.173361, -0.001206, 0.435000, 0.041788, 0.107106]
  关节加速度: [-0.000000, 0.000000, -0.000000, 0.000000, 0.000000, 0.000000]

轨迹点 72:
  时间: 7.200000 秒
  关节位置: [-1.571311, -0.019100, 1.572137, -0.571604, -1.569352, -0.034035]
  关节速度: [-0.039726, 0.152029, -0.001058, 0.381475, 0.036646, 0.093927]
  关节加速度: [0.162717, -0.622703, 0.004333, -1.562500, -0.150099, -0.384720]

轨迹点 73:
  时间: 7.300000 秒
  关节位置: [-1.574470, -0.007011, 1.572053, -0.541269, -1.566438, -0.026566]
  关节速度: [-0.023455, 0.089759, -0.000625, 0.225225, 0.021636, 0.055455]
  关节加速度: [0.162717, -0.622703, 0.004333, -1.562500, -0.150099, -0.384720]

轨迹点 74:
  时间: 7.400000 秒
  关节位置: [-1.576002, -0.001149, 1.572012, -0.526559, -1.565025, -0.022944]
  关节速度: [-0.007183, 0.027489, -0.000191, 0.068975, 0.006626, 0.016983]
  关节加速度: [0.162717, -0.622703, 0.004333, -1.562500, -0.150099, -0.384720]

轨迹点 75:
  时间: 7.444144 秒
  关节位置: [-1.576160, -0.000542, 1.572008, -0.525037, -1.564879, -0.022570]
  关节速度: [-0.000000, 0.000000, -0.000000, 0.000000, 0.000000, 0.000000]
  关节加速度: [0.162717, -0.622703, 0.004333, -1.562500, -0.150099, -0.384720]

