详细轨迹分析报告
====================
轨迹点数: 76
轨迹总时间: 7.401 秒
关节名称: 
  0: joint1
  1: joint2
  2: joint3
  3: joint4
  4: joint5
  5: joint6

详细轨迹点信息:
================
轨迹点 0:
  时间: 0.000000 秒
  关节位置: [-1.484141, 0.759346, 1.943208, -2.969914, -1.137657, -0.114607]
  关节速度: [-0.000000, -0.000000, -0.000000, 0.000000, 0.000000, -0.000000]
  关节加速度: [0.000000, 0.000000, 0.000000, 0.000000, 0.000000, 0.000000]

轨迹点 1:
  时间: 0.100000 秒
  关节位置: [-1.485999, 0.754659, 1.942871, -2.965977, -1.135999, -0.116758]
  关节速度: [-0.037167, -0.093750, -0.006734, 0.078736, 0.033171, -0.043017]
  关节加速度: [-0.371674, -0.937500, -0.067336, 0.787359, 0.331707, -0.430173]

轨迹点 2:
  时间: 0.200000 秒
  关节位置: [-1.491574, 0.740596, 1.941861, -2.954166, -1.131023, -0.123210]
  关节速度: [-0.074335, -0.187500, -0.013467, 0.157472, 0.066341, -0.086034]
  关节加速度: [-0.371674, -0.937500, -0.067336, 0.787359, 0.331707, -0.430173]

轨迹点 3:
  时间: 0.300000 秒
  关节位置: [-1.500866, 0.717159, 1.940177, -2.934482, -1.122731, -0.133965]
  关节速度: [-0.111502, -0.281249, -0.020201, 0.236207, 0.099512, -0.129051]
  关节加速度: [-0.371674, -0.937500, -0.067336, 0.787359, 0.331707, -0.430173]

轨迹点 4:
  时间: 0.400000 秒
  关节位置: [-1.513874, 0.684346, 1.937821, -2.906925, -1.111121, -0.149021]
  关节速度: [-0.148669, -0.374999, -0.026934, 0.314943, 0.132682, -0.172069]
  关节加速度: [-0.371674, -0.937500, -0.067336, 0.787359, 0.331707, -0.430173]

轨迹点 5:
  时间: 0.500000 秒
  关节位置: [-1.530359, 0.642766, 1.934834, -2.872004, -1.096409, -0.168100]
  关节速度: [-0.172457, -0.435000, -0.031244, 0.365335, 0.153912, -0.199600]
  关节加速度: [0.000000, 0.000000, 0.000000, -0.000000, -0.000000, 0.000000]

轨迹点 6:
  时间: 0.600000 秒
  关节位置: [-1.547604, 0.599266, 1.931710, -2.835471, -1.081018, -0.188060]
  关节速度: [-0.172457, -0.435000, -0.031244, 0.365335, 0.153912, -0.199600]
  关节加速度: [-0.000000, -0.000000, -0.000000, 0.000000, 0.000000, -0.000000]

轨迹点 7:
  时间: 0.700000 秒
  关节位置: [-1.564850, 0.555766, 1.928585, -2.798937, -1.065627, -0.208020]
  关节速度: [-0.172457, -0.435000, -0.031244, 0.365335, 0.153912, -0.199600]
  关节加速度: [0.000000, 0.000000, 0.000000, -0.000000, -0.000000, 0.000000]

轨迹点 8:
  时间: 0.800000 秒
  关节位置: [-1.582096, 0.512266, 1.925461, -2.762404, -1.050235, -0.227980]
  关节速度: [-0.172457, -0.435000, -0.031244, 0.365335, 0.153912, -0.199600]
  关节加速度: [-0.000000, -0.000000, -0.000000, 0.000000, 0.000000, -0.000000]

轨迹点 9:
  时间: 0.900000 秒
  关节位置: [-1.599341, 0.468766, 1.922337, -2.725870, -1.034844, -0.247940]
  关节速度: [-0.172457, -0.435000, -0.031244, 0.365335, 0.153912, -0.199600]
  关节加速度: [0.000000, 0.000000, 0.000000, -0.000000, -0.000000, 0.000000]

轨迹点 10:
  时间: 1.000000 秒
  关节位置: [-1.616587, 0.425266, 1.919212, -2.689337, -1.019453, -0.267900]
  关节速度: [-0.172457, -0.435000, -0.031244, 0.365335, 0.153912, -0.199600]
  关节加速度: [-0.000000, -0.000000, -0.000000, 0.000000, 0.000000, -0.000000]

轨迹点 11:
  时间: 1.100000 秒
  关节位置: [-1.633833, 0.381766, 1.916088, -2.652803, -1.004062, -0.287860]
  关节速度: [-0.172457, -0.435000, -0.031244, 0.365335, 0.153912, -0.199600]
  关节加速度: [-0.000000, -0.000000, -0.000000, 0.000000, 0.000000, -0.000000]

轨迹点 12:
  时间: 1.200000 秒
  关节位置: [-1.651078, 0.338266, 1.912963, -2.616270, -0.988671, -0.307820]
  关节速度: [-0.172457, -0.435000, -0.031244, 0.365335, 0.153912, -0.199600]
  关节加速度: [-0.000000, -0.000000, -0.000000, 0.000000, 0.000000, -0.000000]

轨迹点 13:
  时间: 1.300000 秒
  关节位置: [-1.668324, 0.294766, 1.909839, -2.579736, -0.973279, -0.327780]
  关节速度: [-0.172457, -0.435000, -0.031244, 0.365335, 0.153912, -0.199600]
  关节加速度: [-0.000000, -0.000000, -0.000000, 0.000000, 0.000000, -0.000000]

轨迹点 14:
  时间: 1.400000 秒
  关节位置: [-1.685570, 0.251266, 1.906715, -2.543203, -0.957888, -0.347740]
  关节速度: [-0.172457, -0.435000, -0.031244, 0.365335, 0.153912, -0.199600]
  关节加速度: [-0.000000, -0.000000, -0.000000, 0.000000, 0.000000, -0.000000]

轨迹点 15:
  时间: 1.500000 秒
  关节位置: [-1.702815, 0.207766, 1.903590, -2.506669, -0.942497, -0.367700]
  关节速度: [-0.172457, -0.435000, -0.031244, 0.365335, 0.153912, -0.199600]
  关节加速度: [-0.000000, -0.000000, -0.000000, 0.000000, 0.000000, -0.000000]

轨迹点 16:
  时间: 1.600000 秒
  关节位置: [-1.720061, 0.164266, 1.900466, -2.470136, -0.927106, -0.387660]
  关节速度: [-0.172457, -0.435000, -0.031244, 0.365335, 0.153912, -0.199600]
  关节加速度: [-0.000000, -0.000000, -0.000000, 0.000000, 0.000000, -0.000000]

轨迹点 17:
  时间: 1.700000 秒
  关节位置: [-1.737307, 0.120766, 1.897341, -2.433603, -0.911715, -0.407620]
  关节速度: [-0.172457, -0.435000, -0.031244, 0.365335, 0.153912, -0.199600]
  关节加速度: [-0.000000, -0.000000, -0.000000, 0.000000, 0.000000, -0.000000]

轨迹点 18:
  时间: 1.800000 秒
  关节位置: [-1.754552, 0.077266, 1.894217, -2.397069, -0.896323, -0.427580]
  关节速度: [-0.172457, -0.435000, -0.031244, 0.365335, 0.153912, -0.199600]
  关节加速度: [0.000000, 0.000000, 0.000000, -0.000000, -0.000000, 0.000000]

轨迹点 19:
  时间: 1.900000 秒
  关节位置: [-1.771798, 0.033766, 1.891093, -2.360536, -0.880932, -0.447540]
  关节速度: [-0.172457, -0.435000, -0.031244, 0.365335, 0.153912, -0.199600]
  关节加速度: [0.000000, 0.000000, 0.000000, -0.000000, -0.000000, 0.000000]

轨迹点 20:
  时间: 2.000000 秒
  关节位置: [-1.789044, -0.009734, 1.887968, -2.324002, -0.865541, -0.467500]
  关节速度: [-0.172457, -0.435000, -0.031244, 0.365335, 0.153912, -0.199600]
  关节加速度: [0.000000, 0.000000, 0.000000, -0.000000, -0.000000, 0.000000]

轨迹点 21:
  时间: 2.100000 秒
  关节位置: [-1.806289, -0.053234, 1.884844, -2.287469, -0.850150, -0.487460]
  关节速度: [-0.172457, -0.435000, -0.031244, 0.365335, 0.153912, -0.199600]
  关节加速度: [0.000000, 0.000000, 0.000000, -0.000000, -0.000000, 0.000000]

轨迹点 22:
  时间: 2.200000 秒
  关节位置: [-1.823535, -0.096734, 1.881719, -2.250935, -0.834759, -0.507420]
  关节速度: [-0.172457, -0.435000, -0.031244, 0.365335, 0.153912, -0.199600]
  关节加速度: [0.000000, 0.000000, 0.000000, -0.000000, -0.000000, 0.000000]

轨迹点 23:
  时间: 2.300000 秒
  关节位置: [-1.840781, -0.140234, 1.878595, -2.214402, -0.819367, -0.527380]
  关节速度: [-0.172457, -0.435000, -0.031244, 0.365335, 0.153912, -0.199600]
  关节加速度: [0.000000, 0.000000, 0.000000, -0.000000, -0.000000, 0.000000]

轨迹点 24:
  时间: 2.400000 秒
  关节位置: [-1.858026, -0.183734, 1.875471, -2.177868, -0.803976, -0.547340]
  关节速度: [-0.172457, -0.435000, -0.031244, 0.365335, 0.153912, -0.199600]
  关节加速度: [0.000000, 0.000000, 0.000000, -0.000000, -0.000000, 0.000000]

轨迹点 25:
  时间: 2.500000 秒
  关节位置: [-1.875272, -0.227234, 1.872346, -2.141335, -0.788585, -0.567300]
  关节速度: [-0.172457, -0.435000, -0.031244, 0.365335, 0.153912, -0.199600]
  关节加速度: [0.000000, 0.000000, 0.000000, -0.000000, -0.000000, 0.000000]

轨迹点 26:
  时间: 2.600000 秒
  关节位置: [-1.892518, -0.270734, 1.869222, -2.104801, -0.773194, -0.587260]
  关节速度: [-0.172457, -0.435000, -0.031244, 0.365335, 0.153912, -0.199600]
  关节加速度: [0.000000, 0.000000, 0.000000, -0.000000, -0.000000, 0.000000]

轨迹点 27:
  时间: 2.700000 秒
  关节位置: [-1.909763, -0.314234, 1.866098, -2.068268, -0.757803, -0.607220]
  关节速度: [-0.172457, -0.435000, -0.031244, 0.365335, 0.153912, -0.199600]
  关节加速度: [0.000000, 0.000000, 0.000000, -0.000000, -0.000000, 0.000000]

轨迹点 28:
  时间: 2.800000 秒
  关节位置: [-1.927009, -0.357734, 1.862973, -2.031734, -0.742412, -0.627180]
  关节速度: [-0.172457, -0.435000, -0.031244, 0.365335, 0.153912, -0.199600]
  关节加速度: [0.000000, 0.000000, 0.000000, -0.000000, -0.000000, 0.000000]

轨迹点 29:
  时间: 2.900000 秒
  关节位置: [-1.944255, -0.401234, 1.859849, -1.995201, -0.727020, -0.647140]
  关节速度: [-0.172457, -0.435000, -0.031244, 0.365335, 0.153912, -0.199600]
  关节加速度: [0.000000, 0.000000, 0.000000, -0.000000, -0.000000, 0.000000]

轨迹点 30:
  时间: 3.000000 秒
  关节位置: [-1.960972, -0.443400, 1.856820, -1.959787, -0.712101, -0.666488]
  关节速度: [-0.152633, -0.384997, -0.027652, 0.323340, 0.136220, -0.176656]
  关节加速度: [0.371674, 0.937500, 0.067336, -0.787359, -0.331707, 0.430173]

轨迹点 31:
  时间: 3.100000 秒
  关节位置: [-1.974376, -0.477212, 1.854392, -1.931390, -0.700137, -0.682003]
  关节速度: [-0.115466, -0.291247, -0.020919, 0.244604, 0.103049, -0.133639]
  关节加速度: [0.371674, 0.937500, 0.067336, -0.787359, -0.331707, 0.430173]

轨迹点 32:
  时间: 3.200000 秒
  关节位置: [-1.984065, -0.501650, 1.852636, -1.910867, -0.691491, -0.693216]
  关节速度: [-0.078298, -0.197497, -0.014185, 0.165868, 0.069879, -0.090622]
  关节加速度: [0.371674, 0.937500, 0.067336, -0.787359, -0.331707, 0.430173]

轨迹点 33:
  时间: 3.300000 秒
  关节位置: [-1.989796, -0.516721, 1.851186, -1.896107, -0.686968, -0.699620]
  关节速度: [-0.031747, -0.104005, -0.021798, 0.169147, 0.005316, -0.027814]
  关节加速度: [0.540493, 0.931427, -0.191726, 0.694249, -0.897851, 0.786746]

轨迹点 34:
  时间: 3.400000 秒
  关节位置: [-1.991190, -0.524775, 1.847889, -1.873826, -0.690090, -0.699539]
  关节速度: [-0.011040, -0.091793, -0.044885, 0.295705, -0.051664, 0.011088]
  关节加速度: [-0.058333, -0.485031, -0.237173, 1.562500, -0.272990, 0.058588]

轨迹点 35:
  时间: 3.500000 秒
  关节位置: [-1.992582, -0.536351, 1.842229, -1.836535, -0.696605, -0.698141]
  关节速度: [-0.016240, -0.135033, -0.066029, 0.435000, -0.076000, 0.016311]
  关节加速度: [-0.000000, -0.000000, -0.000000, 0.000000, -0.000000, 0.000000]

轨迹点 36:
  时间: 3.600000 秒
  关节位置: [-1.994206, -0.549854, 1.835626, -1.793035, -0.704205, -0.696510]
  关节速度: [-0.016240, -0.135033, -0.066029, 0.435000, -0.076000, 0.016311]
  关节加速度: [-0.000000, -0.000000, -0.000000, 0.000000, -0.000000, 0.000000]

轨迹点 37:
  时间: 3.700000 秒
  关节位置: [-1.995830, -0.563357, 1.829023, -1.749535, -0.711805, -0.694879]
  关节速度: [-0.016240, -0.135033, -0.066029, 0.435000, -0.076000, 0.016311]
  关节加速度: [-0.000000, -0.000000, -0.000000, 0.000000, -0.000000, 0.000000]

轨迹点 38:
  时间: 3.800000 秒
  关节位置: [-1.997454, -0.576861, 1.822420, -1.706035, -0.719405, -0.693248]
  关节速度: [-0.016240, -0.135033, -0.066029, 0.435000, -0.076000, 0.016311]
  关节加速度: [-0.000000, -0.000000, -0.000000, 0.000000, -0.000000, 0.000000]

轨迹点 39:
  时间: 3.900000 秒
  关节位置: [-1.999078, -0.590364, 1.815817, -1.662535, -0.727005, -0.691617]
  关节速度: [-0.016240, -0.135033, -0.066029, 0.435000, -0.076000, 0.016311]
  关节加速度: [-0.000000, -0.000000, -0.000000, 0.000000, -0.000000, 0.000000]

轨迹点 40:
  时间: 4.000000 秒
  关节位置: [-2.000702, -0.603867, 1.809214, -1.619035, -0.734605, -0.689985]
  关节速度: [-0.016240, -0.135033, -0.066029, 0.435000, -0.076000, 0.016311]
  关节加速度: [0.000000, 0.000000, 0.000000, -0.000000, 0.000000, -0.000000]

轨迹点 41:
  时间: 4.100000 秒
  关节位置: [-2.002326, -0.617370, 1.802611, -1.575535, -0.742205, -0.688354]
  关节速度: [-0.016240, -0.135033, -0.066029, 0.435000, -0.076000, 0.016311]
  关节加速度: [-0.000000, -0.000000, -0.000000, 0.000000, -0.000000, 0.000000]

轨迹点 42:
  时间: 4.200000 秒
  关节位置: [-2.003950, -0.630874, 1.796008, -1.532035, -0.749806, -0.686723]
  关节速度: [-0.016240, -0.135033, -0.066029, 0.435000, -0.076000, 0.016311]
  关节加速度: [-0.000000, -0.000000, -0.000000, 0.000000, -0.000000, 0.000000]

轨迹点 43:
  时间: 4.300000 秒
  关节位置: [-2.005574, -0.644377, 1.789406, -1.488535, -0.757406, -0.685092]
  关节速度: [-0.016240, -0.135033, -0.066029, 0.435000, -0.076000, 0.016311]
  关节加速度: [-0.000000, -0.000000, -0.000000, 0.000000, -0.000000, 0.000000]

轨迹点 44:
  时间: 4.400000 秒
  关节位置: [-2.007198, -0.657880, 1.782803, -1.445035, -0.765006, -0.683461]
  关节速度: [-0.016240, -0.135033, -0.066029, 0.435000, -0.076000, 0.016311]
  关节加速度: [-0.000000, -0.000000, -0.000000, 0.000000, -0.000000, 0.000000]

轨迹点 45:
  时间: 4.500000 秒
  关节位置: [-2.008822, -0.671384, 1.776200, -1.401535, -0.772606, -0.681830]
  关节速度: [-0.016240, -0.135033, -0.066029, 0.435000, -0.076000, 0.016311]
  关节加速度: [-0.000000, -0.000000, -0.000000, 0.000000, -0.000000, 0.000000]

轨迹点 46:
  时间: 4.600000 秒
  关节位置: [-2.010446, -0.684887, 1.769597, -1.358035, -0.780206, -0.680199]
  关节速度: [-0.016240, -0.135033, -0.066029, 0.435000, -0.076000, 0.016311]
  关节加速度: [-0.000000, -0.000000, -0.000000, 0.000000, -0.000000, 0.000000]

轨迹点 47:
  时间: 4.700000 秒
  关节位置: [-2.012069, -0.698390, 1.762994, -1.314535, -0.787806, -0.678568]
  关节速度: [-0.016240, -0.135033, -0.066029, 0.435000, -0.076000, 0.016311]
  关节加速度: [-0.000000, -0.000000, -0.000000, 0.000000, -0.000000, 0.000000]

轨迹点 48:
  时间: 4.800000 秒
  关节位置: [-2.013693, -0.711893, 1.756391, -1.271035, -0.795406, -0.676937]
  关节速度: [-0.016240, -0.135033, -0.066029, 0.435000, -0.076000, 0.016311]
  关节加速度: [-0.000000, -0.000000, -0.000000, 0.000000, -0.000000, 0.000000]

轨迹点 49:
  时间: 4.900000 秒
  关节位置: [-2.015317, -0.725397, 1.749788, -1.227535, -0.803006, -0.675306]
  关节速度: [-0.016240, -0.135033, -0.066029, 0.435000, -0.076000, 0.016311]
  关节加速度: [-0.000000, -0.000000, -0.000000, 0.000000, -0.000000, 0.000000]

轨迹点 50:
  时间: 5.000000 秒
  关节位置: [-2.016912, -0.738657, 1.743304, -1.184819, -0.810469, -0.673704]
  关节速度: [-0.014392, -0.119670, -0.058517, 0.385511, -0.067354, 0.014455]
  关节加速度: [0.058333, 0.485031, 0.237173, -1.562500, 0.272990, -0.058588]

轨迹点 51:
  时间: 5.100000 秒
  关节位置: [-2.018060, -0.748199, 1.738638, -1.154081, -0.815839, -0.672551]
  关节速度: [-0.008559, -0.071167, -0.034800, 0.229261, -0.040055, 0.008596]
  关节加速度: [0.058333, 0.485031, 0.237173, -1.562500, 0.272990, -0.058588]

轨迹点 52:
  时间: 5.200000 秒
  关节位置: [-2.018401, -0.752637, 1.736178, -1.138122, -0.818975, -0.671611]
  关节速度: [0.010304, -0.007547, -0.020605, 0.121059, -0.041452, 0.024462]
  关节加速度: [0.428666, 0.937399, -0.018251, -0.293571, -0.520781, 0.550404]

轨迹点 53:
  时间: 5.300000 秒
  关节位置: [-2.015388, -0.748707, 1.734267, -1.128863, -0.825193, -0.666750]
  关节速度: [0.050585, 0.086153, -0.018556, 0.069563, -0.084990, 0.074087]
  关节加速度: [0.550459, 0.937500, -0.201925, 0.756969, -0.924841, 0.806202]

轨迹点 54:
  时间: 5.400000 秒
  关节位置: [-2.007577, -0.735404, 1.731402, -1.118122, -0.838317, -0.655310]
  关节速度: [0.105631, 0.179902, -0.038749, 0.145259, -0.177473, 0.154707]
  关节加速度: [0.550459, 0.937500, -0.201925, 0.756969, -0.924841, 0.806202]

轨迹点 55:
  时间: 5.500000 秒
  关节位置: [-1.994262, -0.712726, 1.726518, -1.099811, -0.860688, -0.635808]
  关节速度: [0.160676, 0.273651, -0.058941, 0.220955, -0.269956, 0.235326]
  关节加速度: [0.550459, 0.937500, -0.201925, 0.756969, -0.924841, 0.806202]

轨迹点 56:
  时间: 5.600000 秒
  关节位置: [-1.975442, -0.680673, 1.719614, -1.073931, -0.892308, -0.608245]
  关节速度: [0.215721, 0.367400, -0.079133, 0.296652, -0.362439, 0.315946]
  关节加速度: [0.550459, 0.937500, -0.201925, 0.756969, -0.924841, 0.806202]

轨迹点 57:
  时间: 5.700000 秒
  关节位置: [-1.951332, -0.639611, 1.710769, -1.040776, -0.932816, -0.572933]
  关节速度: [0.255413, 0.435000, -0.093693, 0.351234, -0.429126, 0.374078]
  关节加速度: [0.000000, 0.000000, -0.000000, 0.000000, -0.000000, 0.000000]

轨迹点 58:
  时间: 5.800000 秒
  关节位置: [-1.925791, -0.596111, 1.701400, -1.005652, -0.975729, -0.535525]
  关节速度: [0.255413, 0.435000, -0.093693, 0.351234, -0.429126, 0.374078]
  关节加速度: [0.000000, 0.000000, -0.000000, 0.000000, -0.000000, 0.000000]

轨迹点 59:
  时间: 5.900000 秒
  关节位置: [-1.900249, -0.552611, 1.692031, -0.970529, -1.018641, -0.498117]
  关节速度: [0.255413, 0.435000, -0.093693, 0.351234, -0.429126, 0.374078]
  关节加速度: [0.000000, 0.000000, -0.000000, 0.000000, -0.000000, 0.000000]

轨迹点 60:
  时间: 6.000000 秒
  关节位置: [-1.874708, -0.509111, 1.682662, -0.935405, -1.061554, -0.460710]
  关节速度: [0.255413, 0.435000, -0.093693, 0.351234, -0.429126, 0.374078]
  关节加速度: [0.000000, 0.000000, -0.000000, 0.000000, -0.000000, 0.000000]

轨迹点 61:
  时间: 6.100000 秒
  关节位置: [-1.849167, -0.465611, 1.673292, -0.900282, -1.104467, -0.423302]
  关节速度: [0.255413, 0.435000, -0.093693, 0.351234, -0.429126, 0.374078]
  关节加速度: [0.000000, 0.000000, -0.000000, 0.000000, -0.000000, 0.000000]

轨迹点 62:
  时间: 6.200000 秒
  关节位置: [-1.823625, -0.422111, 1.663923, -0.865159, -1.147379, -0.385894]
  关节速度: [0.255413, 0.435000, -0.093693, 0.351234, -0.429126, 0.374078]
  关节加速度: [0.000000, 0.000000, -0.000000, 0.000000, -0.000000, 0.000000]

轨迹点 63:
  时间: 6.300000 秒
  关节位置: [-1.798084, -0.378611, 1.654554, -0.830035, -1.190292, -0.348486]
  关节速度: [0.255413, 0.435000, -0.093693, 0.351234, -0.429126, 0.374078]
  关节加速度: [0.000000, 0.000000, -0.000000, 0.000000, -0.000000, 0.000000]

轨迹点 64:
  时间: 6.400000 秒
  关节位置: [-1.772543, -0.335111, 1.645184, -0.794912, -1.233204, -0.311078]
  关节速度: [0.255413, 0.435000, -0.093693, 0.351234, -0.429126, 0.374078]
  关节加速度: [0.000000, 0.000000, -0.000000, 0.000000, -0.000000, 0.000000]

轨迹点 65:
  时间: 6.500000 秒
  关节位置: [-1.747001, -0.291611, 1.635815, -0.759789, -1.276117, -0.273671]
  关节速度: [0.255413, 0.435000, -0.093693, 0.351234, -0.429126, 0.374078]
  关节加速度: [0.000000, 0.000000, -0.000000, 0.000000, -0.000000, 0.000000]

轨迹点 66:
  时间: 6.600000 秒
  关节位置: [-1.721460, -0.248111, 1.626446, -0.724665, -1.319030, -0.236263]
  关节速度: [0.255413, 0.435000, -0.093693, 0.351234, -0.429126, 0.374078]
  关节加速度: [0.000000, 0.000000, -0.000000, 0.000000, -0.000000, 0.000000]

轨迹点 67:
  时间: 6.700000 秒
  关节位置: [-1.695919, -0.204611, 1.617076, -0.689542, -1.361942, -0.198855]
  关节速度: [0.255413, 0.435000, -0.093693, 0.351234, -0.429126, 0.374078]
  关节加速度: [0.000000, 0.000000, -0.000000, 0.000000, -0.000000, 0.000000]

轨迹点 68:
  时间: 6.800000 秒
  关节位置: [-1.670378, -0.161111, 1.607707, -0.654418, -1.404855, -0.161447]
  关节速度: [0.255413, 0.435000, -0.093693, 0.351234, -0.429126, 0.374078]
  关节加速度: [0.000000, 0.000000, -0.000000, 0.000000, -0.000000, 0.000000]

轨迹点 69:
  时间: 6.900000 秒
  关节位置: [-1.644836, -0.117611, 1.598338, -0.619295, -1.447768, -0.124039]
  关节速度: [0.255413, 0.435000, -0.093693, 0.351234, -0.429126, 0.374078]
  关节加速度: [0.000000, 0.000000, -0.000000, 0.000000, -0.000000, 0.000000]

轨迹点 70:
  时间: 7.000000 秒
  关节位置: [-1.620387, -0.075970, 1.589369, -0.585673, -1.488846, -0.088231]
  关节速度: [0.220746, 0.375957, -0.080976, 0.303561, -0.370881, 0.323304]
  关节加速度: [-0.550459, -0.937500, 0.201925, -0.756969, 0.924841, -0.806202]

轨迹点 71:
  时间: 7.100000 秒
  关节位置: [-1.601064, -0.043062, 1.582281, -0.559102, -1.521310, -0.059931]
  关节速度: [0.165700, 0.282207, -0.060784, 0.227864, -0.278397, 0.242684]
  关节加速度: [-0.550459, -0.937500, 0.201925, -0.756969, 0.924841, -0.806202]

轨迹点 72:
  时间: 7.200000 秒
  关节位置: [-1.587247, -0.019529, 1.577212, -0.540100, -1.544525, -0.039694]
  关节速度: [0.110654, 0.188457, -0.040591, 0.152167, -0.185913, 0.162064]
  关节加速度: [-0.550459, -0.937500, 0.201925, -0.756969, 0.924841, -0.806202]

轨迹点 73:
  时间: 7.300000 秒
  关节位置: [-1.578934, -0.005370, 1.574162, -0.528668, -1.558492, -0.027518]
  关节速度: [0.055608, 0.094707, -0.020399, 0.076470, -0.093429, 0.081443]
  关节加速度: [-0.550459, -0.937500, 0.201925, -0.756969, 0.924841, -0.806202]

轨迹点 74:
  时间: 7.400000 秒
  关节位置: [-1.576125, -0.000587, 1.573132, -0.524806, -1.563211, -0.023405]
  关节速度: [0.000562, 0.000957, -0.000206, 0.000773, -0.000944, 0.000823]
  关节加速度: [-0.550459, -0.937500, 0.201925, -0.756969, 0.924841, -0.806202]

轨迹点 75:
  时间: 7.401021 秒
  关节位置: [-1.576125, -0.000587, 1.573132, -0.524806, -1.563212, -0.023405]
  关节速度: [-0.000000, -0.000000, 0.000000, -0.000000, 0.000000, -0.000000]
  关节加速度: [-0.550459, -0.937500, 0.201925, -0.756969, 0.924841, -0.806202]

