详细轨迹分析报告
====================
轨迹点数: 47
轨迹总时间: 4.568 秒
关节名称: 
  0: joint1
  1: joint2
  2: joint3
  3: joint4
  4: joint5
  5: joint6

详细轨迹点信息:
================
轨迹点 0:
  时间: 0.000000 秒
  关节位置: [-1.576761, 0.000879, 1.571699, -0.526322, -1.563240, -0.022789]
  关节速度: [0.000000, -0.000000, 0.000000, -0.000000, -0.000000, -0.000000]
  关节加速度: [0.000000, 0.000000, 0.000000, 0.000000, 0.000000, 0.000000]

轨迹点 1:
  时间: 0.100000 秒
  关节位置: [-1.573533, -0.001950, 1.577949, -0.532137, -1.566542, -0.024987]
  关节速度: [0.064558, -0.056587, 0.125000, -0.116283, -0.066042, -0.043973]
  关节加速度: [0.645581, -0.565866, 1.250000, -1.162832, -0.660422, -0.439735]

轨迹点 2:
  时间: 0.200000 秒
  关节位置: [-1.563849, -0.010438, 1.596699, -0.549579, -1.576448, -0.031583]
  关节速度: [0.129116, -0.113173, 0.250000, -0.232566, -0.132084, -0.087947]
  关节加速度: [0.645581, -0.565866, 1.250000, -1.162832, -0.660422, -0.439735]

轨迹点 3:
  时间: 0.300000 秒
  关节位置: [-1.549744, -0.021704, 1.623763, -0.576092, -1.590529, -0.040823]
  关节速度: [0.138341, -0.077367, 0.258007, -0.293439, -0.127575, -0.079531]
  关节加速度: [-0.082423, 0.937363, -0.353808, -0.723842, 0.359185, 0.345858]

轨迹点 4:
  时间: 0.400000 秒
  关节位置: [-1.536467, -0.024753, 1.647543, -0.608667, -1.601383, -0.046991]
  关节速度: [0.125787, 0.016380, 0.215124, -0.354255, -0.088444, -0.043271]
  关节加速度: [-0.167646, 0.937492, -0.502079, -0.495146, 0.422675, 0.378934]

轨迹点 5:
  时间: 0.500000 秒
  关节位置: [-1.524870, -0.018428, 1.666296, -0.646183, -1.608007, -0.049368]
  关节速度: [0.104711, 0.110122, 0.157419, -0.392189, -0.042969, -0.003709]
  关节加速度: [-0.254387, 0.937437, -0.652948, -0.262191, 0.487235, 0.412537]

轨迹点 6:
  时间: 0.600000 秒
  关节位置: [-1.514300, -0.004761, 1.681613, -0.688344, -1.611534, -0.048888]
  关节速度: [0.108242, 0.143178, 0.156140, -0.435000, -0.035095, 0.005993]
  关节加速度: [-0.000000, -0.000000, -0.000000, 0.000000, 0.000000, -0.000000]

轨迹点 7:
  时间: 0.700000 秒
  关节位置: [-1.503476, 0.009557, 1.697227, -0.731844, -1.615043, -0.048289]
  关节速度: [0.108242, 0.143178, 0.156140, -0.435000, -0.035095, 0.005993]
  关节加速度: [-0.000000, -0.000000, -0.000000, 0.000000, 0.000000, -0.000000]

轨迹点 8:
  时间: 0.800000 秒
  关节位置: [-1.492652, 0.023875, 1.712841, -0.775344, -1.618553, -0.047689]
  关节速度: [0.108242, 0.143178, 0.156140, -0.435000, -0.035095, 0.005993]
  关节加速度: [-0.000000, -0.000000, -0.000000, 0.000000, 0.000000, -0.000000]

轨迹点 9:
  时间: 0.900000 秒
  关节位置: [-1.481827, 0.038193, 1.728455, -0.818844, -1.622062, -0.047090]
  关节速度: [0.108242, 0.143178, 0.156140, -0.435000, -0.035095, 0.005993]
  关节加速度: [-0.000000, -0.000000, -0.000000, 0.000000, 0.000000, -0.000000]

轨迹点 10:
  时间: 1.000000 秒
  关节位置: [-1.471003, 0.052511, 1.744069, -0.862344, -1.625572, -0.046491]
  关节速度: [0.108242, 0.143178, 0.156140, -0.435000, -0.035095, 0.005993]
  关节加速度: [0.000000, 0.000000, 0.000000, -0.000000, -0.000000, 0.000000]

轨迹点 11:
  时间: 1.100000 秒
  关节位置: [-1.460179, 0.066829, 1.759683, -0.905844, -1.629081, -0.045892]
  关节速度: [0.108242, 0.143178, 0.156140, -0.435000, -0.035095, 0.005993]
  关节加速度: [0.000000, 0.000000, 0.000000, -0.000000, -0.000000, 0.000000]

轨迹点 12:
  时间: 1.200000 秒
  关节位置: [-1.449355, 0.081146, 1.775297, -0.949344, -1.632591, -0.045292]
  关节速度: [0.108242, 0.143178, 0.156140, -0.435000, -0.035095, 0.005993]
  关节加速度: [0.000000, 0.000000, 0.000000, -0.000000, -0.000000, 0.000000]

轨迹点 13:
  时间: 1.300000 秒
  关节位置: [-1.438531, 0.095464, 1.790911, -0.992844, -1.636100, -0.044693]
  关节速度: [0.108242, 0.143178, 0.156140, -0.435000, -0.035095, 0.005993]
  关节加速度: [0.000000, 0.000000, 0.000000, -0.000000, -0.000000, 0.000000]

轨迹点 14:
  时间: 1.400000 秒
  关节位置: [-1.427707, 0.109782, 1.806525, -1.036344, -1.639610, -0.044094]
  关节速度: [0.108242, 0.143178, 0.156140, -0.435000, -0.035095, 0.005993]
  关节加速度: [0.000000, 0.000000, 0.000000, -0.000000, -0.000000, 0.000000]

轨迹点 15:
  时间: 1.500000 秒
  关节位置: [-1.416882, 0.124100, 1.822139, -1.079844, -1.643119, -0.043495]
  关节速度: [0.108242, 0.143178, 0.156140, -0.435000, -0.035095, 0.005993]
  关节加速度: [0.000000, 0.000000, 0.000000, -0.000000, -0.000000, 0.000000]

轨迹点 16:
  时间: 1.600000 秒
  关节位置: [-1.406058, 0.138418, 1.837753, -1.123344, -1.646629, -0.042895]
  关节速度: [0.108242, 0.143178, 0.156140, -0.435000, -0.035095, 0.005993]
  关节加速度: [0.000000, 0.000000, 0.000000, -0.000000, -0.000000, 0.000000]

轨迹点 17:
  时间: 1.700000 秒
  关节位置: [-1.395234, 0.152736, 1.853367, -1.166844, -1.650138, -0.042296]
  关节速度: [0.108242, 0.143178, 0.156140, -0.435000, -0.035095, 0.005993]
  关节加速度: [0.000000, 0.000000, 0.000000, -0.000000, -0.000000, 0.000000]

轨迹点 18:
  时间: 1.800000 秒
  关节位置: [-1.384410, 0.167053, 1.868981, -1.210344, -1.653648, -0.041697]
  关节速度: [0.108242, 0.143178, 0.156140, -0.435000, -0.035095, 0.005993]
  关节加速度: [0.000000, 0.000000, 0.000000, -0.000000, -0.000000, 0.000000]

轨迹点 19:
  时间: 1.900000 秒
  关节位置: [-1.373586, 0.181371, 1.884595, -1.253844, -1.657157, -0.041098]
  关节速度: [0.108242, 0.143178, 0.156140, -0.435000, -0.035095, 0.005993]
  关节加速度: [0.000000, 0.000000, 0.000000, -0.000000, -0.000000, 0.000000]

轨迹点 20:
  时间: 2.000000 秒
  关节位置: [-1.362761, 0.195689, 1.900209, -1.297344, -1.660667, -0.040498]
  关节速度: [0.108242, 0.143178, 0.156140, -0.435000, -0.035095, 0.005993]
  关节加速度: [0.000000, 0.000000, 0.000000, -0.000000, -0.000000, 0.000000]

轨迹点 21:
  时间: 2.100000 秒
  关节位置: [-1.351937, 0.210007, 1.915823, -1.340844, -1.664176, -0.039899]
  关节速度: [0.108242, 0.143178, 0.156140, -0.435000, -0.035095, 0.005993]
  关节加速度: [0.000000, 0.000000, 0.000000, -0.000000, -0.000000, 0.000000]

轨迹点 22:
  时间: 2.200000 秒
  关节位置: [-1.341113, 0.224325, 1.931437, -1.384344, -1.667686, -0.039300]
  关节速度: [0.108242, 0.143178, 0.156140, -0.435000, -0.035095, 0.005993]
  关节加速度: [0.000000, 0.000000, 0.000000, -0.000000, -0.000000, 0.000000]

轨迹点 23:
  时间: 2.300000 秒
  关节位置: [-1.330289, 0.238643, 1.947051, -1.427844, -1.671195, -0.038701]
  关节速度: [0.108242, 0.143178, 0.156140, -0.435000, -0.035095, 0.005993]
  关节加速度: [0.000000, 0.000000, 0.000000, -0.000000, -0.000000, 0.000000]

轨迹点 24:
  时间: 2.400000 秒
  关节位置: [-1.319465, 0.252960, 1.962665, -1.471344, -1.674705, -0.038101]
  关节速度: [0.108242, 0.143178, 0.156140, -0.435000, -0.035095, 0.005993]
  关节加速度: [0.000000, 0.000000, 0.000000, -0.000000, -0.000000, 0.000000]

轨迹点 25:
  时间: 2.500000 秒
  关节位置: [-1.308640, 0.267278, 1.978279, -1.514844, -1.678214, -0.037502]
  关节速度: [0.108242, 0.143178, 0.156140, -0.435000, -0.035095, 0.005993]
  关节加速度: [0.000000, 0.000000, 0.000000, -0.000000, -0.000000, 0.000000]

轨迹点 26:
  时间: 2.600000 秒
  关节位置: [-1.297816, 0.281596, 1.993893, -1.558344, -1.681724, -0.036903]
  关节速度: [0.108242, 0.143178, 0.156140, -0.435000, -0.035095, 0.005993]
  关节加速度: [0.000000, 0.000000, 0.000000, -0.000000, -0.000000, 0.000000]

轨迹点 27:
  时间: 2.700000 秒
  关节位置: [-1.286992, 0.295914, 2.009507, -1.601844, -1.685233, -0.036304]
  关节速度: [0.108242, 0.143178, 0.156140, -0.435000, -0.035095, 0.005993]
  关节加速度: [0.000000, 0.000000, 0.000000, -0.000000, -0.000000, 0.000000]

轨迹点 28:
  时间: 2.800000 秒
  关节位置: [-1.276168, 0.310232, 2.025121, -1.645344, -1.688743, -0.035704]
  关节速度: [0.108242, 0.143178, 0.156140, -0.435000, -0.035095, 0.005993]
  关节加速度: [0.000000, 0.000000, 0.000000, -0.000000, -0.000000, 0.000000]

轨迹点 29:
  时间: 2.900000 秒
  关节位置: [-1.265344, 0.324550, 2.040735, -1.688844, -1.692252, -0.035105]
  关节速度: [0.108242, 0.143178, 0.156140, -0.435000, -0.035095, 0.005993]
  关节加速度: [0.000000, 0.000000, 0.000000, -0.000000, -0.000000, 0.000000]

轨迹点 30:
  时间: 3.000000 秒
  关节位置: [-1.254519, 0.338867, 2.056349, -1.732344, -1.695761, -0.034506]
  关节速度: [0.108242, 0.143178, 0.156140, -0.435000, -0.035095, 0.005993]
  关节加速度: [0.000000, 0.000000, 0.000000, -0.000000, -0.000000, 0.000000]

轨迹点 31:
  时间: 3.100000 秒
  关节位置: [-1.243695, 0.353185, 2.071963, -1.775844, -1.699271, -0.033907]
  关节速度: [0.108242, 0.143178, 0.156140, -0.435000, -0.035095, 0.005993]
  关节加速度: [0.000000, 0.000000, 0.000000, -0.000000, -0.000000, 0.000000]

轨迹点 32:
  时间: 3.200000 秒
  关节位置: [-1.232871, 0.367503, 2.087577, -1.819344, -1.702780, -0.033307]
  关节速度: [0.108242, 0.143178, 0.156140, -0.435000, -0.035095, 0.005993]
  关节加速度: [0.000000, 0.000000, 0.000000, -0.000000, -0.000000, 0.000000]

轨迹点 33:
  时间: 3.300000 秒
  关节位置: [-1.222047, 0.381821, 2.103191, -1.862844, -1.706290, -0.032708]
  关节速度: [0.108242, 0.143178, 0.156140, -0.435000, -0.035095, 0.005993]
  关节加速度: [0.000000, 0.000000, 0.000000, -0.000000, -0.000000, 0.000000]

轨迹点 34:
  时间: 3.400000 秒
  关节位置: [-1.211223, 0.396139, 2.118805, -1.906344, -1.709799, -0.032109]
  关节速度: [0.108242, 0.143178, 0.156140, -0.435000, -0.035095, 0.005993]
  关节加速度: [0.000000, 0.000000, 0.000000, -0.000000, -0.000000, 0.000000]

轨迹点 35:
  时间: 3.500000 秒
  关节位置: [-1.200398, 0.410457, 2.134419, -1.949844, -1.713309, -0.031509]
  关节速度: [0.108242, 0.143178, 0.156140, -0.435000, -0.035095, 0.005993]
  关节加速度: [0.000000, 0.000000, 0.000000, -0.000000, -0.000000, 0.000000]

轨迹点 36:
  时间: 3.600000 秒
  关节位置: [-1.189574, 0.424774, 2.150033, -1.993344, -1.716818, -0.030910]
  关节速度: [0.108242, 0.143178, 0.156140, -0.435000, -0.035095, 0.005993]
  关节加速度: [0.000000, 0.000000, 0.000000, -0.000000, -0.000000, 0.000000]

轨迹点 37:
  时间: 3.700000 秒
  关节位置: [-1.180246, 0.442433, 2.162274, -2.036180, -1.718156, -0.028604]
  关节速度: [0.073362, 0.222277, 0.077219, -0.420732, 0.015931, 0.046189]
  关节加速度: [-0.411718, 0.937118, -0.932352, 0.164947, 0.603390, 0.475638]

轨迹点 38:
  时间: 3.800000 秒
  关节位置: [-1.175116, 0.469344, 2.165077, -2.077029, -1.713437, -0.021550]
  关节速度: [0.027378, 0.315945, -0.024401, -0.391254, 0.079834, 0.095613]
  关节加速度: [-0.522442, 0.937019, -1.125504, 0.462777, 0.685706, 0.518743]

轨迹点 39:
  时间: 3.900000 秒
  关节位置: [-1.175268, 0.505255, 2.156610, -2.112724, -1.701935, -0.009411]
  关节速度: [-0.032685, 0.393177, -0.146830, -0.307395, 0.148997, 0.144993]
  关节加速度: [-0.652572, 0.487923, -1.249955, 1.264188, 0.640063, 0.418371]

轨迹点 40:
  时间: 4.000000 秒
  关节位置: [-1.179810, 0.547484, 2.139040, -2.142966, -1.685165, 0.006564]
  关节速度: [-0.047715, 0.435000, -0.182606, -0.309026, 0.173438, 0.164918]
  关节加速度: [0.000000, -0.000000, 0.000000, 0.000000, -0.000000, -0.000000]

轨迹点 41:
  时间: 4.100000 秒
  关节位置: [-1.184582, 0.590984, 2.120779, -2.173869, -1.667821, 0.023055]
  关节速度: [-0.047715, 0.435000, -0.182606, -0.309026, 0.173438, 0.164918]
  关节加速度: [0.000000, -0.000000, 0.000000, 0.000000, -0.000000, -0.000000]

轨迹点 42:
  时间: 4.200000 秒
  关节位置: [-1.188876, 0.630131, 2.104346, -2.201679, -1.652213, 0.037897]
  关节速度: [-0.037805, 0.344658, -0.144682, -0.244846, 0.137418, 0.130667]
  关节加速度: [0.102834, -0.937500, 0.393547, 0.666004, -0.373790, -0.355427]

轨迹点 43:
  时间: 4.300000 秒
  关节位置: [-1.192142, 0.659910, 2.091845, -2.222834, -1.640340, 0.049187]
  关节速度: [-0.027522, 0.250908, -0.105327, -0.178246, 0.100039, 0.095125]
  关节加速度: [0.102834, -0.937500, 0.393547, 0.666004, -0.373790, -0.355427]

轨迹点 44:
  时间: 4.400000 秒
  关节位置: [-1.194380, 0.680313, 2.083280, -2.237328, -1.632205, 0.056922]
  关节速度: [-0.017239, 0.157158, -0.065972, -0.111646, 0.062660, 0.059582]
  关节加速度: [0.102834, -0.937500, 0.393547, 0.666004, -0.373790, -0.355427]

轨迹点 45:
  时间: 4.500000 秒
  关节位置: [-1.195590, 0.691341, 2.078651, -2.245163, -1.627808, 0.061103]
  关节速度: [-0.006955, 0.063408, -0.026618, -0.045045, 0.025281, 0.024039]
  关节加速度: [0.102834, -0.937500, 0.393547, 0.666004, -0.373790, -0.355427]

轨迹点 46:
  时间: 4.567635 秒
  关节位置: [-1.195825, 0.693486, 2.077751, -2.246686, -1.626953, 0.061916]
  关节速度: [-0.000000, 0.000000, -0.000000, -0.000000, 0.000000, 0.000000]
  关节加速度: [0.102834, -0.937500, 0.393547, 0.666004, -0.373790, -0.355427]

