详细轨迹分析报告
====================
轨迹点数: 62
轨迹总时间: 6.089 秒
关节名称: 
  0: joint1
  1: joint2
  2: joint3
  3: joint4
  4: joint5
  5: joint6

详细轨迹点信息:
================
轨迹点 0:
  时间: 0.000000 秒
  关节位置: [-1.576736, -0.000161, 1.573539, -0.526271, -1.564280, -0.022782]
  关节速度: [0.000000, -0.000000, 0.000000, -0.000000, 0.000000, -0.000000]
  关节加速度: [0.000000, 0.000000, 0.000000, 0.000000, 0.000000, 0.000000]

轨迹点 1:
  时间: 0.100000 秒
  关节位置: [-1.575141, -0.001838, 1.576782, -0.534084, -1.563961, -0.023335]
  关节速度: [0.031904, -0.033548, 0.064877, -0.156250, 0.006379, -0.011051]
  关节加速度: [0.319044, -0.335478, 0.648766, -1.562500, 0.063793, -0.110506]

轨迹点 2:
  时间: 0.200000 秒
  关节位置: [-1.570355, -0.006870, 1.586514, -0.557521, -1.563004, -0.024992]
  关节速度: [0.063809, -0.067096, 0.129753, -0.312500, 0.012759, -0.022101]
  关节加速度: [0.319044, -0.335478, 0.648766, -1.562500, 0.063793, -0.110506]

轨迹点 3:
  时间: 0.300000 秒
  关节位置: [-1.562453, -0.015179, 1.602582, -0.596219, -1.561424, -0.027729]
  关节速度: [0.088822, -0.093397, 0.180616, -0.435000, 0.017760, -0.030765]
  关节加速度: [0.000000, -0.000000, 0.000000, -0.000000, 0.000000, -0.000000]

轨迹点 4:
  时间: 0.400000 秒
  关节位置: [-1.553571, -0.024518, 1.620643, -0.639719, -1.559648, -0.030806]
  关节速度: [0.088822, -0.093397, 0.180616, -0.435000, 0.017760, -0.030765]
  关节加速度: [0.000000, -0.000000, 0.000000, -0.000000, 0.000000, -0.000000]

轨迹点 5:
  时间: 0.500000 秒
  关节位置: [-1.544689, -0.033858, 1.638705, -0.683219, -1.557872, -0.033882]
  关节速度: [0.088822, -0.093397, 0.180616, -0.435000, 0.017760, -0.030765]
  关节加速度: [-0.000000, 0.000000, -0.000000, 0.000000, -0.000000, 0.000000]

轨迹点 6:
  时间: 0.600000 秒
  关节位置: [-1.535807, -0.043198, 1.656767, -0.726719, -1.556096, -0.036959]
  关节速度: [0.088822, -0.093397, 0.180616, -0.435000, 0.017760, -0.030765]
  关节加速度: [-0.000000, 0.000000, -0.000000, 0.000000, -0.000000, 0.000000]

轨迹点 7:
  时间: 0.700000 秒
  关节位置: [-1.526925, -0.052538, 1.674828, -0.770219, -1.554320, -0.040035]
  关节速度: [0.088822, -0.093397, 0.180616, -0.435000, 0.017760, -0.030765]
  关节加速度: [-0.000000, 0.000000, -0.000000, 0.000000, -0.000000, 0.000000]

轨迹点 8:
  时间: 0.800000 秒
  关节位置: [-1.518042, -0.061877, 1.692890, -0.813719, -1.552544, -0.043112]
  关节速度: [0.088822, -0.093397, 0.180616, -0.435000, 0.017760, -0.030765]
  关节加速度: [-0.000000, 0.000000, -0.000000, 0.000000, -0.000000, 0.000000]

轨迹点 9:
  时间: 0.900000 秒
  关节位置: [-1.509160, -0.071217, 1.710952, -0.857219, -1.550768, -0.046188]
  关节速度: [0.088822, -0.093397, 0.180616, -0.435000, 0.017760, -0.030765]
  关节加速度: [-0.000000, 0.000000, -0.000000, 0.000000, -0.000000, 0.000000]

轨迹点 10:
  时间: 1.000000 秒
  关节位置: [-1.500278, -0.080557, 1.729013, -0.900719, -1.548992, -0.049265]
  关节速度: [0.088822, -0.093397, 0.180616, -0.435000, 0.017760, -0.030765]
  关节加速度: [0.000000, -0.000000, 0.000000, -0.000000, 0.000000, -0.000000]

轨迹点 11:
  时间: 1.100000 秒
  关节位置: [-1.491396, -0.089896, 1.747075, -0.944219, -1.547216, -0.052341]
  关节速度: [0.088822, -0.093397, 0.180616, -0.435000, 0.017760, -0.030765]
  关节加速度: [0.000000, -0.000000, 0.000000, -0.000000, 0.000000, -0.000000]

轨迹点 12:
  时间: 1.200000 秒
  关节位置: [-1.482514, -0.099236, 1.765136, -0.987719, -1.545440, -0.055418]
  关节速度: [0.088822, -0.093397, 0.180616, -0.435000, 0.017760, -0.030765]
  关节加速度: [0.000000, -0.000000, 0.000000, -0.000000, 0.000000, -0.000000]

轨迹点 13:
  时间: 1.300000 秒
  关节位置: [-1.473632, -0.108576, 1.783198, -1.031219, -1.543664, -0.058494]
  关节速度: [0.088822, -0.093397, 0.180616, -0.435000, 0.017760, -0.030765]
  关节加速度: [0.000000, -0.000000, 0.000000, -0.000000, 0.000000, -0.000000]

轨迹点 14:
  时间: 1.400000 秒
  关节位置: [-1.464749, -0.117915, 1.801260, -1.074719, -1.541888, -0.061571]
  关节速度: [0.088822, -0.093397, 0.180616, -0.435000, 0.017760, -0.030765]
  关节加速度: [0.000000, -0.000000, 0.000000, -0.000000, 0.000000, -0.000000]

轨迹点 15:
  时间: 1.500000 秒
  关节位置: [-1.455867, -0.127255, 1.819321, -1.118219, -1.540112, -0.064647]
  关节速度: [0.088822, -0.093397, 0.180616, -0.435000, 0.017760, -0.030765]
  关节加速度: [0.000000, -0.000000, 0.000000, -0.000000, 0.000000, -0.000000]

轨迹点 16:
  时间: 1.600000 秒
  关节位置: [-1.446985, -0.136595, 1.837383, -1.161719, -1.538336, -0.067724]
  关节速度: [0.088822, -0.093397, 0.180616, -0.435000, 0.017760, -0.030765]
  关节加速度: [0.000000, -0.000000, 0.000000, -0.000000, 0.000000, -0.000000]

轨迹点 17:
  时间: 1.700000 秒
  关节位置: [-1.438103, -0.145935, 1.855445, -1.205219, -1.536560, -0.070800]
  关节速度: [0.088822, -0.093397, 0.180616, -0.435000, 0.017760, -0.030765]
  关节加速度: [0.000000, -0.000000, 0.000000, -0.000000, 0.000000, -0.000000]

轨迹点 18:
  时间: 1.800000 秒
  关节位置: [-1.429221, -0.155274, 1.873506, -1.248719, -1.534784, -0.073877]
  关节速度: [0.088822, -0.093397, 0.180616, -0.435000, 0.017760, -0.030765]
  关节加速度: [0.000000, -0.000000, 0.000000, -0.000000, 0.000000, -0.000000]

轨迹点 19:
  时间: 1.900000 秒
  关节位置: [-1.420339, -0.164614, 1.891568, -1.292219, -1.533008, -0.076953]
  关节速度: [0.088822, -0.093397, 0.180616, -0.435000, 0.017760, -0.030765]
  关节加速度: [0.000000, -0.000000, 0.000000, -0.000000, 0.000000, -0.000000]

轨迹点 20:
  时间: 2.000000 秒
  关节位置: [-1.411456, -0.173954, 1.909630, -1.335719, -1.531232, -0.080029]
  关节速度: [0.088822, -0.093397, 0.180616, -0.435000, 0.017760, -0.030765]
  关节加速度: [-0.000000, 0.000000, -0.000000, 0.000000, -0.000000, 0.000000]

轨迹点 21:
  时间: 2.100000 秒
  关节位置: [-1.402574, -0.183293, 1.927691, -1.379219, -1.529456, -0.083106]
  关节速度: [0.088822, -0.093397, 0.180616, -0.435000, 0.017760, -0.030765]
  关节加速度: [0.000000, -0.000000, 0.000000, -0.000000, 0.000000, -0.000000]

轨迹点 22:
  时间: 2.200000 秒
  关节位置: [-1.393692, -0.192633, 1.945753, -1.422719, -1.527680, -0.086182]
  关节速度: [0.088822, -0.093397, 0.180616, -0.435000, 0.017760, -0.030765]
  关节加速度: [0.000000, -0.000000, 0.000000, -0.000000, 0.000000, -0.000000]

轨迹点 23:
  时间: 2.300000 秒
  关节位置: [-1.384810, -0.201973, 1.963814, -1.466219, -1.525904, -0.089259]
  关节速度: [0.088822, -0.093397, 0.180616, -0.435000, 0.017760, -0.030765]
  关节加速度: [0.000000, -0.000000, 0.000000, -0.000000, 0.000000, -0.000000]

轨迹点 24:
  时间: 2.400000 秒
  关节位置: [-1.375928, -0.211312, 1.981876, -1.509719, -1.524128, -0.092335]
  关节速度: [0.088822, -0.093397, 0.180616, -0.435000, 0.017760, -0.030765]
  关节加速度: [0.000000, -0.000000, 0.000000, -0.000000, 0.000000, -0.000000]

轨迹点 25:
  时间: 2.500000 秒
  关节位置: [-1.367046, -0.220652, 1.999938, -1.553219, -1.522352, -0.095412]
  关节速度: [0.088822, -0.093397, 0.180616, -0.435000, 0.017760, -0.030765]
  关节加速度: [0.000000, -0.000000, 0.000000, -0.000000, 0.000000, -0.000000]

轨迹点 26:
  时间: 2.600000 秒
  关节位置: [-1.358163, -0.229992, 2.017999, -1.596719, -1.520576, -0.098488]
  关节速度: [0.088822, -0.093397, 0.180616, -0.435000, 0.017760, -0.030765]
  关节加速度: [0.000000, -0.000000, 0.000000, -0.000000, 0.000000, -0.000000]

轨迹点 27:
  时间: 2.700000 秒
  关节位置: [-1.349281, -0.239332, 2.036061, -1.640219, -1.518800, -0.101565]
  关节速度: [0.088822, -0.093397, 0.180616, -0.435000, 0.017760, -0.030765]
  关节加速度: [0.000000, -0.000000, 0.000000, -0.000000, 0.000000, -0.000000]

轨迹点 28:
  时间: 2.800000 秒
  关节位置: [-1.340399, -0.248671, 2.054123, -1.683719, -1.517024, -0.104641]
  关节速度: [0.088822, -0.093397, 0.180616, -0.435000, 0.017760, -0.030765]
  关节加速度: [0.000000, -0.000000, 0.000000, -0.000000, 0.000000, -0.000000]

轨迹点 29:
  时间: 2.900000 秒
  关节位置: [-1.331517, -0.258011, 2.072184, -1.727219, -1.515248, -0.107718]
  关节速度: [0.088822, -0.093397, 0.180616, -0.435000, 0.017760, -0.030765]
  关节加速度: [0.000000, -0.000000, 0.000000, -0.000000, 0.000000, -0.000000]

轨迹点 30:
  时间: 3.000000 秒
  关节位置: [-1.322635, -0.267351, 2.090246, -1.770719, -1.513472, -0.110794]
  关节速度: [0.088822, -0.093397, 0.180616, -0.435000, 0.017760, -0.030765]
  关节加速度: [0.000000, -0.000000, 0.000000, -0.000000, 0.000000, -0.000000]

轨迹点 31:
  时间: 3.100000 秒
  关节位置: [-1.313752, -0.276690, 2.108308, -1.814219, -1.511696, -0.113871]
  关节速度: [0.088822, -0.093397, 0.180616, -0.435000, 0.017760, -0.030765]
  关节加速度: [0.000000, -0.000000, 0.000000, -0.000000, 0.000000, -0.000000]

轨迹点 32:
  时间: 3.200000 秒
  关节位置: [-1.305785, -0.285069, 2.124510, -1.853241, -1.510103, -0.116631]
  关节速度: [0.064667, -0.067998, 0.131499, -0.316705, 0.012930, -0.022399]
  关节加速度: [-0.319044, 0.335478, -0.648766, 1.562500, -0.063793, 0.110506]

轨迹点 33:
  时间: 3.300000 秒
  关节位置: [-1.300913, -0.290191, 2.134416, -1.877099, -1.509129, -0.118318]
  关节速度: [0.032763, -0.034451, 0.066623, -0.160455, 0.006551, -0.011348]
  关节加速度: [-0.319044, 0.335478, -0.648766, 1.562500, -0.063793, 0.110506]

轨迹点 34:
  时间: 3.400000 秒
  关节位置: [-1.298508, -0.290770, 2.138827, -1.888619, -1.508894, -0.118767]
  关节速度: [0.022904, 0.036927, 0.031581, -0.104104, -0.003100, 0.004067]
  关节加速度: [-0.009456, 0.937357, -0.247144, 0.168921, -0.118625, 0.185692]

轨迹点 35:
  时间: 3.500000 秒
  关节位置: [-1.296517, -0.282395, 2.140303, -1.896986, -1.509813, -0.117398]
  关节速度: [0.013811, 0.130512, -0.007559, -0.048464, -0.015494, 0.023744]
  关节加速度: [-0.203309, 0.935684, -0.590834, 1.091140, -0.131518, 0.212413]

轨迹点 36:
  时间: 3.600000 秒
  关节位置: [-1.294692, -0.264657, 2.139183, -1.903325, -1.511923, -0.114164]
  关节速度: [0.023068, 0.224256, -0.014165, -0.080118, -0.026668, 0.040891]
  关节加速度: [0.096435, 0.937500, -0.059217, -0.334933, -0.111485, 0.170944]

轨迹点 37:
  时间: 3.700000 秒
  关节位置: [-1.291903, -0.237544, 2.137471, -1.913011, -1.515147, -0.109220]
  关节速度: [0.032711, 0.318006, -0.020087, -0.113611, -0.037816, 0.057985]
  关节加速度: [0.096435, 0.937500, -0.059217, -0.334933, -0.111485, 0.170944]

轨迹点 38:
  时间: 3.800000 秒
  关节位置: [-1.288150, -0.201056, 2.135166, -1.926047, -1.519486, -0.102567]
  关节速度: [0.042355, 0.411755, -0.026009, -0.147104, -0.048965, 0.075079]
  关节加速度: [0.096435, 0.937500, -0.059217, -0.334933, -0.111485, 0.170944]

轨迹点 39:
  时间: 3.900000 秒
  关节位置: [-1.283705, -0.157844, 2.132436, -1.941485, -1.524625, -0.094687]
  关节速度: [0.044746, 0.435000, -0.027477, -0.155409, -0.051729, 0.079318]
  关节加速度: [-0.000000, -0.000000, 0.000000, 0.000000, 0.000000, -0.000000]

轨迹点 40:
  时间: 4.000000 秒
  关节位置: [-1.279230, -0.114344, 2.129689, -1.957026, -1.529798, -0.086756]
  关节速度: [0.044746, 0.435000, -0.027477, -0.155409, -0.051729, 0.079318]
  关节加速度: [-0.000000, -0.000000, 0.000000, 0.000000, 0.000000, -0.000000]

轨迹点 41:
  时间: 4.100000 秒
  关节位置: [-1.274756, -0.070844, 2.126941, -1.972567, -1.534970, -0.078824]
  关节速度: [0.044746, 0.435000, -0.027477, -0.155409, -0.051729, 0.079318]
  关节加速度: [0.000000, 0.000000, -0.000000, -0.000000, -0.000000, 0.000000]

轨迹点 42:
  时间: 4.200000 秒
  关节位置: [-1.270281, -0.027344, 2.124193, -1.988108, -1.540143, -0.070892]
  关节速度: [0.044746, 0.435000, -0.027477, -0.155409, -0.051729, 0.079318]
  关节加速度: [0.000000, 0.000000, -0.000000, -0.000000, -0.000000, 0.000000]

轨迹点 43:
  时间: 4.300000 秒
  关节位置: [-1.265807, 0.016156, 2.121446, -2.003648, -1.545316, -0.062960]
  关节速度: [0.044746, 0.435000, -0.027477, -0.155409, -0.051729, 0.079318]
  关节加速度: [0.000000, 0.000000, -0.000000, -0.000000, -0.000000, 0.000000]

轨迹点 44:
  时间: 4.400000 秒
  关节位置: [-1.261332, 0.059656, 2.118698, -2.019189, -1.550489, -0.055028]
  关节速度: [0.044746, 0.435000, -0.027477, -0.155409, -0.051729, 0.079318]
  关节加速度: [0.000000, 0.000000, -0.000000, -0.000000, -0.000000, 0.000000]

轨迹点 45:
  时间: 4.500000 秒
  关节位置: [-1.256858, 0.103156, 2.115950, -2.034730, -1.555662, -0.047097]
  关节速度: [0.044746, 0.435000, -0.027477, -0.155409, -0.051729, 0.079318]
  关节加速度: [0.000000, 0.000000, -0.000000, -0.000000, -0.000000, 0.000000]

轨迹点 46:
  时间: 4.600000 秒
  关节位置: [-1.252383, 0.146656, 2.113203, -2.050271, -1.560835, -0.039165]
  关节速度: [0.044746, 0.435000, -0.027477, -0.155409, -0.051729, 0.079318]
  关节加速度: [0.000000, 0.000000, -0.000000, -0.000000, -0.000000, 0.000000]

轨迹点 47:
  时间: 4.700000 秒
  关节位置: [-1.247908, 0.190156, 2.110455, -2.065812, -1.566008, -0.031233]
  关节速度: [0.044746, 0.435000, -0.027477, -0.155409, -0.051729, 0.079318]
  关节加速度: [0.000000, 0.000000, -0.000000, -0.000000, -0.000000, 0.000000]

轨迹点 48:
  时间: 4.800000 秒
  关节位置: [-1.243434, 0.233656, 2.107707, -2.081353, -1.571181, -0.023301]
  关节速度: [0.044746, 0.435000, -0.027477, -0.155409, -0.051729, 0.079318]
  关节加速度: [0.000000, 0.000000, -0.000000, -0.000000, -0.000000, 0.000000]

轨迹点 49:
  时间: 4.900000 秒
  关节位置: [-1.238959, 0.277156, 2.104960, -2.096894, -1.576354, -0.015370]
  关节速度: [0.044746, 0.435000, -0.027477, -0.155409, -0.051729, 0.079318]
  关节加速度: [0.000000, 0.000000, -0.000000, -0.000000, -0.000000, 0.000000]

轨迹点 50:
  时间: 5.000000 秒
  关节位置: [-1.234485, 0.320656, 2.102212, -2.112435, -1.581526, -0.007438]
  关节速度: [0.044746, 0.435000, -0.027477, -0.155409, -0.051729, 0.079318]
  关节加速度: [0.000000, 0.000000, -0.000000, -0.000000, -0.000000, 0.000000]

轨迹点 51:
  时间: 5.100000 秒
  关节位置: [-1.230010, 0.364156, 2.099464, -2.127975, -1.586699, 0.000494]
  关节速度: [0.044746, 0.435000, -0.027477, -0.155409, -0.051729, 0.079318]
  关节加速度: [-0.000000, -0.000000, 0.000000, 0.000000, 0.000000, -0.000000]

轨迹点 52:
  时间: 5.200000 秒
  关节位置: [-1.225535, 0.407656, 2.096716, -2.143516, -1.591872, 0.008426]
  关节速度: [0.044746, 0.435000, -0.027477, -0.155409, -0.051729, 0.079318]
  关节加速度: [0.000000, 0.000000, -0.000000, -0.000000, -0.000000, 0.000000]

轨迹点 53:
  时间: 5.300000 秒
  关节位置: [-1.221061, 0.451156, 2.093969, -2.159057, -1.597045, 0.016358]
  关节速度: [0.044746, 0.435000, -0.027477, -0.155409, -0.051729, 0.079318]
  关节加速度: [0.000000, 0.000000, -0.000000, -0.000000, -0.000000, 0.000000]

轨迹点 54:
  时间: 5.400000 秒
  关节位置: [-1.216586, 0.494656, 2.091221, -2.174598, -1.602218, 0.024289]
  关节速度: [0.044746, 0.435000, -0.027477, -0.155409, -0.051729, 0.079318]
  关节加速度: [0.000000, 0.000000, -0.000000, -0.000000, -0.000000, 0.000000]

轨迹点 55:
  时间: 5.500000 秒
  关节位置: [-1.212112, 0.538156, 2.088473, -2.190139, -1.607391, 0.032221]
  关节速度: [0.044746, 0.435000, -0.027477, -0.155409, -0.051729, 0.079318]
  关节加速度: [0.000000, 0.000000, -0.000000, -0.000000, -0.000000, 0.000000]

轨迹点 56:
  时间: 5.600000 秒
  关节位置: [-1.207637, 0.581656, 2.085726, -2.205680, -1.612564, 0.040153]
  关节速度: [0.044746, 0.435000, -0.027477, -0.155409, -0.051729, 0.079318]
  关节加速度: [0.000000, 0.000000, -0.000000, -0.000000, -0.000000, 0.000000]

轨迹点 57:
  时间: 5.700000 秒
  关节位置: [-1.203437, 0.622491, 2.083146, -2.220269, -1.617420, 0.047599]
  关节速度: [0.037474, 0.364308, -0.023012, -0.130153, -0.043322, 0.066428]
  关节加速度: [-0.096435, -0.937500, 0.059217, 0.334933, 0.111485, -0.170944]

轨迹点 58:
  时间: 5.800000 秒
  关节位置: [-1.200171, 0.654234, 2.081141, -2.231609, -1.621195, 0.053387]
  关节速度: [0.027831, 0.270558, -0.017090, -0.096660, -0.032174, 0.049333]
  关节加速度: [-0.096435, -0.937500, 0.059217, 0.334933, 0.111485, -0.170944]

轨迹点 59:
  时间: 5.900000 秒
  关节位置: [-1.197871, 0.676602, 2.079728, -2.239601, -1.623855, 0.057465]
  关节速度: [0.018187, 0.176808, -0.011168, -0.063167, -0.021025, 0.032239]
  关节加速度: [-0.096435, -0.937500, 0.059217, 0.334933, 0.111485, -0.170944]

轨迹点 60:
  时间: 6.000000 秒
  关节位置: [-1.196534, 0.689596, 2.078908, -2.244243, -1.625400, 0.059835]
  关节速度: [0.008544, 0.083058, -0.005246, -0.029673, -0.009877, 0.015145]
  关节加速度: [-0.096435, -0.937500, 0.059217, 0.334933, 0.111485, -0.170944]

轨迹点 61:
  时间: 6.088595 秒
  关节位置: [-1.196156, 0.693275, 2.078675, -2.245557, -1.625837, 0.060505]
  关节速度: [0.000000, 0.000000, -0.000000, -0.000000, -0.000000, 0.000000]
  关节加速度: [-0.096435, -0.937500, 0.059217, 0.334933, 0.111485, -0.170944]

