详细轨迹分析报告
====================
轨迹点数: 54
轨迹总时间: 5.246 秒
关节名称: 
  0: joint1
  1: joint2
  2: joint3
  3: joint4
  4: joint5
  5: joint6

详细轨迹点信息:
================
轨迹点 0:
  时间: 0.000000 秒
  关节位置: [-1.575937, -0.000873, 1.573601, -0.524454, -1.564435, -0.022866]
  关节速度: [-0.000000, -0.000000, 0.000000, -0.000000, 0.000000, -0.000000]
  关节加速度: [0.000000, 0.000000, 0.000000, 0.000000, 0.000000, 0.000000]

轨迹点 1:
  时间: 0.100000 秒
  关节位置: [-1.575966, -0.003243, 1.579472, -0.532266, -1.562553, -0.023922]
  关节速度: [-0.000577, -0.047417, 0.117428, -0.156250, 0.037638, -0.021113]
  关节加速度: [-0.005771, -0.474165, 1.174281, -1.562500, 0.376383, -0.211134]

轨迹点 2:
  时间: 0.200000 秒
  关节位置: [-1.576052, -0.010356, 1.597086, -0.555704, -1.556907, -0.027089]
  关节速度: [-0.001154, -0.094833, 0.234856, -0.312500, 0.075277, -0.042227]
  关节加速度: [-0.005771, -0.474165, 1.174281, -1.562500, 0.376383, -0.211134]

轨迹点 3:
  时间: 0.300000 秒
  关节位置: [-1.576195, -0.022099, 1.626169, -0.594401, -1.547585, -0.032318]
  关节速度: [-0.001607, -0.132008, 0.326920, -0.435000, 0.104785, -0.058780]
  关节加速度: [0.000000, 0.000000, -0.000000, 0.000000, -0.000000, 0.000000]

轨迹点 4:
  时间: 0.400000 秒
  关节位置: [-1.576356, -0.035300, 1.658861, -0.637901, -1.537107, -0.038196]
  关节速度: [-0.001607, -0.132008, 0.326920, -0.435000, 0.104785, -0.058780]
  关节加速度: [0.000000, 0.000000, -0.000000, 0.000000, -0.000000, 0.000000]

轨迹点 5:
  时间: 0.500000 秒
  关节位置: [-1.576516, -0.048501, 1.691553, -0.681401, -1.526628, -0.044074]
  关节速度: [-0.001607, -0.132008, 0.326920, -0.435000, 0.104785, -0.058780]
  关节加速度: [-0.000000, -0.000000, 0.000000, -0.000000, 0.000000, -0.000000]

轨迹点 6:
  时间: 0.600000 秒
  关节位置: [-1.576677, -0.061702, 1.724245, -0.724901, -1.516150, -0.049952]
  关节速度: [-0.001607, -0.132008, 0.326920, -0.435000, 0.104785, -0.058780]
  关节加速度: [0.000000, 0.000000, -0.000000, 0.000000, -0.000000, 0.000000]

轨迹点 7:
  时间: 0.700000 秒
  关节位置: [-1.576838, -0.074902, 1.756937, -0.768401, -1.505671, -0.055830]
  关节速度: [-0.001607, -0.132008, 0.326920, -0.435000, 0.104785, -0.058780]
  关节加速度: [0.000000, 0.000000, -0.000000, 0.000000, -0.000000, 0.000000]

轨迹点 8:
  时间: 0.800000 秒
  关节位置: [-1.576998, -0.088103, 1.789629, -0.811901, -1.495193, -0.061708]
  关节速度: [-0.001607, -0.132008, 0.326920, -0.435000, 0.104785, -0.058780]
  关节加速度: [0.000000, 0.000000, -0.000000, 0.000000, -0.000000, 0.000000]

轨迹点 9:
  时间: 0.900000 秒
  关节位置: [-1.577159, -0.101304, 1.822321, -0.855401, -1.484714, -0.067586]
  关节速度: [-0.001607, -0.132008, 0.326920, -0.435000, 0.104785, -0.058780]
  关节加速度: [0.000000, 0.000000, 0.000000, 0.000000, 0.000000, 0.000000]

轨迹点 10:
  时间: 1.000000 秒
  关节位置: [-1.577320, -0.114505, 1.855013, -0.898901, -1.474236, -0.073464]
  关节速度: [-0.001607, -0.132008, 0.326920, -0.435000, 0.104785, -0.058780]
  关节加速度: [-0.000000, -0.000000, 0.000000, -0.000000, 0.000000, -0.000000]

轨迹点 11:
  时间: 1.100000 秒
  关节位置: [-1.577480, -0.127705, 1.887705, -0.942401, -1.463757, -0.079342]
  关节速度: [-0.001607, -0.132008, 0.326920, -0.435000, 0.104785, -0.058780]
  关节加速度: [0.000000, 0.000000, -0.000000, 0.000000, -0.000000, 0.000000]

轨迹点 12:
  时间: 1.200000 秒
  关节位置: [-1.577641, -0.140906, 1.920397, -0.985901, -1.453279, -0.085220]
  关节速度: [-0.001607, -0.132008, 0.326920, -0.435000, 0.104785, -0.058780]
  关节加速度: [0.000000, 0.000000, -0.000000, 0.000000, -0.000000, 0.000000]

轨迹点 13:
  时间: 1.300000 秒
  关节位置: [-1.577802, -0.154107, 1.953089, -1.029401, -1.442800, -0.091098]
  关节速度: [-0.001607, -0.132008, 0.326920, -0.435000, 0.104785, -0.058780]
  关节加速度: [0.000000, 0.000000, -0.000000, 0.000000, -0.000000, 0.000000]

轨迹点 14:
  时间: 1.400000 秒
  关节位置: [-1.577962, -0.167308, 1.985781, -1.072901, -1.432322, -0.096976]
  关节速度: [-0.001607, -0.132008, 0.326920, -0.435000, 0.104785, -0.058780]
  关节加速度: [0.000000, 0.000000, -0.000000, 0.000000, -0.000000, 0.000000]

轨迹点 15:
  时间: 1.500000 秒
  关节位置: [-1.578123, -0.180508, 2.018473, -1.116401, -1.421843, -0.102854]
  关节速度: [-0.001607, -0.132008, 0.326920, -0.435000, 0.104785, -0.058780]
  关节加速度: [0.000000, 0.000000, -0.000000, 0.000000, -0.000000, 0.000000]

轨迹点 16:
  时间: 1.600000 秒
  关节位置: [-1.578284, -0.193709, 2.051165, -1.159901, -1.411365, -0.108732]
  关节速度: [-0.001607, -0.132008, 0.326920, -0.435000, 0.104785, -0.058780]
  关节加速度: [0.000000, 0.000000, -0.000000, 0.000000, -0.000000, 0.000000]

轨迹点 17:
  时间: 1.700000 秒
  关节位置: [-1.578444, -0.206910, 2.083857, -1.203401, -1.400886, -0.114610]
  关节速度: [-0.001607, -0.132008, 0.326920, -0.435000, 0.104785, -0.058780]
  关节加速度: [0.000000, 0.000000, -0.000000, 0.000000, -0.000000, 0.000000]

轨迹点 18:
  时间: 1.800000 秒
  关节位置: [-1.578605, -0.220111, 2.116549, -1.246901, -1.390408, -0.120487]
  关节速度: [-0.001607, -0.132008, 0.326920, -0.435000, 0.104785, -0.058780]
  关节加速度: [0.000000, 0.000000, -0.000000, 0.000000, -0.000000, 0.000000]

轨迹点 19:
  时间: 1.900000 秒
  关节位置: [-1.578766, -0.233311, 2.149241, -1.290401, -1.379929, -0.126365]
  关节速度: [-0.001607, -0.132008, 0.326920, -0.435000, 0.104785, -0.058780]
  关节加速度: [0.000000, 0.000000, -0.000000, 0.000000, -0.000000, 0.000000]

轨迹点 20:
  时间: 2.000000 秒
  关节位置: [-1.578926, -0.246512, 2.181933, -1.333901, -1.369451, -0.132243]
  关节速度: [-0.001607, -0.132008, 0.326920, -0.435000, 0.104785, -0.058780]
  关节加速度: [0.000000, 0.000000, -0.000000, 0.000000, -0.000000, 0.000000]

轨迹点 21:
  时间: 2.100000 秒
  关节位置: [-1.579087, -0.259713, 2.214625, -1.377401, -1.358972, -0.138121]
  关节速度: [-0.001607, -0.132008, 0.326920, -0.435000, 0.104785, -0.058780]
  关节加速度: [-0.000000, -0.000000, 0.000000, -0.000000, 0.000000, -0.000000]

轨迹点 22:
  时间: 2.200000 秒
  关节位置: [-1.579248, -0.272914, 2.247317, -1.420901, -1.348494, -0.143999]
  关节速度: [-0.001607, -0.132008, 0.326920, -0.435000, 0.104785, -0.058780]
  关节加速度: [-0.000000, -0.000000, 0.000000, -0.000000, 0.000000, -0.000000]

轨迹点 23:
  时间: 2.300000 秒
  关节位置: [-1.579408, -0.286114, 2.280009, -1.464401, -1.338015, -0.149877]
  关节速度: [-0.001607, -0.132008, 0.326920, -0.435000, 0.104785, -0.058780]
  关节加速度: [-0.000000, -0.000000, 0.000000, -0.000000, 0.000000, -0.000000]

轨迹点 24:
  时间: 2.400000 秒
  关节位置: [-1.579541, -0.296968, 2.306888, -1.500167, -1.329400, -0.154710]
  关节速度: [-0.001032, -0.084828, 0.210079, -0.279531, 0.067335, -0.037772]
  关节加速度: [0.005771, 0.474165, -1.174281, 1.562500, -0.376383, 0.211134]

轨迹点 25:
  时间: 2.500000 秒
  关节位置: [-1.578269, -0.301205, 2.325328, -1.528454, -1.324287, -0.157398]
  关节速度: [0.029030, 0.004273, 0.163460, -0.299635, 0.034926, -0.015632]
  关节加速度: [0.321207, 0.937497, -0.461101, -0.264544, -0.334524, 0.229983]

轨迹点 26:
  时间: 2.600000 秒
  关节位置: [-1.573802, -0.296090, 2.339115, -1.559283, -1.322523, -0.157785]
  关节速度: [0.059877, 0.098015, 0.109719, -0.312326, -0.000205, 0.008133]
  关节加速度: [0.295579, 0.937407, -0.614794, 0.012598, -0.368339, 0.245451]

轨迹点 27:
  时间: 2.700000 秒
  关节位置: [-1.566385, -0.281602, 2.346726, -1.589934, -1.324448, -0.155716]
  关节速度: [0.087969, 0.191735, 0.039485, -0.295261, -0.038961, 0.033556]
  关节加速度: [0.265275, 0.937238, -0.796363, 0.340080, -0.408272, 0.263711]

轨迹点 28:
  时间: 2.800000 秒
  关节位置: [-1.556327, -0.257745, 2.346304, -1.617057, -1.330470, -0.151003]
  关节速度: [0.112459, 0.285405, -0.052251, -0.239382, -0.082438, 0.061136]
  关节加速度: [0.221558, 0.936786, -1.057779, 0.811818, -0.465714, 0.289960]

轨迹点 29:
  时间: 2.900000 秒
  关节位置: [-1.543704, -0.224521, 2.337409, -1.639853, -1.340686, -0.143603]
  关节速度: [0.143125, 0.379104, -0.106966, -0.250264, -0.117773, 0.084991]
  关节加速度: [0.353939, 0.937500, -0.264521, -0.618888, -0.291245, 0.210178]

轨迹点 30:
  时间: 3.000000 秒
  关节位置: [-1.527910, -0.182687, 2.325605, -1.667469, -1.353682, -0.134224]
  关节速度: [0.164228, 0.435000, -0.122738, -0.287164, -0.135138, 0.097523]
  关节加速度: [-0.000000, -0.000000, 0.000000, 0.000000, 0.000000, -0.000000]

轨迹点 31:
  时间: 3.100000 秒
  关节位置: [-1.511488, -0.139187, 2.313331, -1.696186, -1.367196, -0.124472]
  关节速度: [0.164228, 0.435000, -0.122738, -0.287164, -0.135138, 0.097523]
  关节加速度: [-0.000000, -0.000000, 0.000000, 0.000000, 0.000000, -0.000000]

轨迹点 32:
  时间: 3.200000 秒
  关节位置: [-1.495065, -0.095687, 2.301057, -1.724902, -1.380710, -0.114720]
  关节速度: [0.164228, 0.435000, -0.122738, -0.287164, -0.135138, 0.097523]
  关节加速度: [-0.000000, -0.000000, 0.000000, 0.000000, 0.000000, -0.000000]

轨迹点 33:
  时间: 3.300000 秒
  关节位置: [-1.478642, -0.052187, 2.288784, -1.753618, -1.394223, -0.104967]
  关节速度: [0.164228, 0.435000, -0.122738, -0.287164, -0.135138, 0.097523]
  关节加速度: [-0.000000, -0.000000, 0.000000, 0.000000, 0.000000, -0.000000]

轨迹点 34:
  时间: 3.400000 秒
  关节位置: [-1.462219, -0.008687, 2.276510, -1.782335, -1.407737, -0.095215]
  关节速度: [0.164228, 0.435000, -0.122738, -0.287164, -0.135138, 0.097523]
  关节加速度: [-0.000000, -0.000000, 0.000000, 0.000000, 0.000000, -0.000000]

轨迹点 35:
  时间: 3.500000 秒
  关节位置: [-1.445797, 0.034813, 2.264236, -1.811051, -1.421251, -0.085463]
  关节速度: [0.164228, 0.435000, -0.122738, -0.287164, -0.135138, 0.097523]
  关节加速度: [-0.000000, -0.000000, 0.000000, 0.000000, 0.000000, -0.000000]

轨迹点 36:
  时间: 3.600000 秒
  关节位置: [-1.429374, 0.078313, 2.251962, -1.839768, -1.434765, -0.075710]
  关节速度: [0.164228, 0.435000, -0.122738, -0.287164, -0.135138, 0.097523]
  关节加速度: [-0.000000, -0.000000, 0.000000, 0.000000, 0.000000, -0.000000]

轨迹点 37:
  时间: 3.700000 秒
  关节位置: [-1.412951, 0.121813, 2.239688, -1.868484, -1.448279, -0.065958]
  关节速度: [0.164228, 0.435000, -0.122738, -0.287164, -0.135138, 0.097523]
  关节加速度: [-0.000000, -0.000000, 0.000000, 0.000000, 0.000000, -0.000000]

轨迹点 38:
  时间: 3.800000 秒
  关节位置: [-1.396528, 0.165313, 2.227415, -1.897200, -1.461792, -0.056206]
  关节速度: [0.164228, 0.435000, -0.122738, -0.287164, -0.135138, 0.097523]
  关节加速度: [-0.000000, -0.000000, 0.000000, 0.000000, 0.000000, -0.000000]

轨迹点 39:
  时间: 3.900000 秒
  关节位置: [-1.380106, 0.208813, 2.215141, -1.925917, -1.475306, -0.046454]
  关节速度: [0.164228, 0.435000, -0.122738, -0.287164, -0.135138, 0.097523]
  关节加速度: [-0.000000, -0.000000, 0.000000, 0.000000, 0.000000, -0.000000]

轨迹点 40:
  时间: 4.000000 秒
  关节位置: [-1.363683, 0.252313, 2.202867, -1.954633, -1.488820, -0.036701]
  关节速度: [0.164228, 0.435000, -0.122738, -0.287164, -0.135138, 0.097523]
  关节加速度: [-0.000000, -0.000000, 0.000000, 0.000000, 0.000000, -0.000000]

轨迹点 41:
  时间: 4.100000 秒
  关节位置: [-1.347260, 0.295813, 2.190593, -1.983350, -1.502334, -0.026949]
  关节速度: [0.164228, 0.435000, -0.122738, -0.287164, -0.135138, 0.097523]
  关节加速度: [-0.000000, -0.000000, 0.000000, 0.000000, 0.000000, -0.000000]

轨迹点 42:
  时间: 4.200000 秒
  关节位置: [-1.330837, 0.339313, 2.178320, -2.012066, -1.515847, -0.017197]
  关节速度: [0.164228, 0.435000, -0.122738, -0.287164, -0.135138, 0.097523]
  关节加速度: [-0.000000, -0.000000, 0.000000, 0.000000, 0.000000, -0.000000]

轨迹点 43:
  时间: 4.300000 秒
  关节位置: [-1.314415, 0.382813, 2.166046, -2.040782, -1.529361, -0.007445]
  关节速度: [0.164228, 0.435000, -0.122738, -0.287164, -0.135138, 0.097523]
  关节加速度: [-0.000000, -0.000000, 0.000000, 0.000000, 0.000000, -0.000000]

轨迹点 44:
  时间: 4.400000 秒
  关节位置: [-1.297992, 0.426313, 2.153772, -2.069499, -1.542875, 0.002308]
  关节速度: [0.164228, 0.435000, -0.122738, -0.287164, -0.135138, 0.097523]
  关节加速度: [-0.000000, -0.000000, 0.000000, 0.000000, 0.000000, -0.000000]

轨迹点 45:
  时间: 4.500000 秒
  关节位置: [-1.281569, 0.469813, 2.141498, -2.098215, -1.556389, 0.012060]
  关节速度: [0.164228, 0.435000, -0.122738, -0.287164, -0.135138, 0.097523]
  关节加速度: [-0.000000, -0.000000, 0.000000, 0.000000, 0.000000, -0.000000]

轨迹点 46:
  时间: 4.600000 秒
  关节位置: [-1.265146, 0.513313, 2.129224, -2.126931, -1.569902, 0.021812]
  关节速度: [0.164228, 0.435000, -0.122738, -0.287164, -0.135138, 0.097523]
  关节加速度: [-0.000000, -0.000000, 0.000000, 0.000000, 0.000000, -0.000000]

轨迹点 47:
  时间: 4.700000 秒
  关节位置: [-1.248724, 0.556813, 2.116951, -2.155648, -1.583416, 0.031565]
  关节速度: [0.164228, 0.435000, -0.122738, -0.287164, -0.135138, 0.097523]
  关节加速度: [-0.000000, -0.000000, 0.000000, 0.000000, 0.000000, -0.000000]

轨迹点 48:
  时间: 4.800000 秒
  关节位置: [-1.232357, 0.600163, 2.104719, -2.184265, -1.596883, 0.041283]
  关节速度: [0.157901, 0.418243, -0.118010, -0.276102, -0.129932, 0.093766]
  关节加速度: [-0.353939, -0.937500, 0.264521, 0.618888, 0.291245, -0.210178]

轨迹点 49:
  时间: 4.900000 秒
  关节位置: [-1.218337, 0.637300, 2.094241, -2.208781, -1.608420, 0.049609]
  关节速度: [0.122508, 0.324493, -0.091558, -0.214213, -0.100807, 0.072748]
  关节加速度: [-0.353939, -0.937500, 0.264521, 0.618888, 0.291245, -0.210178]

轨迹点 50:
  时间: 5.000000 秒
  关节位置: [-1.207856, 0.665062, 2.086408, -2.227108, -1.617045, 0.055833]
  关节速度: [0.087114, 0.230743, -0.065106, -0.152324, -0.071683, 0.051730]
  关节加速度: [-0.353939, -0.937500, 0.264521, 0.618888, 0.291245, -0.210178]

轨迹点 51:
  时间: 5.100000 秒
  关节位置: [-1.200914, 0.683448, 2.081220, -2.239246, -1.622757, 0.059955]
  关节速度: [0.051720, 0.136993, -0.038653, -0.090436, -0.042558, 0.030713]
  关节加速度: [-0.353939, -0.937500, 0.264521, 0.618888, 0.291245, -0.210178]

轨迹点 52:
  时间: 5.200000 秒
  关节位置: [-1.197512, 0.692460, 2.078677, -2.245195, -1.625556, 0.061975]
  关节速度: [0.016326, 0.043243, -0.012201, -0.028547, -0.013434, 0.009695]
  关节加速度: [-0.353939, -0.937500, 0.264521, 0.618888, 0.291245, -0.210178]

轨迹点 53:
  时间: 5.246126 秒
  关节位置: [-1.197135, 0.693458, 2.078395, -2.245854, -1.625866, 0.062199]
  关节速度: [0.000000, 0.000000, -0.000000, -0.000000, -0.000000, 0.000000]
  关节加速度: [-0.353939, -0.937500, 0.264521, 0.618888, 0.291245, -0.210178]

