详细轨迹分析报告
====================
轨迹点数: 57
轨迹总时间: 5.584 秒
关节名称: 
  0: joint1
  1: joint2
  2: joint3
  3: joint4
  4: joint5
  5: joint6

详细轨迹点信息:
================
轨迹点 0:
  时间: 0.000000 秒
  关节位置: [-1.576391, -0.000104, 1.572199, -0.525386, -1.563729, -0.022013]
  关节速度: [-0.000000, -0.000000, 0.000000, -0.000000, -0.000000, 0.000000]
  关节加速度: [0.000000, 0.000000, 0.000000, 0.000000, 0.000000, 0.000000]

轨迹点 1:
  时间: 0.100000 秒
  关节位置: [-1.577787, -0.001869, 1.575618, -0.533199, -1.568319, -0.021248]
  关节速度: [-0.027923, -0.035302, 0.068378, -0.156250, -0.091804, 0.015308]
  关节加速度: [-0.279232, -0.353019, 0.683785, -1.562500, -0.918042, 0.153078]

轨迹点 2:
  时间: 0.200000 秒
  关节位置: [-1.581975, -0.007165, 1.585875, -0.556636, -1.582090, -0.018952]
  关节速度: [-0.055846, -0.070604, 0.136757, -0.312500, -0.183608, 0.030616]
  关节加速度: [-0.279232, -0.353019, 0.683785, -1.562500, -0.918042, 0.153078]

轨迹点 3:
  时间: 0.300000 秒
  关节位置: [-1.588891, -0.015908, 1.602810, -0.595334, -1.604827, -0.015161]
  关节速度: [-0.077738, -0.098280, 0.190366, -0.435000, -0.255583, 0.042617]
  关节加速度: [0.000000, 0.000000, -0.000000, 0.000000, 0.000000, -0.000000]

轨迹点 4:
  时间: 0.400000 秒
  关节位置: [-1.596665, -0.025736, 1.621847, -0.638834, -1.630385, -0.010899]
  关节速度: [-0.077738, -0.098280, 0.190366, -0.435000, -0.255583, 0.042617]
  关节加速度: [0.000000, 0.000000, -0.000000, 0.000000, 0.000000, -0.000000]

轨迹点 5:
  时间: 0.500000 秒
  关节位置: [-1.604439, -0.035564, 1.640883, -0.682334, -1.655943, -0.006637]
  关节速度: [-0.077738, -0.098280, 0.190366, -0.435000, -0.255583, 0.042617]
  关节加速度: [-0.000000, -0.000000, 0.000000, -0.000000, -0.000000, 0.000000]

轨迹点 6:
  时间: 0.600000 秒
  关节位置: [-1.612213, -0.045392, 1.659920, -0.725834, -1.681502, -0.002375]
  关节速度: [-0.077738, -0.098280, 0.190366, -0.435000, -0.255583, 0.042617]
  关节加速度: [-0.000000, -0.000000, 0.000000, -0.000000, -0.000000, 0.000000]

轨迹点 7:
  时间: 0.700000 秒
  关节位置: [-1.619986, -0.055220, 1.678956, -0.769334, -1.707060, 0.001886]
  关节速度: [-0.077738, -0.098280, 0.190366, -0.435000, -0.255583, 0.042617]
  关节加速度: [-0.000000, -0.000000, 0.000000, -0.000000, -0.000000, 0.000000]

轨迹点 8:
  时间: 0.800000 秒
  关节位置: [-1.627760, -0.065048, 1.697993, -0.812834, -1.732618, 0.006148]
  关节速度: [-0.077738, -0.098280, 0.190366, -0.435000, -0.255583, 0.042617]
  关节加速度: [-0.000000, -0.000000, 0.000000, -0.000000, -0.000000, 0.000000]

轨迹点 9:
  时间: 0.900000 秒
  关节位置: [-1.635534, -0.074876, 1.717029, -0.856334, -1.758177, 0.010410]
  关节速度: [-0.077738, -0.098280, 0.190366, -0.435000, -0.255583, 0.042617]
  关节加速度: [-0.000000, -0.000000, 0.000000, -0.000000, -0.000000, 0.000000]

轨迹点 10:
  时间: 1.000000 秒
  关节位置: [-1.643308, -0.084704, 1.736066, -0.899834, -1.783735, 0.014671]
  关节速度: [-0.077738, -0.098280, 0.190366, -0.435000, -0.255583, 0.042617]
  关节加速度: [-0.000000, -0.000000, 0.000000, -0.000000, -0.000000, 0.000000]

轨迹点 11:
  时间: 1.100000 秒
  关节位置: [-1.651082, -0.094532, 1.755103, -0.943334, -1.809293, 0.018933]
  关节速度: [-0.077738, -0.098280, 0.190366, -0.435000, -0.255583, 0.042617]
  关节加速度: [-0.000000, -0.000000, 0.000000, -0.000000, -0.000000, 0.000000]

轨迹点 12:
  时间: 1.200000 秒
  关节位置: [-1.658855, -0.104360, 1.774139, -0.986834, -1.834851, 0.023195]
  关节速度: [-0.077738, -0.098280, 0.190366, -0.435000, -0.255583, 0.042617]
  关节加速度: [-0.000000, -0.000000, 0.000000, -0.000000, -0.000000, 0.000000]

轨迹点 13:
  时间: 1.300000 秒
  关节位置: [-1.666629, -0.114188, 1.793176, -1.030334, -1.860410, 0.027456]
  关节速度: [-0.077738, -0.098280, 0.190366, -0.435000, -0.255583, 0.042617]
  关节加速度: [-0.000000, -0.000000, 0.000000, -0.000000, -0.000000, 0.000000]

轨迹点 14:
  时间: 1.400000 秒
  关节位置: [-1.674403, -0.124016, 1.812212, -1.073834, -1.885968, 0.031718]
  关节速度: [-0.077738, -0.098280, 0.190366, -0.435000, -0.255583, 0.042617]
  关节加速度: [-0.000000, -0.000000, 0.000000, -0.000000, -0.000000, 0.000000]

轨迹点 15:
  时间: 1.500000 秒
  关节位置: [-1.682177, -0.133844, 1.831249, -1.117334, -1.911526, 0.035980]
  关节速度: [-0.077738, -0.098280, 0.190366, -0.435000, -0.255583, 0.042617]
  关节加速度: [-0.000000, -0.000000, 0.000000, -0.000000, -0.000000, 0.000000]

轨迹点 16:
  时间: 1.600000 秒
  关节位置: [-1.689951, -0.143672, 1.850285, -1.160834, -1.937085, 0.040241]
  关节速度: [-0.077738, -0.098280, 0.190366, -0.435000, -0.255583, 0.042617]
  关节加速度: [-0.000000, -0.000000, 0.000000, -0.000000, -0.000000, 0.000000]

轨迹点 17:
  时间: 1.700000 秒
  关节位置: [-1.697725, -0.153501, 1.869322, -1.204334, -1.962643, 0.044503]
  关节速度: [-0.077738, -0.098280, 0.190366, -0.435000, -0.255583, 0.042617]
  关节加速度: [-0.000000, -0.000000, 0.000000, -0.000000, -0.000000, 0.000000]

轨迹点 18:
  时间: 1.800000 秒
  关节位置: [-1.705498, -0.163329, 1.888358, -1.247834, -1.988201, 0.048765]
  关节速度: [-0.077738, -0.098280, 0.190366, -0.435000, -0.255583, 0.042617]
  关节加速度: [-0.000000, -0.000000, 0.000000, -0.000000, -0.000000, 0.000000]

轨迹点 19:
  时间: 1.900000 秒
  关节位置: [-1.713272, -0.173157, 1.907395, -1.291334, -2.013760, 0.053026]
  关节速度: [-0.077738, -0.098280, 0.190366, -0.435000, -0.255583, 0.042617]
  关节加速度: [-0.000000, -0.000000, 0.000000, -0.000000, -0.000000, 0.000000]

轨迹点 20:
  时间: 2.000000 秒
  关节位置: [-1.721046, -0.182985, 1.926432, -1.334834, -2.039318, 0.057288]
  关节速度: [-0.077738, -0.098280, 0.190366, -0.435000, -0.255583, 0.042617]
  关节加速度: [-0.000000, -0.000000, 0.000000, -0.000000, -0.000000, 0.000000]

轨迹点 21:
  时间: 2.100000 秒
  关节位置: [-1.728820, -0.192813, 1.945468, -1.378334, -2.064876, 0.061550]
  关节速度: [-0.077738, -0.098280, 0.190366, -0.435000, -0.255583, 0.042617]
  关节加速度: [0.000000, 0.000000, -0.000000, 0.000000, 0.000000, -0.000000]

轨迹点 22:
  时间: 2.200000 秒
  关节位置: [-1.736594, -0.202641, 1.964505, -1.421834, -2.090434, 0.065812]
  关节速度: [-0.077738, -0.098280, 0.190366, -0.435000, -0.255583, 0.042617]
  关节加速度: [0.000000, 0.000000, -0.000000, 0.000000, 0.000000, -0.000000]

轨迹点 23:
  时间: 2.300000 秒
  关节位置: [-1.744368, -0.212469, 1.983541, -1.465334, -2.115993, 0.070073]
  关节速度: [-0.077738, -0.098280, 0.190366, -0.435000, -0.255583, 0.042617]
  关节加速度: [0.000000, 0.000000, 0.000000, 0.000000, 0.000000, 0.000000]

轨迹点 24:
  时间: 2.400000 秒
  关节位置: [-1.752141, -0.222297, 2.002578, -1.508834, -2.141551, 0.074335]
  关节速度: [-0.077738, -0.098280, 0.190366, -0.435000, -0.255583, 0.042617]
  关节加速度: [0.000000, 0.000000, -0.000000, 0.000000, 0.000000, -0.000000]

轨迹点 25:
  时间: 2.500000 秒
  关节位置: [-1.759915, -0.232125, 2.021614, -1.552334, -2.167109, 0.078597]
  关节速度: [-0.077738, -0.098280, 0.190366, -0.435000, -0.255583, 0.042617]
  关节加速度: [0.000000, 0.000000, -0.000000, 0.000000, 0.000000, -0.000000]

轨迹点 26:
  时间: 2.600000 秒
  关节位置: [-1.767689, -0.241953, 2.040651, -1.595834, -2.192668, 0.082858]
  关节速度: [-0.077738, -0.098280, 0.190366, -0.435000, -0.255583, 0.042617]
  关节加速度: [0.000000, 0.000000, -0.000000, 0.000000, 0.000000, -0.000000]

轨迹点 27:
  时间: 2.700000 秒
  关节位置: [-1.775103, -0.251326, 2.058805, -1.637318, -2.217041, 0.086922]
  关节速度: [-0.063553, -0.080347, 0.155629, -0.355625, -0.208946, 0.034841]
  关节加速度: [0.279232, 0.353019, -0.683785, 1.562500, 0.918042, -0.153078]

轨迹点 28:
  时间: 2.800000 秒
  关节位置: [-1.780191, -0.257444, 2.071095, -1.665607, -2.233559, 0.089574]
  关节速度: [-0.046427, -0.031758, 0.099055, -0.244144, -0.134568, 0.013652]
  关节加速度: [-0.168830, 0.937397, -0.211845, -0.276268, 0.216981, -0.411555]

轨迹点 29:
  时间: 2.900000 秒
  关节位置: [-1.785588, -0.255933, 2.079783, -1.690968, -2.245713, 0.088882]
  关节速度: [-0.060633, 0.061987, 0.073151, -0.258755, -0.106336, -0.027491]
  关节加速度: [-0.115290, 0.937486, -0.306225, -0.015939, 0.347657, -0.411296]

轨迹点 30:
  时间: 3.000000 秒
  关节位置: [-1.792132, -0.245048, 2.085399, -1.716458, -2.254375, 0.084077]
  关节速度: [-0.069242, 0.155714, 0.037396, -0.246167, -0.064461, -0.068595]
  关节加速度: [-0.055105, 0.937453, -0.412249, 0.276627, 0.494465, -0.410945]

轨迹点 31:
  时间: 3.100000 秒
  关节位置: [-1.799207, -0.224791, 2.086858, -1.739084, -2.258045, 0.075165]
  关节速度: [-0.070870, 0.249397, -0.010636, -0.199665, -0.005585, -0.109640]
  关节加速度: [0.028193, 0.937365, -0.558965, 0.681517, 0.697619, -0.410443]

轨迹点 32:
  时间: 3.200000 秒
  关节位置: [-1.805940, -0.195173, 2.082628, -1.754613, -2.254601, 0.062153]
  关节速度: [-0.061216, 0.342937, -0.078468, -0.098401, 0.080719, -0.150560]
  关节加速度: [0.185674, 0.937034, -0.836251, 1.446898, 1.081588, -0.409419]

轨迹点 33:
  时间: 3.300000 秒
  关节位置: [-1.812557, -0.156196, 2.073111, -1.764143, -2.244597, 0.045044]
  关节速度: [-0.073699, 0.435000, -0.106494, -0.105612, 0.112027, -0.190957]
  关节加速度: [0.000000, -0.000000, 0.000000, 0.000000, -0.000000, 0.000000]

轨迹点 34:
  时间: 3.400000 秒
  关节位置: [-1.819927, -0.112696, 2.062461, -1.774704, -2.233394, 0.025948]
  关节速度: [-0.073699, 0.435000, -0.106494, -0.105612, 0.112027, -0.190957]
  关节加速度: [0.000000, -0.000000, 0.000000, 0.000000, -0.000000, 0.000000]

轨迹点 35:
  时间: 3.500000 秒
  关节位置: [-1.827297, -0.069196, 2.051812, -1.785265, -2.222192, 0.006852]
  关节速度: [-0.073699, 0.435000, -0.106494, -0.105612, 0.112027, -0.190957]
  关节加速度: [0.000000, -0.000000, 0.000000, 0.000000, -0.000000, 0.000000]

轨迹点 36:
  时间: 3.600000 秒
  关节位置: [-1.834667, -0.025696, 2.041162, -1.795826, -2.210989, -0.012243]
  关节速度: [-0.073699, 0.435000, -0.106494, -0.105612, 0.112027, -0.190957]
  关节加速度: [0.000000, -0.000000, 0.000000, 0.000000, -0.000000, 0.000000]

轨迹点 37:
  时间: 3.700000 秒
  关节位置: [-1.842037, 0.017804, 2.030513, -1.806387, -2.199786, -0.031339]
  关节速度: [-0.073699, 0.435000, -0.106494, -0.105612, 0.112027, -0.190957]
  关节加速度: [0.000000, -0.000000, 0.000000, 0.000000, -0.000000, 0.000000]

轨迹点 38:
  时间: 3.800000 秒
  关节位置: [-1.849406, 0.061304, 2.019864, -1.816949, -2.188583, -0.050435]
  关节速度: [-0.073699, 0.435000, -0.106494, -0.105612, 0.112027, -0.190957]
  关节加速度: [0.000000, -0.000000, 0.000000, 0.000000, -0.000000, 0.000000]

轨迹点 39:
  时间: 3.900000 秒
  关节位置: [-1.856776, 0.104804, 2.009214, -1.827510, -2.177381, -0.069530]
  关节速度: [-0.073699, 0.435000, -0.106494, -0.105612, 0.112027, -0.190957]
  关节加速度: [0.000000, -0.000000, 0.000000, 0.000000, -0.000000, 0.000000]

轨迹点 40:
  时间: 4.000000 秒
  关节位置: [-1.864146, 0.148304, 1.998565, -1.838071, -2.166178, -0.088626]
  关节速度: [-0.073699, 0.435000, -0.106494, -0.105612, 0.112027, -0.190957]
  关节加速度: [-0.000000, 0.000000, -0.000000, -0.000000, 0.000000, -0.000000]

轨迹点 41:
  时间: 4.100000 秒
  关节位置: [-1.871516, 0.191804, 1.987915, -1.848632, -2.154975, -0.107722]
  关节速度: [-0.073699, 0.435000, -0.106494, -0.105612, 0.112027, -0.190957]
  关节加速度: [-0.000000, 0.000000, -0.000000, -0.000000, 0.000000, -0.000000]

轨迹点 42:
  时间: 4.200000 秒
  关节位置: [-1.878886, 0.235304, 1.977266, -1.859193, -2.143772, -0.126817]
  关节速度: [-0.073699, 0.435000, -0.106494, -0.105612, 0.112027, -0.190957]
  关节加速度: [-0.000000, 0.000000, -0.000000, -0.000000, 0.000000, -0.000000]

轨迹点 43:
  时间: 4.300000 秒
  关节位置: [-1.886256, 0.278804, 1.966616, -1.869754, -2.132570, -0.145913]
  关节速度: [-0.073699, 0.435000, -0.106494, -0.105612, 0.112027, -0.190957]
  关节加速度: [-0.000000, 0.000000, -0.000000, -0.000000, 0.000000, -0.000000]

轨迹点 44:
  时间: 4.400000 秒
  关节位置: [-1.893626, 0.322304, 1.955967, -1.880316, -2.121367, -0.165009]
  关节速度: [-0.073699, 0.435000, -0.106494, -0.105612, 0.112027, -0.190957]
  关节加速度: [-0.000000, 0.000000, -0.000000, -0.000000, 0.000000, -0.000000]

轨迹点 45:
  时间: 4.500000 秒
  关节位置: [-1.900996, 0.365804, 1.945318, -1.890877, -2.110164, -0.184104]
  关节速度: [-0.073699, 0.435000, -0.106494, -0.105612, 0.112027, -0.190957]
  关节加速度: [-0.000000, 0.000000, -0.000000, -0.000000, 0.000000, -0.000000]

轨迹点 46:
  时间: 4.600000 秒
  关节位置: [-1.908365, 0.409304, 1.934668, -1.901438, -2.098962, -0.203200]
  关节速度: [-0.073699, 0.435000, -0.106494, -0.105612, 0.112027, -0.190957]
  关节加速度: [-0.000000, 0.000000, -0.000000, -0.000000, 0.000000, -0.000000]

轨迹点 47:
  时间: 4.700000 秒
  关节位置: [-1.915735, 0.452804, 1.924019, -1.911999, -2.087759, -0.222296]
  关节速度: [-0.073699, 0.435000, -0.106494, -0.105612, 0.112027, -0.190957]
  关节加速度: [-0.000000, 0.000000, -0.000000, -0.000000, 0.000000, -0.000000]

轨迹点 48:
  时间: 4.800000 秒
  关节位置: [-1.923105, 0.496304, 1.913369, -1.922560, -2.076556, -0.241391]
  关节速度: [-0.073699, 0.435000, -0.106494, -0.105612, 0.112027, -0.190957]
  关节加速度: [-0.000000, 0.000000, -0.000000, -0.000000, 0.000000, -0.000000]

轨迹点 49:
  时间: 4.900000 秒
  关节位置: [-1.930475, 0.539804, 1.902720, -1.933121, -2.065353, -0.260487]
  关节速度: [-0.073699, 0.435000, -0.106494, -0.105612, 0.112027, -0.190957]
  关节加速度: [-0.000000, 0.000000, -0.000000, -0.000000, 0.000000, -0.000000]

轨迹点 50:
  时间: 5.000000 秒
  关节位置: [-1.937845, 0.583304, 1.892070, -1.943682, -2.054151, -0.279583]
  关节速度: [-0.073699, 0.435000, -0.106494, -0.105612, 0.112027, -0.190957]
  关节加速度: [-0.000000, 0.000000, -0.000000, -0.000000, 0.000000, -0.000000]

轨迹点 51:
  时间: 5.100000 秒
  关节位置: [-1.945215, 0.626804, 1.881421, -1.954244, -2.042948, -0.298678]
  关节速度: [-0.073699, 0.435000, -0.106494, -0.105612, 0.112027, -0.190957]
  关节加速度: [-0.000000, 0.000000, -0.000000, -0.000000, 0.000000, -0.000000]

轨迹点 52:
  时间: 5.200000 秒
  关节位置: [-1.952071, 0.667272, 1.871514, -1.964069, -2.032526, -0.316443]
  关节速度: [-0.060926, 0.359609, -0.088037, -0.087308, 0.092611, -0.157861]
  关节加速度: [0.158834, -0.937500, 0.229514, 0.227611, -0.241438, 0.411544]

轨迹点 53:
  时间: 5.300000 秒
  关节位置: [-1.957370, 0.698546, 1.863857, -1.971662, -2.024472, -0.330172]
  关节速度: [-0.045042, 0.265859, -0.065086, -0.064547, 0.068468, -0.116707]
  关节加速度: [0.158834, -0.937500, 0.229514, 0.227611, -0.241438, 0.411544]

轨迹点 54:
  时间: 5.400000 秒
  关节位置: [-1.961080, 0.720444, 1.858496, -1.976978, -2.018832, -0.339785]
  关节速度: [-0.029159, 0.172109, -0.042135, -0.041785, 0.044324, -0.075552]
  关节加速度: [0.158834, -0.937500, 0.229514, 0.227611, -0.241438, 0.411544]

轨迹点 55:
  时间: 5.500000 秒
  关节位置: [-1.963201, 0.732967, 1.855431, -1.980019, -2.015607, -0.345282]
  关节速度: [-0.013276, 0.078359, -0.019183, -0.019024, 0.020180, -0.034398]
  关节加速度: [0.158834, -0.937500, 0.229514, 0.227611, -0.241438, 0.411544]

轨迹点 56:
  时间: 5.583582 秒
  关节位置: [-1.963756, 0.736242, 1.854629, -1.980814, -2.014764, -0.346720]
  关节速度: [0.000000, -0.000000, 0.000000, 0.000000, -0.000000, 0.000000]
  关节加速度: [0.158834, -0.937500, 0.229514, 0.227611, -0.241438, 0.411544]

