详细轨迹分析报告
====================
轨迹点数: 54
轨迹总时间: 5.262 秒
关节名称: 
  0: joint1
  1: joint2
  2: joint3
  3: joint4
  4: joint5
  5: joint6

详细轨迹点信息:
================
轨迹点 0:
  时间: 0.000000 秒
  关节位置: [-1.575692, -0.000126, 1.573354, -0.524434, -1.565080, -0.022012]
  关节速度: [0.000000, -0.000000, 0.000000, -0.000000, -0.000000, -0.000000]
  关节加速度: [0.000000, 0.000000, 0.000000, 0.000000, 0.000000, 0.000000]

轨迹点 1:
  时间: 0.100000 秒
  关节位置: [-1.572788, -0.000814, 1.578339, -0.532246, -1.566487, -0.028861]
  关节速度: [0.058085, -0.013764, 0.099704, -0.156250, -0.028151, -0.136991]
  关节加速度: [0.580849, -0.137641, 0.997043, -1.562500, -0.281507, -1.369912]

轨迹点 2:
  时间: 0.200000 秒
  关节位置: [-1.564075, -0.002879, 1.593295, -0.555684, -1.570710, -0.049410]
  关节速度: [0.116169, -0.027528, 0.199408, -0.312499, -0.056301, -0.273981]
  关节加速度: [0.580849, -0.137641, 0.997043, -1.562500, -0.281507, -1.369912]

轨迹点 3:
  时间: 0.300000 秒
  关节位置: [-1.549690, -0.006287, 1.617988, -0.594382, -1.577682, -0.083338]
  关节速度: [0.161708, -0.038319, 0.277577, -0.435000, -0.078371, -0.381383]
  关节加速度: [0.000000, -0.000000, 0.000000, -0.000000, -0.000000, -0.000000]

轨迹点 4:
  时间: 0.400000 秒
  关节位置: [-1.533519, -0.010119, 1.645746, -0.637882, -1.585519, -0.121476]
  关节速度: [0.161708, -0.038319, 0.277577, -0.435000, -0.078371, -0.381383]
  关节加速度: [0.000000, 0.000000, 0.000000, 0.000000, 0.000000, 0.000000]

轨迹点 5:
  时间: 0.500000 秒
  关节位置: [-1.517348, -0.013951, 1.673504, -0.681382, -1.593356, -0.159615]
  关节速度: [0.161708, -0.038319, 0.277577, -0.435000, -0.078371, -0.381383]
  关节加速度: [-0.000000, 0.000000, -0.000000, 0.000000, 0.000000, 0.000000]

轨迹点 6:
  时间: 0.600000 秒
  关节位置: [-1.501177, -0.017783, 1.701261, -0.724882, -1.601193, -0.197753]
  关节速度: [0.161708, -0.038319, 0.277577, -0.435000, -0.078371, -0.381383]
  关节加速度: [0.000000, -0.000000, 0.000000, -0.000000, -0.000000, -0.000000]

轨迹点 7:
  时间: 0.700000 秒
  关节位置: [-1.485006, -0.021615, 1.729019, -0.768382, -1.609030, -0.235891]
  关节速度: [0.161708, -0.038319, 0.277577, -0.435000, -0.078371, -0.381383]
  关节加速度: [0.000000, -0.000000, 0.000000, -0.000000, -0.000000, -0.000000]

轨迹点 8:
  时间: 0.800000 秒
  关节位置: [-1.468835, -0.025447, 1.756777, -0.811882, -1.616867, -0.274030]
  关节速度: [0.161708, -0.038319, 0.277577, -0.435000, -0.078371, -0.381383]
  关节加速度: [0.000000, -0.000000, 0.000000, -0.000000, -0.000000, -0.000000]

轨迹点 9:
  时间: 0.900000 秒
  关节位置: [-1.452665, -0.029279, 1.784534, -0.855382, -1.624705, -0.312168]
  关节速度: [0.161708, -0.038319, 0.277577, -0.435000, -0.078371, -0.381383]
  关节加速度: [0.000000, -0.000000, 0.000000, -0.000000, -0.000000, -0.000000]

轨迹点 10:
  时间: 1.000000 秒
  关节位置: [-1.436494, -0.033111, 1.812292, -0.898882, -1.632542, -0.350306]
  关节速度: [0.161708, -0.038319, 0.277577, -0.435000, -0.078371, -0.381383]
  关节加速度: [0.000000, -0.000000, 0.000000, -0.000000, -0.000000, -0.000000]

轨迹点 11:
  时间: 1.100000 秒
  关节位置: [-1.420323, -0.036943, 1.840050, -0.942382, -1.640379, -0.388445]
  关节速度: [0.161708, -0.038319, 0.277577, -0.435000, -0.078371, -0.381383]
  关节加速度: [0.000000, -0.000000, 0.000000, -0.000000, -0.000000, -0.000000]

轨迹点 12:
  时间: 1.200000 秒
  关节位置: [-1.404152, -0.040775, 1.867807, -0.985882, -1.648216, -0.426583]
  关节速度: [0.161708, -0.038319, 0.277577, -0.435000, -0.078371, -0.381383]
  关节加速度: [0.000000, -0.000000, 0.000000, -0.000000, -0.000000, -0.000000]

轨迹点 13:
  时间: 1.300000 秒
  关节位置: [-1.387981, -0.044607, 1.895565, -1.029382, -1.656053, -0.464721]
  关节速度: [0.161708, -0.038319, 0.277577, -0.435000, -0.078371, -0.381383]
  关节加速度: [0.000000, -0.000000, 0.000000, -0.000000, -0.000000, -0.000000]

轨迹点 14:
  时间: 1.400000 秒
  关节位置: [-1.371810, -0.048439, 1.923323, -1.072882, -1.663890, -0.502860]
  关节速度: [0.161708, -0.038319, 0.277577, -0.435000, -0.078371, -0.381383]
  关节加速度: [0.000000, -0.000000, 0.000000, -0.000000, -0.000000, -0.000000]

轨迹点 15:
  时间: 1.500000 秒
  关节位置: [-1.355640, -0.052271, 1.951080, -1.116382, -1.671727, -0.540998]
  关节速度: [0.161708, -0.038319, 0.277577, -0.435000, -0.078371, -0.381383]
  关节加速度: [0.000000, -0.000000, 0.000000, -0.000000, -0.000000, -0.000000]

轨迹点 16:
  时间: 1.600000 秒
  关节位置: [-1.339469, -0.056103, 1.978838, -1.159882, -1.679565, -0.579136]
  关节速度: [0.161708, -0.038319, 0.277577, -0.435000, -0.078371, -0.381383]
  关节加速度: [0.000000, -0.000000, 0.000000, -0.000000, -0.000000, -0.000000]

轨迹点 17:
  时间: 1.700000 秒
  关节位置: [-1.323298, -0.059934, 2.006596, -1.203382, -1.687402, -0.617275]
  关节速度: [0.161708, -0.038319, 0.277577, -0.435000, -0.078371, -0.381383]
  关节加速度: [-0.000000, 0.000000, -0.000000, 0.000000, 0.000000, 0.000000]

轨迹点 18:
  时间: 1.800000 秒
  关节位置: [-1.307127, -0.063766, 2.034353, -1.246882, -1.695239, -0.655413]
  关节速度: [0.161708, -0.038319, 0.277577, -0.435000, -0.078371, -0.381383]
  关节加速度: [-0.000000, 0.000000, -0.000000, 0.000000, 0.000000, 0.000000]

轨迹点 19:
  时间: 1.900000 秒
  关节位置: [-1.290956, -0.067598, 2.062111, -1.290382, -1.703076, -0.693551]
  关节速度: [0.161708, -0.038319, 0.277577, -0.435000, -0.078371, -0.381383]
  关节加速度: [-0.000000, 0.000000, -0.000000, 0.000000, 0.000000, 0.000000]

轨迹点 20:
  时间: 2.000000 秒
  关节位置: [-1.274785, -0.071430, 2.089869, -1.333882, -1.710913, -0.731690]
  关节速度: [0.161708, -0.038319, 0.277577, -0.435000, -0.078371, -0.381383]
  关节加速度: [-0.000000, 0.000000, -0.000000, 0.000000, 0.000000, 0.000000]

轨迹点 21:
  时间: 2.100000 秒
  关节位置: [-1.258615, -0.075262, 2.117626, -1.377382, -1.718750, -0.769828]
  关节速度: [0.161708, -0.038319, 0.277577, -0.435000, -0.078371, -0.381383]
  关节加速度: [0.000000, -0.000000, 0.000000, -0.000000, -0.000000, -0.000000]

轨迹点 22:
  时间: 2.200000 秒
  关节位置: [-1.242444, -0.079094, 2.145384, -1.420882, -1.726588, -0.807967]
  关节速度: [0.161708, -0.038319, 0.277577, -0.435000, -0.078371, -0.381383]
  关节加速度: [0.000000, -0.000000, 0.000000, -0.000000, -0.000000, -0.000000]

轨迹点 23:
  时间: 2.300000 秒
  关节位置: [-1.226273, -0.082926, 2.173142, -1.464382, -1.734425, -0.846105]
  关节速度: [0.161708, -0.038319, 0.277577, -0.435000, -0.078371, -0.381383]
  关节加速度: [0.000000, -0.000000, 0.000000, -0.000000, -0.000000, -0.000000]

轨迹点 24:
  时间: 2.400000 秒
  关节位置: [-1.210102, -0.086758, 2.200899, -1.507882, -1.742262, -0.884243]
  关节速度: [0.161708, -0.038319, 0.277577, -0.435000, -0.078371, -0.381383]
  关节加速度: [0.000000, -0.000000, 0.000000, -0.000000, -0.000000, -0.000000]

轨迹点 25:
  时间: 2.500000 秒
  关节位置: [-1.193931, -0.090590, 2.228657, -1.551382, -1.750099, -0.922382]
  关节速度: [0.161708, -0.038319, 0.277577, -0.435000, -0.078371, -0.381383]
  关节加速度: [0.000000, -0.000000, 0.000000, -0.000000, -0.000000, -0.000000]

轨迹点 26:
  时间: 2.600000 秒
  关节位置: [-1.178300, -0.094294, 2.255489, -1.593430, -1.757675, -0.959248]
  关节速度: [0.136674, -0.032387, 0.234605, -0.367657, -0.066239, -0.322341]
  关节加速度: [-0.580849, 0.137641, -0.997043, 1.562500, 0.281507, 1.369912]

轨迹点 27:
  时间: 2.700000 秒
  关节位置: [-1.167537, -0.096844, 2.273964, -1.622384, -1.762891, -0.984632]
  关节速度: [0.078589, -0.018623, 0.134901, -0.211407, -0.038088, -0.185350]
  关节加速度: [-0.580849, 0.137641, -0.997043, 1.562500, 0.281507, 1.369912]

轨迹点 28:
  时间: 2.800000 秒
  关节位置: [-1.162521, -0.097948, 2.282558, -1.635952, -1.765308, -0.996355]
  关节速度: [0.029029, 0.005761, 0.047441, -0.089375, -0.012075, -0.052662]
  关节加速度: [-0.006857, 0.937481, -0.188671, -0.817104, 0.150965, 1.186266]

轨迹点 29:
  时间: 2.900000 秒
  关节位置: [-1.160625, -0.092998, 2.284792, -1.645874, -1.765376, -0.994076]
  关节速度: [-0.003081, 0.078821, -0.020050, -0.061432, 0.013813, 0.104902]
  关节加速度: [-0.677577, 0.523574, -1.231698, 1.498598, 0.385655, 2.051912]

轨迹点 30:
  时间: 3.000000 秒
  关节位置: [-1.161186, -0.080457, 2.281483, -1.655442, -1.763146, -0.977239]
  关节速度: [-0.007713, 0.172280, -0.045459, -0.131436, 0.030629, 0.231305]
  关节加速度: [-0.041969, 0.937500, -0.247374, -0.715238, 0.166673, 1.258699]

轨迹点 31:
  时间: 3.100000 秒
  关节位置: [-1.162167, -0.058542, 2.275700, -1.672161, -1.759250, -0.947815]
  关节速度: [-0.011909, 0.266029, -0.070196, -0.202959, 0.047296, 0.357174]
  关节加速度: [-0.041969, 0.937500, -0.247374, -0.715238, 0.166673, 1.258699]

轨迹点 32:
  时间: 3.200000 秒
  关节位置: [-1.163568, -0.027251, 2.267444, -1.696034, -1.753687, -0.905804]
  关节速度: [-0.016106, 0.359779, -0.094933, -0.274483, 0.063963, 0.483044]
  关节加速度: [-0.041969, 0.937500, -0.247374, -0.715238, 0.166673, 1.258699]

轨迹点 33:
  时间: 3.300000 秒
  关节位置: [-1.165288, 0.011179, 2.257303, -1.725353, -1.746855, -0.854207]
  关节速度: [-0.017405, 0.388794, -0.102589, -0.296619, 0.069122, 0.522000]
  关节加速度: [-0.000000, 0.000000, -0.000000, -0.000000, 0.000000, 0.000000]

轨迹点 34:
  时间: 3.400000 秒
  关节位置: [-1.167029, 0.050059, 2.247044, -1.755015, -1.739942, -0.802007]
  关节速度: [-0.017405, 0.388794, -0.102589, -0.296619, 0.069122, 0.522000]
  关节加速度: [-0.000000, 0.000000, -0.000000, -0.000000, 0.000000, 0.000000]

轨迹点 35:
  时间: 3.500000 秒
  关节位置: [-1.168769, 0.088938, 2.236785, -1.784677, -1.733030, -0.749807]
  关节速度: [-0.017405, 0.388794, -0.102589, -0.296619, 0.069122, 0.522000]
  关节加速度: [-0.000000, 0.000000, -0.000000, -0.000000, 0.000000, 0.000000]

轨迹点 36:
  时间: 3.600000 秒
  关节位置: [-1.170510, 0.127818, 2.226526, -1.814339, -1.726118, -0.697607]
  关节速度: [-0.017405, 0.388794, -0.102589, -0.296619, 0.069122, 0.522000]
  关节加速度: [-0.000000, 0.000000, -0.000000, -0.000000, 0.000000, 0.000000]

轨迹点 37:
  时间: 3.700000 秒
  关节位置: [-1.172250, 0.166697, 2.216267, -1.844001, -1.719206, -0.645407]
  关节速度: [-0.017405, 0.388794, -0.102589, -0.296619, 0.069122, 0.522000]
  关节加速度: [-0.000000, 0.000000, -0.000000, -0.000000, 0.000000, 0.000000]

轨迹点 38:
  时间: 3.800000 秒
  关节位置: [-1.173991, 0.205576, 2.206008, -1.873663, -1.712294, -0.593207]
  关节速度: [-0.017405, 0.388794, -0.102589, -0.296619, 0.069122, 0.522000]
  关节加速度: [-0.000000, 0.000000, -0.000000, -0.000000, 0.000000, 0.000000]

轨迹点 39:
  时间: 3.900000 秒
  关节位置: [-1.175731, 0.244456, 2.195750, -1.903325, -1.705382, -0.541007]
  关节速度: [-0.017405, 0.388794, -0.102589, -0.296619, 0.069122, 0.522000]
  关节加速度: [-0.000000, 0.000000, -0.000000, -0.000000, 0.000000, 0.000000]

轨迹点 40:
  时间: 4.000000 秒
  关节位置: [-1.177472, 0.283335, 2.185491, -1.932986, -1.698470, -0.488807]
  关节速度: [-0.017405, 0.388794, -0.102589, -0.296619, 0.069122, 0.522000]
  关节加速度: [-0.000000, 0.000000, -0.000000, -0.000000, 0.000000, 0.000000]

轨迹点 41:
  时间: 4.100000 秒
  关节位置: [-1.179213, 0.322215, 2.175232, -1.962648, -1.691557, -0.436607]
  关节速度: [-0.017405, 0.388794, -0.102589, -0.296619, 0.069122, 0.522000]
  关节加速度: [0.000000, -0.000000, 0.000000, 0.000000, -0.000000, -0.000000]

轨迹点 42:
  时间: 4.200000 秒
  关节位置: [-1.180953, 0.361094, 2.164973, -1.992310, -1.684645, -0.384407]
  关节速度: [-0.017405, 0.388794, -0.102589, -0.296619, 0.069122, 0.522000]
  关节加速度: [0.000000, -0.000000, 0.000000, 0.000000, -0.000000, -0.000000]

轨迹点 43:
  时间: 4.300000 秒
  关节位置: [-1.182694, 0.399974, 2.154714, -2.021972, -1.677733, -0.332207]
  关节速度: [-0.017405, 0.388794, -0.102589, -0.296619, 0.069122, 0.522000]
  关节加速度: [0.000000, -0.000000, 0.000000, 0.000000, -0.000000, -0.000000]

轨迹点 44:
  时间: 4.400000 秒
  关节位置: [-1.184434, 0.438853, 2.144455, -2.051634, -1.670821, -0.280007]
  关节速度: [-0.017405, 0.388794, -0.102589, -0.296619, 0.069122, 0.522000]
  关节加速度: [0.000000, -0.000000, 0.000000, 0.000000, -0.000000, -0.000000]

轨迹点 45:
  时间: 4.500000 秒
  关节位置: [-1.186175, 0.477733, 2.134196, -2.081296, -1.663909, -0.227807]
  关节速度: [-0.017405, 0.388794, -0.102589, -0.296619, 0.069122, 0.522000]
  关节加速度: [0.000000, -0.000000, 0.000000, 0.000000, -0.000000, -0.000000]

轨迹点 46:
  时间: 4.600000 秒
  关节位置: [-1.187915, 0.516612, 2.123937, -2.110958, -1.656997, -0.175607]
  关节速度: [-0.017405, 0.388794, -0.102589, -0.296619, 0.069122, 0.522000]
  关节加速度: [0.000000, -0.000000, 0.000000, 0.000000, -0.000000, -0.000000]

轨迹点 47:
  时间: 4.700000 秒
  关节位置: [-1.189656, 0.555491, 2.113678, -2.140620, -1.650084, -0.123407]
  关节速度: [-0.017405, 0.388794, -0.102589, -0.296619, 0.069122, 0.522000]
  关节加速度: [0.000000, -0.000000, 0.000000, 0.000000, -0.000000, -0.000000]

轨迹点 48:
  时间: 4.800000 秒
  关节位置: [-1.191396, 0.594371, 2.103419, -2.170282, -1.643172, -0.071207]
  关节速度: [-0.017405, 0.388794, -0.102589, -0.296619, 0.069122, 0.522000]
  关节加速度: [0.000000, -0.000000, 0.000000, 0.000000, -0.000000, -0.000000]

轨迹点 49:
  时间: 4.900000 秒
  关节位置: [-1.193079, 0.631963, 2.093500, -2.198962, -1.636489, -0.020735]
  关节速度: [-0.015206, 0.339669, -0.089627, -0.259141, 0.060388, 0.456044]
  关节加速度: [0.041969, -0.937500, 0.247374, 0.715238, -0.166673, -1.258699]

轨迹点 50:
  时间: 5.000000 秒
  关节位置: [-1.194390, 0.661243, 2.085774, -2.221300, -1.631284, 0.018575]
  关节速度: [-0.011009, 0.245919, -0.064890, -0.187617, 0.043721, 0.330174]
  关节加速度: [0.041969, -0.937500, 0.247374, 0.715238, -0.166673, -1.258699]

轨迹点 51:
  时间: 5.100000 秒
  关节位置: [-1.195281, 0.681147, 2.080522, -2.236485, -1.627745, 0.045299]
  关节速度: [-0.006812, 0.152169, -0.040152, -0.116093, 0.027053, 0.204304]
  关节加速度: [0.041969, -0.937500, 0.247374, 0.715238, -0.166673, -1.258699]

轨迹点 52:
  时间: 5.200000 秒
  关节位置: [-1.195752, 0.691676, 2.077743, -2.244518, -1.625873, 0.059436]
  关节速度: [-0.002615, 0.058419, -0.015415, -0.044569, 0.010386, 0.078434]
  关节加速度: [0.041969, -0.937500, 0.247374, 0.715238, -0.166673, -1.258699]

轨迹点 53:
  时间: 5.262314 秒
  关节位置: [-1.195834, 0.693497, 2.077263, -2.245907, -1.625549, 0.061880]
  关节速度: [-0.000000, 0.000000, -0.000000, -0.000000, 0.000000, 0.000000]
  关节加速度: [0.041969, -0.937500, 0.247374, 0.715238, -0.166673, -1.258699]

