详细轨迹分析报告
====================
轨迹点数: 172
轨迹总时间: 5.125 秒
关节名称: 
  0: joint1
  1: joint2
  2: joint3
  3: joint4
  4: joint5
  5: joint6

详细轨迹点信息:
================
轨迹点 0:
  时间: 0.000000 秒
  关节位置: [-1.576619, -0.001073, 1.572700, -0.524700, -1.564479, -0.023017]
  关节速度: [0.000000, 0.000000, 0.000000, 0.000000, 0.000000, 0.000000]
  关节加速度: [0.000000, 0.000000, 0.000000, 0.000000, 0.000000, 0.000000]
  笛卡尔位置: [-0.139540, 0.701865, 0.139172]
  笛卡尔姿态: [-0.699326, 0.714702, -0.000134, -0.011993]

轨迹点 1:
  时间: 0.030000 秒
  关节位置: [-1.576506, -0.001104, 1.572850, -0.525162, -1.564529, -0.022780]
  关节速度: [0.009987, -0.002807, 0.013280, -0.041133, -0.004444, 0.021114]
  关节加速度: [0.512157, -0.143933, 0.681041, -2.109375, -0.227891, 1.082792]
  笛卡尔位置: [-0.139599, 0.701970, 0.139272]
  笛卡尔姿态: [-0.699433, 0.714601, -0.000070, -0.011814]

轨迹点 2:
  时间: 0.060000 秒
  关节位置: [-1.575979, -0.001253, 1.573550, -0.527333, -1.564764, -0.021666]
  关节速度: [0.024584, -0.006909, 0.032690, -0.101250, -0.010939, 0.051974]
  关节加速度: [0.409726, -0.115147, 0.544833, -1.687500, -0.182313, 0.866234]
  笛卡尔位置: [-0.139879, 0.702462, 0.139741]
  笛卡尔姿态: [-0.699933, 0.714124, 0.000232, -0.010972]

轨迹点 3:
  时间: 0.090000 秒
  关节位置: [-1.575084, -0.001504, 1.574741, -0.531022, -1.565162, -0.019772]
  关节速度: [0.034571, -0.009715, 0.045970, -0.142383, -0.015383, 0.073088]
  关节加速度: [0.307294, -0.086360, 0.408624, -1.265625, -0.136734, 0.649675]
  笛卡尔位置: [-0.140355, 0.703296, 0.140541]
  笛卡尔姿态: [-0.700779, 0.713314, 0.000744, -0.009541]

轨迹点 4:
  时间: 0.120000 秒
  关节位置: [-1.573887, -0.001841, 1.576333, -0.535950, -1.565695, -0.017242]
  关节速度: [0.045525, -0.012794, 0.060537, -0.187500, -0.020257, 0.096248]
  关节加速度: [0.379375, -0.106617, 0.504474, -1.562499, -0.168808, 0.802067]
  笛卡尔位置: [-0.140994, 0.704404, 0.141614]
  笛卡尔姿态: [-0.701904, 0.712229, 0.001428, -0.007627]

轨迹点 5:
  时间: 0.150000 秒
  关节位置: [-1.572351, -0.002272, 1.578376, -0.542278, -1.566378, -0.013994]
  关节速度: [0.056906, -0.015993, 0.075671, -0.234375, -0.025321, 0.120310]
  关节加速度: [0.379375, -0.106617, 0.504474, -1.562497, -0.168808, 0.802067]
  笛卡尔位置: [-0.141819, 0.705816, 0.142999]
  笛卡尔姿态: [-0.703339, 0.710832, 0.002305, -0.005168]

轨迹点 6:
  时间: 0.180000 秒
  关节位置: [-1.570473, -0.002800, 1.580873, -0.550013, -1.567214, -0.010024]
  关节速度: [0.068288, -0.019191, 0.090805, -0.281250, -0.030385, 0.144372]
  关节加速度: [0.379375, -0.106617, 0.504474, -1.562498, -0.168808, 0.802067]
  笛卡尔位置: [-0.142834, 0.707528, 0.144703]
  笛卡尔姿态: [-0.705076, 0.709120, 0.003375, -0.002160]

轨迹点 7:
  时间: 0.210000 秒
  关节位置: [-1.568253, -0.003424, 1.583825, -0.559155, -1.568202, -0.005331]
  关节速度: [0.079793, -0.022425, 0.106105, -0.328637, -0.035505, 0.168697]
  关节加速度: [0.401799, -0.112919, 0.534292, -1.654852, -0.178785, 0.849474]
  笛卡尔位置: [-0.144042, 0.709531, 0.146733]
  笛卡尔姿态: [0.707108, -0.707089, -0.004639, -0.001399]

轨迹点 8:
  时间: 0.240000 秒
  关节位置: [-1.565676, -0.004148, 1.587251, -0.569767, -1.569348, 0.000117]
  关节速度: [0.091895, -0.025826, 0.122197, -0.378479, -0.040890, 0.194282]
  关节加速度: [0.384228, -0.107981, 0.510927, -1.582487, -0.170967, 0.812328]
  笛卡尔位置: [-0.145456, 0.711826, 0.149111]
  笛卡尔姿态: [0.709437, -0.704721, -0.006102, -0.005536]

轨迹点 9:
  时间: 0.270000 秒
  关节位置: [-1.562763, -0.004967, 1.591125, -0.581767, -1.570645, 0.006276]
  关节速度: [0.101650, -0.028567, 0.135170, -0.418659, -0.045231, 0.214907]
  关节加速度: [0.247026, -0.069423, 0.328483, -1.017406, -0.109918, 0.522258]
  笛卡尔位置: [-0.147070, 0.714384, 0.151827]
  笛卡尔姿态: [0.712032, -0.702030, -0.007754, -0.010220]

轨迹点 10:
  时间: 0.300000 秒
  关节位置: [-1.559635, -0.005846, 1.595284, -0.594648, -1.572036, 0.012889]
  关节速度: [0.105618, -0.029682, 0.140446, -0.435000, -0.046996, 0.223296]
  关节加速度: [0.000000, -0.000000, 0.000000, -0.000000, -0.000000, 0.000000]
  笛卡尔位置: [-0.148820, 0.717085, 0.154775]
  笛卡尔姿态: [0.714771, -0.699128, -0.009522, -0.015255]

轨迹点 11:
  时间: 0.330000 秒
  关节位置: [-1.556467, -0.006736, 1.599497, -0.607698, -1.573446, 0.019588]
  关节速度: [0.105618, -0.029682, 0.140446, -0.435000, -0.046996, 0.223296]
  关节加速度: [-0.000000, 0.000000, -0.000000, 0.000000, 0.000000, -0.000000]
  笛卡尔位置: [-0.150611, 0.719773, 0.157794]
  笛卡尔姿态: [0.717497, -0.696172, -0.011310, -0.020364]

轨迹点 12:
  时间: 0.360000 秒
  关节位置: [-1.553298, -0.007627, 1.603711, -0.620748, -1.574856, 0.026286]
  关节速度: [0.105618, -0.029682, 0.140446, -0.435000, -0.046996, 0.223296]
  关节加速度: [-0.000000, 0.000000, -0.000000, 0.000000, 0.000000, -0.000000]
  笛卡尔位置: [-0.152420, 0.722413, 0.160848]
  笛卡尔姿态: [0.720175, -0.693201, -0.013093, -0.025480]

轨迹点 13:
  时间: 0.390000 秒
  关节位置: [-1.550130, -0.008517, 1.607924, -0.633798, -1.576266, 0.032985]
  关节速度: [0.105618, -0.029682, 0.140446, -0.435000, -0.046996, 0.223296]
  关节加速度: [0.000000, -0.000000, 0.000000, -0.000000, -0.000000, 0.000000]
  笛卡尔位置: [-0.154247, 0.725005, 0.163933]
  笛卡尔姿态: [0.722803, -0.690216, -0.014871, -0.030602]

轨迹点 14:
  时间: 0.420000 秒
  关节位置: [-1.546961, -0.009408, 1.612137, -0.646848, -1.577676, 0.039684]
  关节速度: [0.105618, -0.029682, 0.140446, -0.435000, -0.046996, 0.223296]
  关节加速度: [-0.000000, 0.000000, -0.000000, 0.000000, 0.000000, -0.000000]
  笛卡尔位置: [-0.156090, 0.727546, 0.167052]
  笛卡尔姿态: [0.725382, -0.687217, -0.016644, -0.035731]

轨迹点 15:
  时间: 0.450000 秒
  关节位置: [-1.543793, -0.010298, 1.616351, -0.659898, -1.579086, 0.046383]
  关节速度: [0.105618, -0.029682, 0.140446, -0.435000, -0.046996, 0.223296]
  关节加速度: [0.000000, -0.000000, 0.000000, -0.000000, -0.000000, 0.000000]
  笛卡尔位置: [-0.157949, 0.730039, 0.170202]
  笛卡尔姿态: [0.727911, -0.684205, -0.018414, -0.040867]

轨迹点 16:
  时间: 0.480000 秒
  关节位置: [-1.540624, -0.011189, 1.620564, -0.672948, -1.580496, 0.053082]
  关节速度: [0.105618, -0.029682, 0.140446, -0.435000, -0.046996, 0.223296]
  关节加速度: [0.000000, -0.000000, 0.000000, -0.000000, -0.000000, 0.000000]
  笛卡尔位置: [-0.159825, 0.732481, 0.173384]
  笛卡尔姿态: [0.730391, -0.681179, -0.020178, -0.046008]

轨迹点 17:
  时间: 0.510000 秒
  关节位置: [-1.537455, -0.012079, 1.624778, -0.685998, -1.581905, 0.059781]
  关节速度: [0.105618, -0.029682, 0.140446, -0.435000, -0.046996, 0.223296]
  关节加速度: [-0.000000, 0.000000, -0.000000, 0.000000, 0.000000, -0.000000]
  笛卡尔位置: [-0.161715, 0.734872, 0.176597]
  笛卡尔姿态: [0.732821, -0.678141, -0.021938, -0.051155]

轨迹点 18:
  时间: 0.540000 秒
  关节位置: [-1.534287, -0.012970, 1.628991, -0.699048, -1.583315, 0.066480]
  关节速度: [0.105618, -0.029682, 0.140446, -0.435000, -0.046996, 0.223296]
  关节加速度: [0.000000, -0.000000, 0.000000, -0.000000, -0.000000, 0.000000]
  笛卡尔位置: [-0.163621, 0.737213, 0.179840]
  笛卡尔姿态: [0.735201, -0.675090, -0.023694, -0.056307]

轨迹点 19:
  时间: 0.570000 秒
  关节位置: [-1.531118, -0.013860, 1.633204, -0.712098, -1.584725, 0.073178]
  关节速度: [0.105618, -0.029682, 0.140446, -0.435000, -0.046996, 0.223296]
  关节加速度: [0.000000, -0.000000, 0.000000, -0.000000, -0.000000, 0.000000]
  笛卡尔位置: [-0.165542, 0.739503, 0.183114]
  笛卡尔姿态: [0.737532, -0.672028, -0.025445, -0.061464]

轨迹点 20:
  时间: 0.600000 秒
  关节位置: [-1.527950, -0.014750, 1.637418, -0.725148, -1.586135, 0.079877]
  关节速度: [0.105618, -0.029682, 0.140446, -0.435000, -0.046996, 0.223296]
  关节加速度: [-0.000000, 0.000000, -0.000000, 0.000000, 0.000000, -0.000000]
  笛卡尔位置: [-0.167476, 0.741742, 0.186418]
  笛卡尔姿态: [0.739812, -0.668954, -0.027192, -0.066626]

轨迹点 21:
  时间: 0.630000 秒
  关节位置: [-1.524781, -0.015641, 1.641631, -0.738198, -1.587545, 0.086576]
  关节速度: [0.105618, -0.029682, 0.140446, -0.435000, -0.046996, 0.223296]
  关节加速度: [0.000000, -0.000000, 0.000000, -0.000000, -0.000000, 0.000000]
  笛卡尔位置: [-0.169424, 0.743928, 0.189751]
  笛卡尔姿态: [0.742043, -0.665869, -0.028933, -0.071792]

轨迹点 22:
  时间: 0.660000 秒
  关节位置: [-1.521613, -0.016531, 1.645844, -0.751248, -1.588955, 0.093275]
  关节速度: [0.105618, -0.029682, 0.140446, -0.435000, -0.046996, 0.223296]
  关节加速度: [0.000000, -0.000000, 0.000000, -0.000000, -0.000000, 0.000000]
  笛卡尔位置: [-0.171385, 0.746063, 0.193113]
  笛卡尔姿态: [0.744223, -0.662773, -0.030671, -0.076963]

轨迹点 23:
  时间: 0.690000 秒
  关节位置: [-1.518444, -0.017422, 1.650058, -0.764298, -1.590365, 0.099974]
  关节速度: [0.105618, -0.029682, 0.140446, -0.435000, -0.046996, 0.223296]
  关节加速度: [-0.000000, 0.000000, -0.000000, 0.000000, 0.000000, -0.000000]
  笛卡尔位置: [-0.173359, 0.748145, 0.196504]
  笛卡尔姿态: [0.746353, -0.659667, -0.032404, -0.082138]

轨迹点 24:
  时间: 0.720000 秒
  关节位置: [-1.515276, -0.018312, 1.654271, -0.777348, -1.591775, 0.106673]
  关节速度: [0.105618, -0.029682, 0.140446, -0.435000, -0.046996, 0.223296]
  关节加速度: [-0.000000, 0.000000, -0.000000, 0.000000, 0.000000, -0.000000]
  笛卡尔位置: [-0.175345, 0.750174, 0.199923]
  笛卡尔姿态: [0.748433, -0.656551, -0.034132, -0.087316]

轨迹点 25:
  时间: 0.750000 秒
  关节位置: [-1.512107, -0.019203, 1.658485, -0.790398, -1.593185, 0.113372]
  关节速度: [0.105618, -0.029682, 0.140446, -0.435000, -0.046996, 0.223296]
  关节加速度: [0.000000, -0.000000, 0.000000, -0.000000, -0.000000, 0.000000]
  笛卡尔位置: [-0.177342, 0.752151, 0.203369]
  笛卡尔姿态: [0.750462, -0.653426, -0.035855, -0.092497]

轨迹点 26:
  时间: 0.780000 秒
  关节位置: [-1.508939, -0.020093, 1.662698, -0.803448, -1.594594, 0.120071]
  关节速度: [0.105618, -0.029682, 0.140446, -0.435000, -0.046996, 0.223296]
  关节加速度: [-0.000000, 0.000000, -0.000000, 0.000000, 0.000000, -0.000000]
  笛卡尔位置: [-0.179351, 0.754074, 0.206843]
  笛卡尔姿态: [0.752441, -0.650292, -0.037574, -0.097681]

轨迹点 27:
  时间: 0.810000 秒
  关节位置: [-1.505770, -0.020984, 1.666911, -0.816498, -1.596004, 0.126769]
  关节速度: [0.105618, -0.029682, 0.140446, -0.435000, -0.046996, 0.223296]
  关节加速度: [-0.000000, 0.000000, -0.000000, 0.000000, 0.000000, -0.000000]
  笛卡尔位置: [-0.181370, 0.755943, 0.210343]
  笛卡尔姿态: [0.754369, -0.647149, -0.039289, -0.102869]

轨迹点 28:
  时间: 0.840000 秒
  关节位置: [-1.502601, -0.021874, 1.671125, -0.829548, -1.597414, 0.133468]
  关节速度: [0.105618, -0.029682, 0.140446, -0.435000, -0.046996, 0.223296]
  关节加速度: [0.000000, -0.000000, 0.000000, -0.000000, -0.000000, 0.000000]
  笛卡尔位置: [-0.183399, 0.757759, 0.213869]
  笛卡尔姿态: [0.756247, -0.643998, -0.040999, -0.108058]

轨迹点 29:
  时间: 0.870000 秒
  关节位置: [-1.499433, -0.022765, 1.675338, -0.842598, -1.598824, 0.140167]
  关节速度: [0.105618, -0.029682, 0.140446, -0.435000, -0.046996, 0.223296]
  关节加速度: [0.000000, -0.000000, 0.000000, -0.000000, -0.000000, 0.000000]
  笛卡尔位置: [-0.185438, 0.759520, 0.217422]
  笛卡尔姿态: [0.758074, -0.640839, -0.042704, -0.113250]

轨迹点 30:
  时间: 0.900000 秒
  关节位置: [-1.496264, -0.023655, 1.679551, -0.855648, -1.600234, 0.146866]
  关节速度: [0.105618, -0.029682, 0.140446, -0.435000, -0.046996, 0.223296]
  关节加速度: [-0.000000, 0.000000, -0.000000, 0.000000, 0.000000, -0.000000]
  笛卡尔位置: [-0.187486, 0.761227, 0.220999]
  笛卡尔姿态: [0.759850, -0.637673, -0.044404, -0.118443]

轨迹点 31:
  时间: 0.930000 秒
  关节位置: [-1.493096, -0.024546, 1.683765, -0.868698, -1.601644, 0.153565]
  关节速度: [0.105618, -0.029682, 0.140446, -0.435000, -0.046996, 0.223296]
  关节加速度: [0.000000, -0.000000, 0.000000, -0.000000, -0.000000, 0.000000]
  笛卡尔位置: [-0.189543, 0.762880, 0.224602]
  笛卡尔姿态: [0.761576, -0.634500, -0.046100, -0.123638]

轨迹点 32:
  时间: 0.960000 秒
  关节位置: [-1.489927, -0.025436, 1.687978, -0.881748, -1.603054, 0.160264]
  关节速度: [0.105618, -0.029682, 0.140446, -0.435000, -0.046996, 0.223296]
  关节加速度: [0.000000, -0.000000, 0.000000, -0.000000, -0.000000, 0.000000]
  笛卡尔位置: [-0.191608, 0.764477, 0.228229]
  笛卡尔姿态: [0.763251, -0.631321, -0.047791, -0.128834]

轨迹点 33:
  时间: 0.990000 秒
  关节位置: [-1.486759, -0.026327, 1.692192, -0.894798, -1.604464, 0.166963]
  关节速度: [0.105618, -0.029682, 0.140446, -0.435000, -0.046996, 0.223296]
  关节加速度: [-0.000000, 0.000000, -0.000000, 0.000000, 0.000000, -0.000000]
  笛卡尔位置: [-0.193680, 0.766019, 0.231880]
  笛卡尔姿态: [0.764875, -0.628135, -0.049478, -0.134031]

轨迹点 34:
  时间: 1.020000 秒
  关节位置: [-1.483590, -0.027217, 1.696405, -0.907848, -1.605873, 0.173662]
  关节速度: [0.105618, -0.029682, 0.140446, -0.435000, -0.046996, 0.223296]
  关节加速度: [0.000000, -0.000000, 0.000000, -0.000000, -0.000000, 0.000000]
  笛卡尔位置: [-0.195760, 0.767506, 0.235554]
  笛卡尔姿态: [0.766448, -0.624944, -0.051160, -0.139229]

轨迹点 35:
  时间: 1.050000 秒
  关节位置: [-1.480422, -0.028107, 1.700618, -0.920898, -1.607283, 0.180360]
  关节速度: [0.105618, -0.029682, 0.140446, -0.435000, -0.046996, 0.223296]
  关节加速度: [-0.000000, 0.000000, -0.000000, 0.000000, 0.000000, -0.000000]
  笛卡尔位置: [-0.197846, 0.768937, 0.239252]
  笛卡尔姿态: [0.767971, -0.621747, -0.052837, -0.144427]

轨迹点 36:
  时间: 1.080000 秒
  关节位置: [-1.477253, -0.028998, 1.704832, -0.933948, -1.608693, 0.187059]
  关节速度: [0.105618, -0.029682, 0.140446, -0.435000, -0.046996, 0.223296]
  关节加速度: [-0.000000, 0.000000, -0.000000, 0.000000, 0.000000, -0.000000]
  笛卡尔位置: [-0.199938, 0.770313, 0.242972]
  笛卡尔姿态: [0.769443, -0.618546, -0.054510, -0.149625]

轨迹点 37:
  时间: 1.110000 秒
  关节位置: [-1.474085, -0.029888, 1.709045, -0.946998, -1.610103, 0.193758]
  关节速度: [0.105618, -0.029682, 0.140446, -0.435000, -0.046996, 0.223296]
  关节加速度: [0.000000, -0.000000, 0.000000, -0.000000, -0.000000, 0.000000]
  笛卡尔位置: [-0.202036, 0.771632, 0.246714]
  笛卡尔姿态: [0.770863, -0.615340, -0.056177, -0.154823]

轨迹点 38:
  时间: 1.140000 秒
  关节位置: [-1.470916, -0.030779, 1.713258, -0.960048, -1.611513, 0.200457]
  关节速度: [0.105618, -0.029682, 0.140446, -0.435000, -0.046996, 0.223296]
  关节加速度: [-0.000000, 0.000000, -0.000000, 0.000000, 0.000000, -0.000000]
  笛卡尔位置: [-0.204139, 0.772896, 0.250478]
  笛卡尔姿态: [0.772233, -0.612130, -0.057840, -0.160021]

轨迹点 39:
  时间: 1.170000 秒
  关节位置: [-1.467747, -0.031669, 1.717472, -0.973098, -1.612923, 0.207156]
  关节速度: [0.105618, -0.029682, 0.140446, -0.435000, -0.046996, 0.223296]
  关节加速度: [-0.000000, 0.000000, -0.000000, 0.000000, 0.000000, -0.000000]
  笛卡尔位置: [-0.206246, 0.774102, 0.254263]
  笛卡尔姿态: [0.773552, -0.608917, -0.059499, -0.165217]

轨迹点 40:
  时间: 1.200000 秒
  关节位置: [-1.464579, -0.032560, 1.721685, -0.986148, -1.614333, 0.213855]
  关节速度: [0.105618, -0.029682, 0.140446, -0.435000, -0.046996, 0.223296]
  关节加速度: [0.000000, -0.000000, 0.000000, -0.000000, -0.000000, 0.000000]
  笛卡尔位置: [-0.208357, 0.775253, 0.258068]
  笛卡尔姿态: [0.774821, -0.605700, -0.061152, -0.170413]

轨迹点 41:
  时间: 1.230000 秒
  关节位置: [-1.461410, -0.033450, 1.725899, -0.999198, -1.615743, 0.220554]
  关节速度: [0.105618, -0.029682, 0.140446, -0.435000, -0.046996, 0.223296]
  关节加速度: [-0.000000, 0.000000, -0.000000, 0.000000, 0.000000, -0.000000]
  笛卡尔位置: [-0.210472, 0.776346, 0.261894]
  笛卡尔姿态: [0.776038, -0.602481, -0.062801, -0.175607]

轨迹点 42:
  时间: 1.260000 秒
  关节位置: [-1.458242, -0.034341, 1.730112, -1.012248, -1.617153, 0.227253]
  关节速度: [0.105618, -0.029682, 0.140446, -0.435000, -0.046996, 0.223296]
  关节加速度: [-0.000000, 0.000000, -0.000000, 0.000000, 0.000000, -0.000000]
  笛卡尔位置: [-0.212589, 0.777383, 0.265740]
  笛卡尔姿态: [0.777204, -0.599260, -0.064445, -0.180799]

轨迹点 43:
  时间: 1.290000 秒
  关节位置: [-1.455073, -0.035231, 1.734325, -1.025298, -1.618562, 0.233951]
  关节速度: [0.105618, -0.029682, 0.140446, -0.435000, -0.046996, 0.223296]
  关节加速度: [0.000000, -0.000000, 0.000000, -0.000000, -0.000000, 0.000000]
  笛卡尔位置: [-0.214709, 0.778363, 0.269605]
  笛卡尔姿态: [0.778320, -0.596036, -0.066085, -0.185989]

轨迹点 44:
  时间: 1.320000 秒
  关节位置: [-1.451905, -0.036122, 1.738539, -1.038348, -1.619972, 0.240650]
  关节速度: [0.105618, -0.029682, 0.140446, -0.435000, -0.046996, 0.223296]
  关节加速度: [0.000000, -0.000000, 0.000000, -0.000000, -0.000000, 0.000000]
  笛卡尔位置: [-0.216831, 0.779285, 0.273488]
  笛卡尔姿态: [0.779385, -0.592811, -0.067719, -0.191178]

轨迹点 45:
  时间: 1.350000 秒
  关节位置: [-1.448736, -0.037012, 1.742752, -1.051398, -1.621382, 0.247349]
  关节速度: [0.105618, -0.029682, 0.140446, -0.435000, -0.046996, 0.223296]
  关节加速度: [-0.000000, 0.000000, -0.000000, 0.000000, 0.000000, -0.000000]
  笛卡尔位置: [-0.218954, 0.780150, 0.277390]
  笛卡尔姿态: [0.780399, -0.589585, -0.069349, -0.196363]

轨迹点 46:
  时间: 1.380000 秒
  关节位置: [-1.445568, -0.037903, 1.746965, -1.064448, -1.622792, 0.254048]
  关节速度: [0.105618, -0.029682, 0.140446, -0.435000, -0.046996, 0.223296]
  关节加速度: [0.000000, -0.000000, 0.000000, -0.000000, -0.000000, 0.000000]
  笛卡尔位置: [-0.221078, 0.780958, 0.281310]
  笛卡尔姿态: [0.781362, -0.586358, -0.070974, -0.201546]

轨迹点 47:
  时间: 1.410000 秒
  关节位置: [-1.442399, -0.038793, 1.751179, -1.077498, -1.624202, 0.260747]
  关节速度: [0.105618, -0.029682, 0.140446, -0.435000, -0.046996, 0.223296]
  关节加速度: [0.000000, -0.000000, 0.000000, -0.000000, -0.000000, 0.000000]
  笛卡尔位置: [-0.223202, 0.781708, 0.285247]
  笛卡尔姿态: [0.782274, -0.583131, -0.072594, -0.206725]

轨迹点 48:
  时间: 1.440000 秒
  关节位置: [-1.439231, -0.039684, 1.755392, -1.090548, -1.625612, 0.267446]
  关节速度: [0.105618, -0.029682, 0.140446, -0.435000, -0.046996, 0.223296]
  关节加速度: [-0.000000, 0.000000, -0.000000, 0.000000, 0.000000, -0.000000]
  笛卡尔位置: [-0.225326, 0.782400, 0.289201]
  笛卡尔姿态: [0.783136, -0.579904, -0.074209, -0.211901]

轨迹点 49:
  时间: 1.470000 秒
  关节位置: [-1.436062, -0.040574, 1.759605, -1.103598, -1.627022, 0.274145]
  关节速度: [0.105618, -0.029682, 0.140446, -0.435000, -0.046996, 0.223296]
  关节加速度: [-0.000000, 0.000000, -0.000000, 0.000000, 0.000000, -0.000000]
  笛卡尔位置: [-0.227449, 0.783035, 0.293171]
  笛卡尔姿态: [0.783948, -0.576677, -0.075819, -0.217073]

轨迹点 50:
  时间: 1.500000 秒
  关节位置: [-1.432893, -0.041464, 1.763819, -1.116648, -1.628432, 0.280844]
  关节速度: [0.105618, -0.029682, 0.140446, -0.435000, -0.046996, 0.223296]
  关节加速度: [0.000000, -0.000000, 0.000000, -0.000000, -0.000000, 0.000000]
  笛卡尔位置: [-0.229570, 0.783612, 0.297157]
  笛卡尔姿态: [0.784708, -0.573452, -0.077424, -0.222242]

轨迹点 51:
  时间: 1.530000 秒
  关节位置: [-1.429725, -0.042355, 1.768032, -1.129698, -1.629841, 0.287542]
  关节速度: [0.105618, -0.029682, 0.140446, -0.435000, -0.046996, 0.223296]
  关节加速度: [-0.000000, 0.000000, -0.000000, 0.000000, 0.000000, -0.000000]
  笛卡尔位置: [-0.231690, 0.784130, 0.301159]
  笛卡尔姿态: [0.785418, -0.570228, -0.079025, -0.227406]

轨迹点 52:
  时间: 1.560000 秒
  关节位置: [-1.426556, -0.043245, 1.772246, -1.142748, -1.631251, 0.294241]
  关节速度: [0.105618, -0.029682, 0.140446, -0.435000, -0.046996, 0.223296]
  关节加速度: [-0.000000, 0.000000, -0.000000, 0.000000, 0.000000, -0.000000]
  笛卡尔位置: [-0.233807, 0.784591, 0.305175]
  笛卡尔姿态: [0.786078, -0.567005, -0.080620, -0.232565]

轨迹点 53:
  时间: 1.590000 秒
  关节位置: [-1.423388, -0.044136, 1.776459, -1.155798, -1.632661, 0.300940]
  关节速度: [0.105618, -0.029682, 0.140446, -0.435000, -0.046996, 0.223296]
  关节加速度: [0.000000, -0.000000, 0.000000, -0.000000, -0.000000, 0.000000]
  笛卡尔位置: [-0.235922, 0.784994, 0.309206]
  笛卡尔姿态: [0.786687, -0.563785, -0.082211, -0.237719]

轨迹点 54:
  时间: 1.620000 秒
  关节位置: [-1.420219, -0.045026, 1.780672, -1.168848, -1.634071, 0.307639]
  关节速度: [0.105618, -0.029682, 0.140446, -0.435000, -0.046996, 0.223296]
  关节加速度: [0.000000, -0.000000, 0.000000, -0.000000, -0.000000, 0.000000]
  笛卡尔位置: [-0.238032, 0.785338, 0.313251]
  笛卡尔姿态: [0.787246, -0.560568, -0.083797, -0.242869]

轨迹点 55:
  时间: 1.650000 秒
  关节位置: [-1.417051, -0.045917, 1.784886, -1.181898, -1.635481, 0.314338]
  关节速度: [0.105618, -0.029682, 0.140446, -0.435000, -0.046996, 0.223296]
  关节加速度: [-0.000000, 0.000000, -0.000000, 0.000000, 0.000000, -0.000000]
  笛卡尔位置: [-0.240139, 0.785625, 0.317309]
  笛卡尔姿态: [0.787755, -0.557353, -0.085378, -0.248012]

轨迹点 56:
  时间: 1.680000 秒
  关节位置: [-1.413882, -0.046807, 1.789099, -1.194948, -1.636891, 0.321037]
  关节速度: [0.105618, -0.029682, 0.140446, -0.435000, -0.046996, 0.223296]
  关节加速度: [0.000000, -0.000000, 0.000000, -0.000000, -0.000000, 0.000000]
  笛卡尔位置: [-0.242241, 0.785853, 0.321380]
  笛卡尔姿态: [0.788214, -0.554142, -0.086953, -0.253150]

轨迹点 57:
  时间: 1.710000 秒
  关节位置: [-1.410714, -0.047698, 1.793312, -1.207998, -1.638301, 0.327736]
  关节速度: [0.105618, -0.029682, 0.140446, -0.435000, -0.046996, 0.223296]
  关节加速度: [0.000000, -0.000000, 0.000000, -0.000000, -0.000000, 0.000000]
  笛卡尔位置: [-0.244338, 0.786022, 0.325463]
  笛卡尔姿态: [0.788622, -0.550935, -0.088524, -0.258282]

轨迹点 58:
  时间: 1.740000 秒
  关节位置: [-1.407545, -0.048588, 1.797526, -1.221048, -1.639711, 0.334435]
  关节速度: [0.105618, -0.029682, 0.140446, -0.435000, -0.046996, 0.223296]
  关节加速度: [-0.000000, 0.000000, -0.000000, 0.000000, 0.000000, -0.000000]
  笛卡尔位置: [-0.246429, 0.786134, 0.329559]
  笛卡尔姿态: [0.788981, -0.547731, -0.090090, -0.263408]

轨迹点 59:
  时间: 1.770000 秒
  关节位置: [-1.404377, -0.049479, 1.801739, -1.234098, -1.641121, 0.341133]
  关节速度: [0.105618, -0.029682, 0.140446, -0.435000, -0.046996, 0.223296]
  关节加速度: [-0.000000, 0.000000, -0.000000, 0.000000, 0.000000, -0.000000]
  笛卡尔位置: [-0.248514, 0.786187, 0.333666]
  笛卡尔姿态: [0.789289, -0.544533, -0.091650, -0.268527]

轨迹点 60:
  时间: 1.800000 秒
  关节位置: [-1.401208, -0.050369, 1.805953, -1.247148, -1.642530, 0.347832]
  关节速度: [0.105618, -0.029682, 0.140446, -0.435000, -0.046996, 0.223296]
  关节加速度: [0.000000, -0.000000, 0.000000, -0.000000, -0.000000, 0.000000]
  笛卡尔位置: [-0.250593, 0.786182, 0.337784]
  笛卡尔姿态: [0.789548, -0.541339, -0.093206, -0.273639]

轨迹点 61:
  时间: 1.830000 秒
  关节位置: [-1.398025, -0.051264, 1.810185, -1.260258, -1.643947, 0.354562]
  关节速度: [0.106669, -0.029978, 0.141843, -0.439328, -0.047464, 0.225518]
  关节加速度: [0.019874, -0.005585, 0.026427, -0.081852, -0.008843, 0.042017]
  笛卡尔位置: [-0.252673, 0.786118, 0.341931]
  笛卡尔姿态: [0.789758, -0.538137, -0.094764, -0.278768]

轨迹点 62:
  时间: 1.860000 秒
  关节位置: [-1.394839, -0.052159, 1.814422, -1.273379, -1.645364, 0.361297]
  关节速度: [0.104787, -0.029449, 0.139340, -0.431576, -0.046626, 0.221538]
  关节加速度: [-0.162618, 0.045701, -0.216241, 0.669760, 0.072359, -0.343804]
  笛卡尔位置: [-0.254748, 0.785995, 0.346092]
  笛卡尔姿态: [0.789918, -0.534937, -0.096318, -0.283893]

轨迹点 63:
  时间: 1.890000 秒
  关节位置: [-1.391800, -0.053013, 1.818463, -1.285895, -1.646717, 0.367722]
  关节速度: [0.096863, -0.027222, 0.128804, -0.398942, -0.043101, 0.204786]
  关节加速度: [-0.349977, 0.098355, -0.465381, 1.441417, 0.155727, -0.739913]
  笛卡尔位置: [-0.256718, 0.785823, 0.350071]
  笛卡尔姿态: [0.790024, -0.531891, -0.097795, -0.288775]

轨迹点 64:
  时间: 1.920000 秒
  关节位置: [-1.389062, -0.053783, 1.822104, -1.297175, -1.647935, 0.373512]
  关节速度: [0.085608, -0.024059, 0.113837, -0.352587, -0.038092, 0.180991]
  关节加速度: [-0.379375, 0.106617, -0.504475, 1.562500, 0.168808, -0.802068]
  笛卡尔位置: [-0.258488, 0.785622, 0.353663]
  笛卡尔姿态: [0.790081, -0.529151, -0.099122, -0.293167]

轨迹点 65:
  时间: 1.950000 秒
  关节位置: [-1.386664, -0.054456, 1.825292, -1.307049, -1.649002, 0.378581]
  关节速度: [0.074227, -0.020860, 0.098703, -0.305712, -0.033028, 0.156929]
  关节加速度: [-0.379375, 0.106617, -0.504475, 1.562500, 0.168808, -0.802068]
  笛卡尔位置: [-0.260031, 0.785410, 0.356813]
  笛卡尔姿态: [0.790100, -0.526756, -0.100281, -0.297008]

轨迹点 66:
  时间: 1.980000 秒
  关节位置: [-1.384608, -0.055034, 1.828027, -1.315517, -1.649917, 0.382928]
  关节速度: [0.062846, -0.017662, 0.083569, -0.258837, -0.027964, 0.132867]
  关节加速度: [-0.379375, 0.106617, -0.504475, 1.562500, 0.168808, -0.802068]
  笛卡尔位置: [-0.261349, 0.785202, 0.359518]
  笛卡尔姿态: [0.790094, -0.524706, -0.101273, -0.300298]

轨迹点 67:
  时间: 2.010000 秒
  关节位置: [-1.382891, -0.055511, 1.830318, -1.322600, -1.650681, 0.386559]
  关节速度: [0.052128, -0.012910, 0.071653, -0.217836, -0.023227, 0.110538]
  关节加速度: [-0.265691, 0.409437, 0.096176, 0.490068, 0.112113, -0.498278]
  笛卡尔位置: [-0.262448, 0.785010, 0.361774]
  笛卡尔姿态: [0.790074, -0.522996, -0.102098, -0.303042]

轨迹点 68:
  时间: 2.040000 秒
  关节位置: [-1.381447, -0.055606, 1.832656, -1.329109, -1.651329, 0.389671]
  关节速度: [0.043447, 0.009625, 0.087091, -0.218352, -0.019731, 0.095993]
  关节加速度: [-0.389344, 1.011625, 0.693619, -0.024790, 0.156780, -0.652173]
  笛卡尔位置: [-0.263378, 0.784889, 0.363374]
  笛卡尔姿态: [0.790080, -0.521547, -0.102719, -0.305307]

轨迹点 69:
  时间: 2.070000 秒
  关节位置: [-1.380355, -0.054830, 1.835560, -1.335558, -1.651835, 0.392184]
  关节速度: [0.028495, 0.042404, 0.105578, -0.208348, -0.013599, 0.069797]
  关节加速度: [-0.540234, 1.075498, 0.521798, 0.557917, 0.223528, -0.967112]
  笛卡尔位置: [-0.264105, 0.784936, 0.363758]
  笛卡尔姿态: [0.790170, -0.520416, -0.102990, -0.306906]

轨迹点 70:
  时间: 2.100000 秒
  关节位置: [-1.379688, -0.053135, 1.838977, -1.341707, -1.652166, 0.393953]
  关节速度: [0.019373, 0.067757, 0.124045, -0.211908, -0.009956, 0.054830]
  关节加速度: [0.142847, 0.499605, 0.914647, -1.562500, -0.073411, 0.404289]
  笛卡尔位置: [-0.264584, 0.785167, 0.362802]
  笛卡尔姿态: [0.790356, -0.519673, -0.102871, -0.307724]

轨迹点 71:
  时间: 2.130000 秒
  关节位置: [-1.379042, -0.050877, 1.843110, -1.348767, -1.652498, 0.395779]
  关节速度: [0.023658, 0.082745, 0.151485, -0.258783, -0.012158, 0.066959]
  关节加速度: [0.142847, 0.499604, 0.914646, -1.562497, -0.073411, 0.404288]
  笛卡尔位置: [-0.265063, 0.785484, 0.361274]
  笛卡尔姿态: [0.790603, -0.518929, -0.102612, -0.308432]

轨迹点 72:
  时间: 2.160000 秒
  关节位置: [-1.378268, -0.048170, 1.848066, -1.357234, -1.652896, 0.397970]
  关节速度: [0.027944, 0.097733, 0.178924, -0.305658, -0.014361, 0.079087]
  关节加速度: [0.142846, 0.499602, 0.914642, -1.562490, -0.073411, 0.404287]
  笛卡尔位置: [-0.265635, 0.785847, 0.359444]
  笛卡尔姿态: [0.790897, -0.518036, -0.102301, -0.309282]

轨迹点 73:
  时间: 2.190000 秒
  关节位置: [-1.377365, -0.045013, 1.853845, -1.367107, -1.653360, 0.400525]
  关节速度: [0.032229, 0.112721, 0.206363, -0.352532, -0.016563, 0.091216]
  关节加速度: [0.142847, 0.499603, 0.914644, -1.562494, -0.073411, 0.404288]
  笛卡尔位置: [-0.266299, 0.786249, 0.357311]
  笛卡尔姿态: [0.791237, -0.516995, -0.101938, -0.310272]

轨迹点 74:
  时间: 2.220000 秒
  关节位置: [-1.376334, -0.041405, 1.860451, -1.378392, -1.653890, 0.403445]
  关节速度: [0.036550, 0.127833, 0.234030, -0.399795, -0.018784, 0.103445]
  关节加速度: [0.136508, 0.477435, 0.874061, -1.493166, -0.070154, 0.386349]
  笛卡尔位置: [-0.267053, 0.786678, 0.354875]
  笛卡尔姿态: [0.791623, -0.515804, -0.101523, -0.311403]

轨迹点 75:
  时间: 2.250000 秒
  关节位置: [-1.375186, -0.037391, 1.867800, -1.390945, -1.654480, 0.406693]
  关节速度: [0.039545, 0.138307, 0.253204, -0.432551, -0.020323, 0.111920]
  关节加速度: [0.055952, 0.195691, 0.358259, -0.612017, -0.028755, 0.158356]
  笛卡尔位置: [-0.267886, 0.787118, 0.352170]
  笛卡尔姿态: [0.792049, -0.514479, -0.101061, -0.312661]

轨迹点 76:
  时间: 2.280000 秒
  关节位置: [-1.373987, -0.033198, 1.875475, -1.404058, -1.655096, 0.410085]
  关节速度: [0.040019, 0.139964, 0.256239, -0.437735, -0.020566, 0.113262]
  关节加速度: [-0.013465, -0.047094, -0.086216, 0.147284, 0.006920, -0.038109]
  笛卡尔位置: [-0.268749, 0.787536, 0.349347]
  笛卡尔姿态: [0.792488, -0.513095, -0.100578, -0.313975]

轨迹点 77:
  时间: 2.310000 秒
  关节位置: [-1.372792, -0.029018, 1.883128, -1.417131, -1.655710, 0.413468]
  关节速度: [0.039769, 0.139090, 0.254638, -0.435000, -0.020438, 0.112554]
  关节加速度: [-0.000000, -0.000000, -0.000000, 0.000000, 0.000000, -0.000000]
  笛卡尔位置: [-0.269603, 0.787911, 0.346538]
  笛卡尔姿态: [0.792922, -0.511715, -0.100096, -0.315284]

轨迹点 78:
  时间: 2.340000 秒
  关节位置: [-1.371599, -0.024845, 1.890767, -1.430181, -1.656323, 0.416845]
  关节速度: [0.039769, 0.139090, 0.254638, -0.435000, -0.020438, 0.112554]
  关节加速度: [0.000000, 0.000000, 0.000000, -0.000000, -0.000000, 0.000000]
  笛卡尔位置: [-0.270448, 0.788242, 0.343739]
  笛卡尔姿态: [0.793350, -0.510336, -0.099614, -0.316590]

轨迹点 79:
  时间: 2.370000 秒
  关节位置: [-1.370406, -0.020673, 1.898406, -1.443231, -1.656936, 0.420221]
  关节速度: [0.039769, 0.139090, 0.254638, -0.435000, -0.020438, 0.112554]
  关节加速度: [0.000000, 0.000000, 0.000000, -0.000000, -0.000000, 0.000000]
  笛卡尔位置: [-0.271285, 0.788532, 0.340946]
  笛卡尔姿态: [0.793774, -0.508957, -0.099132, -0.317896]

轨迹点 80:
  时间: 2.400000 秒
  关节位置: [-1.369213, -0.016500, 1.906045, -1.456281, -1.657549, 0.423598]
  关节速度: [0.039769, 0.139090, 0.254638, -0.435000, -0.020438, 0.112554]
  关节加速度: [-0.000000, -0.000000, -0.000000, 0.000000, 0.000000, -0.000000]
  笛卡尔位置: [-0.272115, 0.788781, 0.338159]
  笛卡尔姿态: [0.794193, -0.507578, -0.098650, -0.319202]

轨迹点 81:
  时间: 2.430000 秒
  关节位置: [-1.368020, -0.012327, 1.913684, -1.469331, -1.658162, 0.426974]
  关节速度: [0.039769, 0.139090, 0.254638, -0.435000, -0.020438, 0.112554]
  关节加速度: [0.000000, 0.000000, 0.000000, -0.000000, -0.000000, 0.000000]
  笛卡尔位置: [-0.272938, 0.788988, 0.335379]
  笛卡尔姿态: [0.794608, -0.506198, -0.098167, -0.320507]

轨迹点 82:
  时间: 2.460000 秒
  关节位置: [-1.366827, -0.008155, 1.921323, -1.482381, -1.658775, 0.430351]
  关节速度: [0.039769, 0.139090, 0.254638, -0.435000, -0.020438, 0.112554]
  关节加速度: [0.000000, 0.000000, 0.000000, -0.000000, -0.000000, 0.000000]
  笛卡尔位置: [-0.273753, 0.789153, 0.332605]
  笛卡尔姿态: [0.795018, -0.504818, -0.097684, -0.321811]

轨迹点 83:
  时间: 2.490000 秒
  关节位置: [-1.365634, -0.003982, 1.928963, -1.495431, -1.659389, 0.433728]
  关节速度: [0.039769, 0.139090, 0.254638, -0.435000, -0.020438, 0.112554]
  关节加速度: [-0.000000, -0.000000, -0.000000, 0.000000, 0.000000, -0.000000]
  笛卡尔位置: [-0.274560, 0.789278, 0.329840]
  笛卡尔姿态: [0.795424, -0.503438, -0.097201, -0.323115]

轨迹点 84:
  时间: 2.520000 秒
  关节位置: [-1.364441, 0.000191, 1.936602, -1.508481, -1.660002, 0.437104]
  关节速度: [0.039769, 0.139090, 0.254638, -0.435000, -0.020438, 0.112554]
  关节加速度: [0.000000, -0.000000, -0.000000, 0.000000, -0.000000, -0.000000]
  笛卡尔位置: [-0.275359, 0.789361, 0.327082]
  笛卡尔姿态: [0.795825, -0.502057, -0.096717, -0.324418]

轨迹点 85:
  时间: 2.550000 秒
  关节位置: [-1.363248, 0.004363, 1.944241, -1.521531, -1.660615, 0.440481]
  关节速度: [0.039769, 0.139090, 0.254638, -0.435000, -0.020438, 0.112554]
  关节加速度: [0.000000, 0.000000, 0.000000, -0.000000, -0.000000, 0.000000]
  笛卡尔位置: [-0.276151, 0.789403, 0.324333]
  笛卡尔姿态: [0.796221, -0.500676, -0.096233, -0.325721]

轨迹点 86:
  时间: 2.580000 秒
  关节位置: [-1.362055, 0.008536, 1.951880, -1.534581, -1.661228, 0.443858]
  关节速度: [0.039769, 0.139090, 0.254638, -0.435000, -0.020438, 0.112554]
  关节加速度: [-0.000000, -0.000000, -0.000000, 0.000000, 0.000000, -0.000000]
  笛卡尔位置: [-0.276934, 0.789405, 0.321593]
  笛卡尔姿态: [0.796613, -0.499295, -0.095749, -0.327023]

轨迹点 87:
  时间: 2.610000 秒
  关节位置: [-1.360862, 0.012709, 1.959519, -1.547631, -1.661841, 0.447234]
  关节速度: [0.039769, 0.139090, 0.254638, -0.435000, -0.020438, 0.112554]
  关节加速度: [-0.000000, -0.000000, -0.000000, 0.000000, 0.000000, -0.000000]
  笛卡尔位置: [-0.277709, 0.789367, 0.318862]
  笛卡尔姿态: [0.797000, -0.497913, -0.095264, -0.328325]

轨迹点 88:
  时间: 2.640000 秒
  关节位置: [-1.359669, 0.016882, 1.967158, -1.560681, -1.662454, 0.450611]
  关节速度: [0.039769, 0.139090, 0.254638, -0.435000, -0.020438, 0.112554]
  关节加速度: [0.000000, 0.000000, 0.000000, -0.000000, -0.000000, 0.000000]
  笛卡尔位置: [-0.278475, 0.789288, 0.316142]
  笛卡尔姿态: [0.797383, -0.496531, -0.094779, -0.329626]

轨迹点 89:
  时间: 2.670000 秒
  关节位置: [-1.358475, 0.021054, 1.974797, -1.573731, -1.663067, 0.453987]
  关节速度: [0.039769, 0.139090, 0.254638, -0.435000, -0.020438, 0.112554]
  关节加速度: [0.000000, 0.000000, 0.000000, -0.000000, -0.000000, 0.000000]
  笛卡尔位置: [-0.279233, 0.789169, 0.313432]
  笛卡尔姿态: [0.797762, -0.495149, -0.094293, -0.330927]

轨迹点 90:
  时间: 2.700000 秒
  关节位置: [-1.357282, 0.025227, 1.982437, -1.586781, -1.663681, 0.457364]
  关节速度: [0.039769, 0.139090, 0.254638, -0.435000, -0.020438, 0.112554]
  关节加速度: [-0.000000, -0.000000, -0.000000, 0.000000, 0.000000, -0.000000]
  笛卡尔位置: [-0.279983, 0.789010, 0.310732]
  笛卡尔姿态: [0.798135, -0.493767, -0.093808, -0.332227]

轨迹点 91:
  时间: 2.730000 秒
  关节位置: [-1.356088, 0.029405, 1.990086, -1.599848, -1.664294, 0.460745]
  关节速度: [0.039918, 0.139612, 0.255593, -0.436632, -0.020514, 0.112976]
  关节加速度: [0.007615, 0.026632, 0.048756, -0.083291, -0.003913, 0.021551]
  笛卡尔位置: [-0.280725, 0.788811, 0.308041]
  笛卡尔姿态: [0.798505, -0.492382, -0.093321, -0.333528]

轨迹点 92:
  时间: 2.760000 秒
  关节位置: [-1.354888, 0.033600, 1.997765, -1.612967, -1.664911, 0.464140]
  关节速度: [0.039931, 0.139657, 0.255675, -0.436773, -0.020521, 0.113013]
  关节加速度: [-0.014254, -0.049851, -0.091265, 0.155909, 0.007325, -0.040341]
  笛卡尔位置: [-0.281461, 0.788572, 0.305350]
  笛卡尔姿态: [0.798872, -0.490992, -0.092832, -0.334834]

轨迹点 93:
  时间: 2.790000 秒
  关节位置: [-1.353706, 0.037734, 2.005333, -1.625896, -1.665518, 0.467485]
  关节速度: [0.038458, 0.134505, 0.246245, -0.420662, -0.019764, 0.108844]
  关节加速度: [-0.096601, -0.337859, -0.618533, 1.056646, 0.049645, -0.273402]
  笛卡尔位置: [-0.282177, 0.788298, 0.302711]
  笛卡尔姿态: [0.799228, -0.489621, -0.092349, -0.336120]

轨迹点 94:
  时间: 2.820000 秒
  关节位置: [-1.352614, 0.041547, 2.012348, -1.637868, -1.666083, 0.470600]
  关节速度: [0.034026, 0.118097, 0.220091, -0.374676, -0.017860, 0.098911]
  关节加速度: [-0.162270, -0.608894, -0.938055, 1.661917, 0.066421, -0.340646]
  笛卡尔位置: [-0.282830, 0.788006, 0.300285]
  笛卡尔姿态: [0.799554, -0.488348, -0.091899, -0.337318]

轨迹点 95:
  时间: 2.850000 秒
  关节位置: [-1.351652, 0.044901, 2.018527, -1.648410, -1.666581, 0.473348]
  关节速度: [0.030686, 0.109210, 0.191881, -0.330502, -0.014996, 0.081441]
  关节加速度: [-0.042282, 0.122214, -0.930010, 1.200639, 0.132564, -0.894266]
  笛卡尔位置: [-0.283398, 0.787722, 0.298160]
  笛卡尔姿态: [0.799838, -0.487226, -0.091502, -0.338374]

轨迹点 96:
  时间: 2.880000 秒
  关节位置: [-1.350728, 0.048369, 2.023877, -1.657886, -1.666960, 0.475293]
  关节速度: [0.031673, 0.126120, 0.165349, -0.304515, -0.009981, 0.045638]
  关节加速度: [0.096076, 0.922376, -0.816053, 0.551532, 0.191236, -1.409662]
  笛卡尔位置: [-0.283997, 0.787538, 0.296052]
  笛卡尔姿态: [0.800101, -0.486341, -0.091235, -0.339096]

轨迹点 97:
  时间: 2.910000 秒
  关节位置: [-1.349727, 0.052591, 2.028514, -1.666847, -1.667177, 0.476047]
  关节速度: [0.035153, 0.154945, 0.146985, -0.297072, -0.004936, 0.007729]
  关节加速度: [0.141352, 0.901268, -0.088106, -0.434156, 0.094326, -0.766852]
  笛卡尔位置: [-0.284753, 0.787538, 0.293641]
  笛卡尔姿态: [0.800370, -0.485764, -0.091171, -0.339308]

轨迹点 98:
  时间: 2.940000 秒
  关节位置: [-1.348600, 0.057635, 2.033051, -1.676177, -1.667305, 0.476086]
  关节速度: [0.040261, 0.181045, 0.159594, -0.330443, -0.004182, -0.001428]
  关节加速度: [0.188753, 0.849978, 0.745256, -1.545880, -0.019111, -0.010158]
  笛卡尔位置: [-0.285669, 0.787646, 0.290842]
  笛卡尔姿态: [0.800664, -0.485340, -0.091233, -0.339203]

轨迹点 99:
  时间: 2.970000 秒
  关节位置: [-1.347305, 0.063447, 2.038201, -1.686822, -1.667443, 0.476063]
  关节速度: [0.046040, 0.206417, 0.183989, -0.379537, -0.005033, 0.000119]
  关节加速度: [0.192275, 0.846033, 0.807505, -1.628851, -0.027595, 0.046450]
  笛卡尔位置: [-0.286721, 0.787749, 0.287627]
  笛卡尔姿态: [0.801001, -0.484872, -0.091316, -0.339056]

轨迹点 100:
  时间: 3.000000 秒
  关节位置: [-1.345839, 0.070021, 2.044069, -1.698921, -1.667604, 0.476074]
  关节速度: [0.051735, 0.231877, 0.206924, -0.426681, -0.005685, 0.000341]
  关节加速度: [0.189451, 0.849130, 0.757752, -1.562500, -0.020819, 0.001248]
  笛卡尔位置: [-0.287902, 0.787820, 0.283996]
  笛卡尔姿态: [0.801382, -0.484331, -0.091403, -0.338904]

轨迹点 101:
  时间: 3.030000 秒
  关节位置: [-1.344247, 0.077154, 2.050434, -1.712046, -1.667779, 0.476084]
  关节速度: [0.053280, 0.238804, 0.213105, -0.439428, -0.005855, 0.000351]
  关节加速度: [-0.029545, -0.132423, -0.118172, 0.243673, 0.003247, -0.000195]
  笛卡尔位置: [-0.289173, 0.787850, 0.280066]
  笛卡尔姿态: [0.801796, -0.483744, -0.091497, -0.338738]

轨迹点 102:
  时间: 3.060000 秒
  关节位置: [-1.342665, 0.084246, 2.056763, -1.725097, -1.667953, 0.476095]
  关节速度: [0.052303, 0.234427, 0.209199, -0.431374, -0.005748, 0.000345]
  关节加速度: [-0.014377, -0.064438, -0.057504, 0.118575, 0.001580, -0.000095]
  笛卡尔位置: [-0.290427, 0.787829, 0.276168]
  笛卡尔姿态: [0.802207, -0.483160, -0.091591, -0.338574]

轨迹点 103:
  时间: 3.090000 秒
  关节位置: [-1.341094, 0.091287, 2.063046, -1.738053, -1.668126, 0.476105]
  关节速度: [0.052618, 0.235836, 0.210456, -0.433966, -0.005782, 0.000347]
  关节加速度: [0.020825, 0.093337, 0.083292, -0.171751, -0.002288, 0.000137]
  笛卡尔位置: [-0.291661, 0.787760, 0.272310]
  笛卡尔姿态: [0.802614, -0.482580, -0.091684, -0.338411]

轨迹点 104:
  时间: 3.120000 秒
  关节位置: [-1.339512, 0.098377, 2.069373, -1.751099, -1.668300, 0.476115]
  关节速度: [0.052743, 0.236398, 0.210958, -0.435000, -0.005796, 0.000347]
  关节加速度: [0.000000, 0.000000, -0.000000, -0.000000, 0.000000, 0.000000]
  笛卡尔位置: [-0.292894, 0.787643, 0.268436]
  笛卡尔姿态: [0.803024, -0.481995, -0.091777, -0.338247]

轨迹点 105:
  时间: 3.150000 秒
  关节位置: [-1.337930, 0.105469, 2.075702, -1.764149, -1.668474, 0.476126]
  关节速度: [0.052743, 0.236398, 0.210958, -0.435000, -0.005796, 0.000347]
  关节加速度: [0.000000, 0.000000, 0.000000, -0.000000, -0.000000, 0.000000]
  笛卡尔位置: [-0.294116, 0.787477, 0.264573]
  笛卡尔姿态: [0.803433, -0.481410, -0.091870, -0.338083]

轨迹点 106:
  时间: 3.180000 秒
  关节位置: [-1.336347, 0.112561, 2.082031, -1.777199, -1.668647, 0.476136]
  关节速度: [0.052743, 0.236398, 0.210958, -0.435000, -0.005796, 0.000347]
  关节加速度: [-0.000000, -0.000000, -0.000000, 0.000000, -0.000000, -0.000000]
  笛卡尔位置: [-0.295328, 0.787263, 0.260723]
  笛卡尔姿态: [0.803842, -0.480824, -0.091963, -0.337919]

轨迹点 107:
  时间: 3.210000 秒
  关节位置: [-1.334765, 0.119655, 2.088361, -1.790253, -1.668821, 0.476147]
  关节速度: [0.052870, 0.236964, 0.211464, -0.436043, -0.005810, 0.000348]
  关节加速度: [0.021109, 0.094612, 0.084430, -0.174097, -0.002320, 0.000139]
  笛卡尔位置: [-0.296529, 0.787001, 0.256885]
  笛卡尔姿态: [0.804250, -0.480238, -0.092056, -0.337755]

轨迹点 108:
  时间: 3.240000 秒
  关节位置: [-1.333172, 0.126795, 2.094733, -1.803392, -1.668996, 0.476157]
  关节速度: [0.053067, 0.237850, 0.212254, -0.437673, -0.005832, 0.000350]
  关节加速度: [-0.030218, -0.135441, -0.120865, 0.249227, 0.003321, -0.000199]
  笛卡尔位置: [-0.297727, 0.786690, 0.253037]
  笛卡尔姿态: [0.804661, -0.479648, -0.092149, -0.337590]

轨迹点 109:
  时间: 3.270000 秒
  关节位置: [-1.331611, 0.133792, 2.100977, -1.816266, -1.669168, 0.476168]
  关节速度: [0.050409, 0.225934, 0.201620, -0.415745, -0.005540, 0.000332]
  关节加速度: [-0.146342, -0.655913, -0.585327, 1.206958, 0.016082, -0.000964]
  笛卡尔位置: [-0.298889, 0.786339, 0.249281]
  笛卡尔姿态: [0.805063, -0.479069, -0.092240, -0.337428]

轨迹点 110:
  时间: 3.300000 秒
  关节位置: [-1.330176, 0.140222, 2.106715, -1.828100, -1.669326, 0.476177]
  关节速度: [0.045017, 0.201768, 0.180055, -0.371277, -0.004947, 0.000297]
  关节加速度: [-0.189451, -0.849130, -0.757752, 1.562500, 0.020819, -0.001248]
  笛卡尔位置: [-0.299948, 0.785976, 0.245841]
  笛卡尔姿态: [0.805432, -0.478537, -0.092323, -0.337279]

轨迹点 111:
  时间: 3.330000 秒
  关节位置: [-1.328922, 0.145843, 2.111790, -1.838513, -1.669470, 0.476232]
  关节速度: [0.038480, 0.172396, 0.158357, -0.322684, -0.004746, 0.003913]
  关节加速度: [-0.215678, -0.968806, -0.730091, 1.620231, 0.008284, 0.107607]
  笛卡尔位置: [-0.300861, 0.785618, 0.242837]
  笛卡尔姿态: [0.805757, -0.478058, -0.092386, -0.337166]

轨迹点 112:
  时间: 3.360000 秒
  关节位置: [-1.327850, 0.150645, 2.116194, -1.847493, -1.669602, 0.476336]
  关节速度: [0.033594, 0.150570, 0.134506, -0.277236, -0.003708, 0.000335]
  关节加速度: [-0.090072, -0.395424, -0.876735, 1.360699, 0.069968, -0.425379]
  笛卡尔位置: [-0.301630, 0.785277, 0.240271]
  笛卡尔姿态: [0.806036, -0.477633, -0.092426, -0.337090]

轨迹点 113:
  时间: 3.390000 秒
  关节位置: [-1.326853, 0.155120, 2.119807, -1.855267, -1.669668, 0.476035]
  关节速度: [0.033948, 0.152644, 0.105486, -0.243745, -0.000207, -0.024696]
  关节加速度: [0.122823, 0.575215, -1.050143, 0.830918, 0.165778, -1.266952]
  笛卡尔位置: [-0.302380, 0.785026, 0.237951]
  笛卡尔姿态: [0.806279, -0.477349, -0.092553, -0.336877]

轨迹点 114:
  时间: 3.420000 秒
  关节位置: [-1.325754, 0.160072, 2.122478, -1.862267, -1.669588, 0.474624]
  关节速度: [0.039601, 0.178877, 0.072245, -0.223556, 0.005668, -0.070595]
  关节加速度: [0.201495, 0.933150, -1.067464, 0.579211, 0.195745, -1.539483]
  笛卡尔位置: [-0.303310, 0.784962, 0.235562]
  笛卡尔姿态: [0.806501, -0.477339, -0.092932, -0.336255]

轨迹点 115:
  时间: 3.450000 秒
  关节位置: [-1.324475, 0.165858, 2.124258, -1.868826, -1.669340, 0.471889]
  关节速度: [0.045686, 0.206892, 0.050232, -0.218293, 0.010390, -0.108676]
  关节加速度: [0.204575, 0.935262, -0.325943, -0.318501, 0.110595, -0.939714]
  笛卡尔位置: [-0.304500, 0.785107, 0.232945]
  笛卡尔姿态: [0.806712, -0.477634, -0.093616, -0.335138]

轨迹点 116:
  时间: 3.480000 秒
  关节位置: [-1.323012, 0.172486, 2.125739, -1.875664, -1.668993, 0.468304]
  关节速度: [0.051875, 0.235003, 0.051895, -0.241716, 0.012396, -0.127629]
  关节加速度: [0.207604, 0.938415, 0.336255, -1.121145, 0.034653, -0.405019]
  笛卡尔位置: [-0.305905, 0.785352, 0.230017]
  笛卡尔姿态: [0.806932, -0.478099, -0.094497, -0.333695]

轨迹点 117:
  时间: 3.510000 秒
  关节位置: [-1.321362, 0.179958, 2.127443, -1.883415, -1.668605, 0.464289]
  关节速度: [0.058096, 0.263144, 0.060675, -0.273760, 0.013585, -0.140831]
  关节加速度: [0.206979, 0.937500, 0.216165, -0.975323, 0.048399, -0.501739]
  笛卡尔位置: [-0.307481, 0.785597, 0.226708]
  笛卡尔姿态: [0.807178, -0.478616, -0.095478, -0.332076]

轨迹点 118:
  时间: 3.540000 秒
  关节位置: [-1.319526, 0.188275, 2.129360, -1.892067, -1.668176, 0.459838]
  关节速度: [0.064306, 0.291269, 0.067159, -0.303020, 0.015037, -0.155884]
  关节加速度: [0.206979, 0.937499, 0.216164, -0.975322, 0.048399, -0.501738]
  笛卡尔位置: [-0.309228, 0.785835, 0.223019]
  笛卡尔姿态: [0.807449, -0.479186, -0.096561, -0.330277]

轨迹点 119:
  时间: 3.570000 秒
  关节位置: [-1.317504, 0.197435, 2.131472, -1.901596, -1.667703, 0.454936]
  关节速度: [0.070515, 0.319394, 0.073644, -0.332279, 0.016489, -0.170936]
  关节加速度: [0.206978, 0.937497, 0.216164, -0.975320, 0.048399, -0.501738]
  笛卡尔位置: [-0.311145, 0.786060, 0.218951]
  笛卡尔姿态: [0.807743, -0.479814, -0.097747, -0.328292]

轨迹点 120:
  时间: 3.600000 秒
  关节位置: [-1.315295, 0.207438, 2.133779, -1.912004, -1.667186, 0.449582]
  关节速度: [0.076724, 0.347519, 0.080129, -0.361539, 0.017941, -0.185988]
  关节加速度: [0.206979, 0.937500, 0.216165, -0.975323, 0.048399, -0.501739]
  笛卡尔位置: [-0.313231, 0.786260, 0.214502]
  笛卡尔姿态: [0.808059, -0.480499, -0.099033, -0.326120]

轨迹点 121:
  时间: 3.630000 秒
  关节位置: [-1.312895, 0.218310, 2.136286, -1.923313, -1.666625, 0.443764]
  关节速度: [0.083392, 0.377721, 0.087093, -0.392960, 0.019500, -0.202152]
  关节加速度: [0.227519, 1.030534, 0.237616, -1.072110, 0.053202, -0.551529]
  笛卡尔位置: [-0.315488, 0.786424, 0.209662]
  笛卡尔姿态: [0.808396, -0.481243, -0.100420, -0.323755]

轨迹点 122:
  时间: 3.660000 秒
  关节位置: [-1.310297, 0.230076, 2.138999, -1.935555, -1.666018, 0.437466]
  关节速度: [0.089435, 0.405093, 0.093405, -0.421436, 0.020913, -0.216801]
  关节加速度: [0.154060, 0.697804, 0.160897, -0.725956, 0.036024, -0.373456]
  笛卡尔位置: [-0.317918, 0.786539, 0.204417]
  笛卡尔姿态: [0.808753, -0.482048, -0.101910, -0.321189]

轨迹点 123:
  时间: 3.690000 秒
  关节位置: [-1.307573, 0.242416, 2.141844, -1.948393, -1.665380, 0.430862]
  关节速度: [0.091020, 0.412269, 0.095059, -0.428901, 0.021284, -0.220641]
  关节加速度: [-0.081018, -0.366965, -0.084613, 0.381770, -0.018945, 0.196395]
  笛卡尔位置: [-0.320451, 0.786590, 0.198910]
  笛卡尔姿态: [0.809119, -0.482892, -0.103460, -0.318493]

轨迹点 124:
  时间: 3.720000 秒
  关节位置: [-1.304918, 0.254441, 2.144617, -1.960903, -1.664760, 0.424427]
  关节速度: [0.085462, 0.387097, 0.089255, -0.402714, 0.019984, -0.207170]
  关节加速度: [-0.206979, -0.937500, -0.216165, 0.975323, -0.048399, 0.501739]
  笛卡尔位置: [-0.322906, 0.786571, 0.193539]
  笛卡尔姿态: [0.809468, -0.483713, -0.104956, -0.315858]

轨迹点 125:
  时间: 3.750000 秒
  关节位置: [-1.302447, 0.265632, 2.147197, -1.972545, -1.664182, 0.418437]
  关节速度: [0.079253, 0.358972, 0.082770, -0.373455, 0.018532, -0.192118]
  关节加速度: [-0.206979, -0.937500, -0.216165, 0.975323, -0.048399, 0.501739]
  笛卡尔位置: [-0.325177, 0.786493, 0.188537]
  笛卡尔姿态: [0.809786, -0.484478, -0.106337, -0.313402]

轨迹点 126:
  时间: 3.780000 秒
  关节位置: [-1.300163, 0.275979, 2.149583, -1.983310, -1.663648, 0.412900]
  关节速度: [0.073044, 0.330847, 0.076285, -0.344195, 0.017080, -0.177065]
  关节加速度: [-0.206979, -0.937500, -0.216165, 0.975323, -0.048399, 0.501739]
  笛卡尔位置: [-0.327265, 0.786369, 0.183910]
  笛卡尔姿态: [0.810073, -0.485184, -0.107604, -0.311126]

轨迹点 127:
  时间: 3.810000 秒
  关节位置: [-1.298065, 0.285483, 2.151774, -1.993197, -1.663157, 0.407814]
  关节速度: [0.066834, 0.302722, 0.069800, -0.314935, 0.015628, -0.162013]
  关节加速度: [-0.206979, -0.937500, -0.216165, 0.975323, -0.048399, 0.501739]
  笛卡尔位置: [-0.329172, 0.786212, 0.179658]
  笛卡尔姿态: [0.810332, -0.485832, -0.108759, -0.309031]

轨迹点 128:
  时间: 3.840000 秒
  关节位置: [-1.296153, 0.294143, 2.153771, -2.002206, -1.662710, 0.403179]
  关节速度: [0.060625, 0.274597, 0.063315, -0.285676, 0.014176, -0.146961]
  关节加速度: [-0.206979, -0.937500, -0.216165, 0.975323, -0.048399, 0.501739]
  笛卡尔位置: [-0.330902, 0.786032, 0.175783]
  笛卡尔姿态: [0.810563, -0.486423, -0.109804, -0.307120]

轨迹点 129:
  时间: 3.870000 秒
  关节位置: [-1.294427, 0.301959, 2.155573, -2.010337, -1.662307, 0.398996]
  关节速度: [0.054416, 0.246472, 0.056830, -0.256416, 0.012724, -0.131909]
  关节加速度: [-0.206979, -0.937500, -0.216165, 0.975323, -0.048399, 0.501739]
  笛卡尔位置: [-0.332455, 0.785841, 0.172284]
  笛卡尔姿态: [0.810769, -0.486956, -0.110741, -0.305392]

轨迹点 130:
  时间: 3.900000 秒
  关节位置: [-1.292888, 0.308931, 2.157181, -2.017591, -1.661947, 0.395264]
  关节速度: [0.048206, 0.218347, 0.050346, -0.227156, 0.011272, -0.116857]
  关节加速度: [-0.206979, -0.937500, -0.216165, 0.975323, -0.048399, 0.501739]
  笛卡尔位置: [-0.333835, 0.785646, 0.169163]
  笛卡尔姿态: [0.810949, -0.487431, -0.111573, -0.303849]

轨迹点 131:
  时间: 3.930000 秒
  关节位置: [-1.291487, 0.315225, 2.158462, -2.023966, -1.661605, 0.391768]
  关节速度: [0.046482, 0.205490, 0.031134, -0.197166, 0.012204, -0.122229]
  关节加速度: [0.049033, -0.083586, -1.003465, 1.093420, 0.092350, -0.697512]
  笛卡尔位置: [-0.335101, 0.785485, 0.166377]
  笛卡尔姿态: [0.811099, -0.487891, -0.112358, -0.302417]

轨迹点 132:
  时间: 3.960000 秒
  关节位置: [-1.290055, 0.321400, 2.158881, -2.029362, -1.661188, 0.387705]
  关节速度: [0.049372, 0.207380, -0.004493, -0.162253, 0.015844, -0.150438]
  关节加速度: [0.127410, 0.175130, -1.253825, 1.141294, 0.136155, -1.069776]
  笛卡尔位置: [-0.336464, 0.785483, 0.163798]
  笛卡尔姿态: [0.811196, -0.488496, -0.113310, -0.300821]

轨迹点 133:
  时间: 3.990000 秒
  关节位置: [-1.288509, 0.327746, 2.158237, -2.033809, -1.660653, 0.382720]
  关节速度: [0.053955, 0.217818, -0.035320, -0.139127, 0.019647, -0.181088]
  关节加速度: [0.188671, 0.615831, -0.626684, 0.145396, 0.107290, -0.909299]
  笛卡尔位置: [-0.338023, 0.785685, 0.161340]
  笛卡尔姿态: [0.811229, -0.489315, -0.114521, -0.298936]

轨迹点 134:
  时间: 4.020000 秒
  关节位置: [-1.286792, 0.334657, 2.157039, -2.038144, -1.660022, 0.376916]
  关节速度: [0.060709, 0.244234, -0.042666, -0.152867, 0.022330, -0.205359]
  关节加速度: [0.233029, 0.937489, -0.163773, -0.586780, 0.085714, -0.788268]
  笛卡尔位置: [-0.339794, 0.785991, 0.158744]
  笛卡尔姿态: [0.811231, -0.490297, -0.115942, -0.296767]

轨迹点 135:
  时间: 4.050000 秒
  关节位置: [-1.284866, 0.342406, 2.155686, -2.042994, -1.659314, 0.370401]
  关节速度: [0.067699, 0.272358, -0.047579, -0.170471, 0.024902, -0.229007]
  关节加速度: [0.233030, 0.937491, -0.163773, -0.586781, 0.085715, -0.788269]
  笛卡尔位置: [-0.341777, 0.786316, 0.155825]
  笛卡尔姿态: [0.811225, -0.491399, -0.117529, -0.294326]

轨迹点 136:
  时间: 4.080000 秒
  关节位置: [-1.282730, 0.350998, 2.154185, -2.048373, -1.658528, 0.363176]
  关节速度: [0.074690, 0.300483, -0.052492, -0.188074, 0.027473, -0.252655]
  关节加速度: [0.233032, 0.937499, -0.163774, -0.586786, 0.085715, -0.788276]
  笛卡尔位置: [-0.343974, 0.786653, 0.152573]
  笛卡尔姿态: [0.811210, -0.492619, -0.119278, -0.291614]

轨迹点 137:
  时间: 4.110000 秒
  关节位置: [-1.280384, 0.360435, 2.152536, -2.054279, -1.657665, 0.355241]
  关节速度: [0.081681, 0.328608, -0.057405, -0.205678, 0.030045, -0.276303]
  关节加速度: [0.233031, 0.937498, -0.163774, -0.586785, 0.085715, -0.788275]
  笛卡尔位置: [-0.346382, 0.786994, 0.148984]
  笛卡尔姿态: [0.811182, -0.493956, -0.121184, -0.288627]

轨迹点 138:
  时间: 4.140000 秒
  关节位置: [-1.277829, 0.370715, 2.150740, -2.060713, -1.656725, 0.346597]
  关节速度: [0.088672, 0.356733, -0.062319, -0.223281, 0.032616, -0.299951]
  关节加速度: [0.233031, 0.937495, -0.163774, -0.586784, 0.085715, -0.788273]
  笛卡尔位置: [-0.349001, 0.787330, 0.145054]
  笛卡尔姿态: [0.811139, -0.495412, -0.123243, -0.285363]

轨迹点 139:
  时间: 4.170000 秒
  关节位置: [-1.275064, 0.381839, 2.148797, -2.067676, -1.655708, 0.337244]
  关节速度: [0.095663, 0.384858, -0.067232, -0.240885, 0.035187, -0.323600]
  关节加速度: [0.233031, 0.937497, -0.163774, -0.586785, 0.085715, -0.788274]
  笛卡尔位置: [-0.351828, 0.787651, 0.140778]
  笛卡尔姿态: [0.811077, -0.496983, -0.125452, -0.281820]

轨迹点 140:
  时间: 4.200000 秒
  关节位置: [-1.272089, 0.393806, 2.146706, -2.075166, -1.654614, 0.327181]
  关节速度: [0.102654, 0.412983, -0.072145, -0.258488, 0.037759, -0.347248]
  关节加速度: [0.233032, 0.937500, -0.163774, -0.586787, 0.085715, -0.788277]
  笛卡尔位置: [-0.354861, 0.787949, 0.136151]
  笛卡尔姿态: [0.810994, -0.498671, -0.127805, -0.277996]

轨迹点 141:
  时间: 4.230000 秒
  关节位置: [-1.268927, 0.406528, 2.144484, -2.083129, -1.653451, 0.316484]
  关节速度: [0.107462, 0.432326, -0.075524, -0.270596, 0.039528, -0.363512]
  关节加速度: [0.092905, 0.373763, -0.065294, -0.233941, 0.034173, -0.314271]
  笛卡尔位置: [-0.358077, 0.788210, 0.131201]
  笛卡尔姿态: [0.810885, -0.500462, -0.130280, -0.273917]

轨迹点 142:
  时间: 4.260000 秒
  关节位置: [-1.265677, 0.419601, 2.142200, -2.091311, -1.652256, 0.305493]
  关节速度: [0.108699, 0.437303, -0.076394, -0.273711, 0.039983, -0.367697]
  关节加速度: [-0.000127, -0.000510, 0.000089, 0.000319, -0.000047, 0.000428]
  笛卡尔位置: [-0.361370, 0.788418, 0.126083]
  笛卡尔姿态: [0.810751, -0.502299, -0.132796, -0.269711]

轨迹点 143:
  时间: 4.290000 秒
  关节位置: [-1.262422, 0.432696, 2.139913, -2.099508, -1.651058, 0.294482]
  关节速度: [0.108220, 0.435375, -0.076057, -0.272504, 0.039806, -0.366076]
  关节加速度: [-0.016608, -0.066816, 0.011672, 0.041821, -0.006109, 0.056181]
  笛卡尔位置: [-0.364658, 0.788565, 0.120925]
  笛卡尔姿态: [0.810596, -0.504134, -0.135286, -0.265482]

轨迹点 144:
  时间: 4.320000 秒
  关节位置: [-1.259178, 0.445748, 2.137633, -2.107677, -1.649865, 0.283508]
  关节速度: [0.108127, 0.435000, -0.075991, -0.272269, 0.039772, -0.365761]
  关节加速度: [0.000000, 0.000000, -0.000000, -0.000000, 0.000000, -0.000000]
  笛卡尔位置: [-0.367922, 0.788650, 0.115752]
  笛卡尔姿态: [0.810419, -0.505960, -0.137740, -0.261254]

轨迹点 145:
  时间: 4.350000 秒
  关节位置: [-1.255934, 0.458798, 2.135353, -2.115845, -1.648672, 0.272535]
  关节速度: [0.108127, 0.435000, -0.075991, -0.272269, 0.039772, -0.365761]
  关节加速度: [-0.000000, -0.000000, 0.000000, 0.000000, -0.000000, 0.000000]
  笛卡尔位置: [-0.371174, 0.788674, 0.110549]
  笛卡尔姿态: [0.810220, -0.507782, -0.140165, -0.257011]

轨迹点 146:
  时间: 4.380000 秒
  关节位置: [-1.252691, 0.471848, 2.133073, -2.124013, -1.647479, 0.261562]
  关节速度: [0.108127, 0.435000, -0.075991, -0.272269, 0.039772, -0.365761]
  关节加速度: [0.000000, 0.000000, -0.000000, -0.000000, 0.000000, -0.000000]
  笛卡尔位置: [-0.374412, 0.788636, 0.105316]
  笛卡尔姿态: [0.809999, -0.509600, -0.142560, -0.252755]

轨迹点 147:
  时间: 4.410000 秒
  关节位置: [-1.249446, 0.484898, 2.130784, -2.132171, -1.646285, 0.250582]
  关节速度: [0.108362, 0.435000, -0.078802, -0.269505, 0.040038, -0.367847]
  关节加速度: [0.043183, 0.000004, -0.515310, 0.506740, 0.048780, -0.382460]
  笛卡尔位置: [-0.377638, 0.788538, 0.100055]
  笛卡尔姿态: [0.809756, -0.511416, -0.144929, -0.248484]

轨迹点 148:
  时间: 4.440000 秒
  关节位置: [-1.246168, 0.497948, 2.128092, -2.139935, -1.645053, 0.239304]
  关节速度: [0.110277, 0.435000, -0.101644, -0.247043, 0.042200, -0.384800]
  关节加速度: [0.062329, 0.000003, -0.743788, 0.731422, 0.070408, -0.552032]
  笛卡尔位置: [-0.380921, 0.788466, 0.094831]
  笛卡尔姿态: [0.809460, -0.513296, -0.147355, -0.244108]

轨迹点 149:
  时间: 4.470000 秒
  关节位置: [-1.242839, 0.510998, 2.124797, -2.147104, -1.643763, 0.227577]
  关节速度: [0.111371, 0.435000, -0.114699, -0.234205, 0.043436, -0.394489]
  关节加速度: [0.008315, -0.000005, -0.099239, 0.097593, 0.009394, -0.073650]
  笛卡尔位置: [-0.384298, 0.788463, 0.089675]
  笛卡尔姿态: [0.809093, -0.515272, -0.149880, -0.239583]

轨迹点 150:
  时间: 4.500000 秒
  关节位置: [-1.239499, 0.524048, 2.121372, -2.154146, -1.642462, 0.215754]
  关节速度: [0.111232, 0.435000, -0.113051, -0.235825, 0.043280, -0.393266]
  关节加速度: [0.000000, 0.000000, -0.000000, -0.000000, 0.000000, -0.000000]
  笛卡尔位置: [-0.387685, 0.788428, 0.084505]
  笛卡尔姿态: [0.808690, -0.517265, -0.152401, -0.235012]

轨迹点 151:
  时间: 4.530000 秒
  关节位置: [-1.236162, 0.537098, 2.117980, -2.161220, -1.641163, 0.203956]
  关节速度: [0.111232, 0.435000, -0.113051, -0.235825, 0.043280, -0.393266]
  关节加速度: [-0.000000, -0.000000, 0.000000, 0.000000, -0.000000, 0.000000]
  笛卡尔位置: [-0.391053, 0.788323, 0.079296]
  笛卡尔姿态: [0.808266, -0.519247, -0.154882, -0.230435]

轨迹点 152:
  时间: 4.560000 秒
  关节位置: [-1.232825, 0.550148, 2.114589, -2.168295, -1.639865, 0.192158]
  关节速度: [0.111232, 0.435000, -0.113051, -0.235825, 0.043280, -0.393266]
  关节加速度: [-0.000000, -0.000000, 0.000000, 0.000000, -0.000000, 0.000000]
  笛卡尔位置: [-0.394406, 0.788157, 0.074053]
  笛卡尔姿态: [0.807816, -0.521224, -0.157331, -0.225844]

轨迹点 153:
  时间: 4.590000 秒
  关节位置: [-1.229488, 0.563198, 2.111197, -2.175370, -1.638566, 0.180360]
  关节速度: [0.111232, 0.435000, -0.113051, -0.235825, 0.043280, -0.393266]
  关节加速度: [0.000000, 0.000000, -0.000000, -0.000000, 0.000000, -0.000000]
  笛卡尔位置: [-0.397744, 0.787928, 0.068778]
  笛卡尔姿态: [0.807341, -0.523197, -0.159747, -0.221239]

轨迹点 154:
  时间: 4.620000 秒
  关节位置: [-1.226147, 0.576262, 2.107802, -2.182452, -1.637267, 0.168549]
  关节速度: [0.111682, 0.436758, -0.113508, -0.236778, 0.043455, -0.394855]
  关节加速度: [0.026367, 0.103114, -0.026798, -0.055901, 0.010259, -0.093221]
  笛卡尔位置: [-0.401070, 0.787636, 0.063465]
  笛卡尔姿态: [0.806840, -0.525166, -0.162132, -0.216616]

轨迹点 155:
  时间: 4.650000 秒
  关节位置: [-1.222797, 0.589365, 2.104396, -2.189556, -1.635963, 0.156703]
  关节速度: [0.111139, 0.434635, -0.112956, -0.235627, 0.043244, -0.392936]
  关节加速度: [-0.081133, -0.317289, 0.082460, 0.172011, -0.031568, 0.286848]
  笛卡尔位置: [-0.404389, 0.787280, 0.058104]
  笛卡尔姿态: [0.806312, -0.527137, -0.164492, -0.211966]

轨迹点 156:
  时间: 4.680000 秒
  关节位置: [-1.219521, 0.602175, 2.101067, -2.196500, -1.634688, 0.145123]
  关节速度: [0.106535, 0.416630, -0.108277, -0.225866, 0.041452, -0.376658]
  关节加速度: [-0.216518, -0.846743, 0.220058, 0.459042, -0.084246, 0.765506]
  笛卡尔位置: [-0.407617, 0.786869, 0.052833]
  笛卡尔姿态: [0.805772, -0.529059, -0.166766, -0.207407]

轨迹点 157:
  时间: 4.710000 秒
  关节位置: [-1.216431, 0.614262, 2.097926, -2.203053, -1.633486, 0.134195]
  关节速度: [0.099431, 0.388847, -0.101057, -0.210805, 0.038688, -0.351541]
  关节加速度: [-0.239725, -0.937500, 0.243645, 0.508244, -0.093276, 0.847556]
  笛卡尔位置: [-0.410648, 0.786426, 0.047833]
  笛卡尔姿态: [0.805239, -0.530868, -0.168883, -0.203095]

轨迹点 158:
  时间: 4.740000 秒
  关节位置: [-1.213556, 0.625505, 2.095004, -2.209148, -1.632367, 0.124030]
  关节速度: [0.092239, 0.360722, -0.093747, -0.195557, 0.035890, -0.326115]
  关节加速度: [-0.239725, -0.937500, 0.243645, 0.508244, -0.093276, 0.847556]
  笛卡尔位置: [-0.413453, 0.785965, 0.043159]
  笛卡尔姿态: [0.804724, -0.532547, -0.170827, -0.199074]

轨迹点 159:
  时间: 4.770000 秒
  关节位置: [-1.210896, 0.635905, 2.092301, -2.214786, -1.631332, 0.114628]
  关节速度: [0.085047, 0.332597, -0.086438, -0.180310, 0.033092, -0.300688]
  关节加速度: [-0.239725, -0.937500, 0.243645, 0.508244, -0.093276, 0.847556]
  笛卡尔位置: [-0.416035, 0.785496, 0.038816]
  笛卡尔姿态: [0.804231, -0.534097, -0.172602, -0.195348]

轨迹点 160:
  时间: 4.800000 秒
  关节位置: [-1.208453, 0.645461, 2.089818, -2.219967, -1.630382, 0.105989]
  关节速度: [0.077856, 0.304472, -0.079129, -0.165063, 0.030293, -0.275261]
  关节加速度: [-0.239725, -0.937500, 0.243645, 0.508244, -0.093276, 0.847556]
  笛卡尔位置: [-0.418397, 0.785029, 0.034809]
  笛卡尔姿态: [0.803764, -0.535519, -0.174215, -0.191917]

轨迹点 161:
  时间: 4.830000 秒
  关节位置: [-1.206225, 0.654173, 2.087554, -2.224690, -1.629515, 0.098113]
  关节速度: [0.070664, 0.276347, -0.071819, -0.149815, 0.027495, -0.249835]
  关节加速度: [-0.239725, -0.937500, 0.243645, 0.508244, -0.093276, 0.847556]
  笛卡尔位置: [-0.420541, 0.784573, 0.031143]
  笛卡尔姿态: [0.803326, -0.536813, -0.175671, -0.188785]

轨迹点 162:
  时间: 4.860000 秒
  关节位置: [-1.204213, 0.662042, 2.085509, -2.228956, -1.628732, 0.090999]
  关节速度: [0.063472, 0.248222, -0.064510, -0.134568, 0.024697, -0.224408]
  关节加速度: [-0.239725, -0.937500, 0.243645, 0.508244, -0.093276, 0.847556]
  笛卡尔位置: [-0.422469, 0.784136, 0.027821]
  笛卡尔姿态: [0.802920, -0.537980, -0.176972, -0.185951]

轨迹点 163:
  时间: 4.890000 秒
  关节位置: [-1.202417, 0.669067, 2.083683, -2.232764, -1.628033, 0.084648]
  关节速度: [0.056280, 0.220097, -0.057201, -0.119321, 0.021898, -0.198981]
  关节加速度: [-0.239725, -0.937500, 0.243645, 0.508244, -0.093276, 0.847556]
  笛卡尔位置: [-0.424184, 0.783726, 0.024847]
  笛卡尔姿态: [0.802551, -0.539020, -0.178124, -0.183418]

轨迹点 164:
  时间: 4.920000 秒
  关节位置: [-1.200836, 0.675248, 2.082077, -2.236115, -1.627418, 0.079060]
  关节速度: [0.049089, 0.191972, -0.049891, -0.104073, 0.019100, -0.173555]
  关节加速度: [-0.239725, -0.937500, 0.243645, 0.508244, -0.093276, 0.847556]
  笛卡尔位置: [-0.425689, 0.783350, 0.022224]
  笛卡尔姿态: [0.802219, -0.539934, -0.179129, -0.181187]

轨迹点 165:
  时间: 4.950000 秒
  关节位置: [-1.199471, 0.680585, 2.080689, -2.239009, -1.626887, 0.074235]
  关节速度: [0.041897, 0.163847, -0.042582, -0.088826, 0.016302, -0.148128]
  关节加速度: [-0.239725, -0.937500, 0.243645, 0.508244, -0.093276, 0.847556]
  笛卡尔位置: [-0.426984, 0.783014, 0.019954]
  笛卡尔姿态: [0.801928, -0.540722, -0.179991, -0.179259]

轨迹点 166:
  时间: 4.980000 秒
  关节位置: [-1.198322, 0.685079, 2.079522, -2.241445, -1.626440, 0.070172]
  关节速度: [0.034705, 0.135722, -0.035273, -0.073579, 0.013504, -0.122701]
  关节加速度: [-0.239725, -0.937500, 0.243645, 0.508244, -0.093276, 0.847556]
  笛卡尔位置: [-0.428071, 0.782722, 0.018039]
  笛卡尔姿态: [0.801680, -0.541386, -0.180712, -0.177634]

轨迹点 167:
  时间: 5.010000 秒
  关节位置: [-1.197389, 0.688728, 2.078573, -2.243423, -1.626077, 0.066873]
  关节速度: [0.027513, 0.107597, -0.027963, -0.058331, 0.010705, -0.097275]
  关节加速度: [-0.239725, -0.937500, 0.243645, 0.508244, -0.093276, 0.847556]
  笛卡尔位置: [-0.428952, 0.782479, 0.016482]
  笛卡尔姿态: [0.801476, -0.541924, -0.181295, -0.176313]

轨迹点 168:
  时间: 5.040000 秒
  关节位置: [-1.196672, 0.691535, 2.077844, -2.244945, -1.625798, 0.064336]
  关节速度: [0.020322, 0.079472, -0.020654, -0.043084, 0.007907, -0.071848]
  关节加速度: [-0.239725, -0.937500, 0.243645, 0.508244, -0.093276, 0.847556]
  笛卡尔位置: [-0.429629, 0.782289, 0.015283]
  笛卡尔姿态: [0.801318, -0.542337, -0.181741, -0.175297]

轨迹点 169:
  时间: 5.070000 秒
  关节位置: [-1.196170, 0.693497, 2.077334, -2.246008, -1.625602, 0.062562]
  关节速度: [0.013130, 0.051347, -0.013345, -0.027837, 0.005109, -0.046421]
  关节加速度: [-0.239725, -0.937500, 0.243645, 0.508244, -0.093276, 0.847556]
  笛卡尔位置: [-0.430101, 0.782155, 0.014444]
  笛卡尔姿态: [0.801207, -0.542627, -0.182053, -0.174587]

轨迹点 170:
  时间: 5.100000 秒
  关节位置: [-1.195884, 0.694615, 2.077043, -2.246615, -1.625491, 0.061551]
  关节速度: [0.005938, 0.023222, -0.006035, -0.012590, 0.002311, -0.020994]
  关节加速度: [-0.239725, -0.937500, 0.243645, 0.508244, -0.093276, 0.847556]
  笛卡尔位置: [-0.430370, 0.782077, 0.013965]
  笛卡尔姿态: [0.801143, -0.542791, -0.182230, -0.174181]

轨迹点 171:
  时间: 5.124771 秒
  关节位置: [-1.195810, 0.694903, 2.076968, -2.246771, -1.625462, 0.061291]
  关节速度: [0.000000, 0.000000, 0.000000, 0.000000, 0.000000, 0.000000]
  关节加速度: [0.000000, 0.000000, 0.000000, 0.000000, 0.000000, 0.000000]
  笛卡尔位置: [-0.430439, 0.782057, 0.013842]
  笛卡尔姿态: [0.801127, -0.542834, -0.182275, -0.174077]

