详细轨迹分析报告
====================
轨迹点数: 148
轨迹总时间: 4.393 秒
关节名称: 
  0: joint1
  1: joint2
  2: joint3
  3: joint4
  4: joint5
  5: joint6

详细轨迹点信息:
================
轨迹点 0:
  时间: 0.000000 秒
  关节位置: [-1.964522, 0.302905, 1.078700, -0.772151, -2.013980, -0.346127]
  关节速度: [0.000000, 0.000000, 0.000000, 0.000000, 0.000000, 0.000000]
  关节加速度: [0.000000, 0.000000, 0.000000, 0.000000, 0.000000, 0.000000]
  笛卡尔位置: [0.429490, 0.782220, 0.413807]
  笛卡尔姿态: [-0.292609, 0.925248, 0.095331, 0.221829]

轨迹点 1:
  时间: 0.030000 秒
  关节位置: [-1.964264, 0.302628, 1.078815, -0.772276, -2.014055, -0.346052]
  关节速度: [0.023032, -0.024680, 0.010285, -0.011112, -0.006626, 0.006624]
  关节加速度: [1.181132, -1.265625, 0.527443, -0.569837, -0.339781, 0.339677]
  笛卡尔位置: [0.429288, 0.782245, 0.414033]
  笛卡尔姿态: [-0.292706, 0.925183, 0.095421, 0.221934]

轨迹点 2:
  时间: 0.060000 秒
  关节位置: [-1.963048, 0.301326, 1.079358, -0.772862, -2.014404, -0.345703]
  关节速度: [0.056694, -0.060750, 0.025317, -0.027352, -0.016309, 0.016304]
  关节加速度: [0.944906, -1.012500, 0.421954, -0.455869, -0.271825, 0.271741]
  笛卡尔位置: [0.428339, 0.782363, 0.415093]
  笛卡尔姿态: [-0.293157, 0.924878, 0.095845, 0.222425]

轨迹点 3:
  时间: 0.090000 秒
  关节位置: [-1.960982, 0.299112, 1.080280, -0.773859, -2.014999, -0.345109]
  关节速度: [0.079726, -0.085430, 0.035602, -0.038464, -0.022935, 0.022928]
  关节加速度: [0.708679, -0.759375, 0.316466, -0.341902, -0.203869, 0.203806]
  笛卡尔位置: [0.426724, 0.782556, 0.416893]
  笛卡尔姿态: [-0.293924, 0.924359, 0.096566, 0.223258]

轨迹点 4:
  时间: 0.120000 秒
  关节位置: [-1.958223, 0.296155, 1.081513, -0.775190, -2.015793, -0.344315]
  关节速度: [0.104990, -0.112500, 0.046884, -0.050652, -0.030203, 0.030193]
  关节加速度: [0.874912, -0.937500, 0.390698, -0.422101, -0.251689, 0.251612]
  笛卡尔位置: [0.424567, 0.782804, 0.419296]
  笛卡尔姿态: [-0.294945, 0.923663, 0.097533, 0.224368]

轨迹点 5:
  时间: 0.150000 秒
  关节位置: [-1.954679, 0.292358, 1.083095, -0.776899, -2.016812, -0.343296]
  关节速度: [0.131237, -0.140625, 0.058605, -0.063315, -0.037753, 0.037742]
  关节加速度: [0.874904, -0.937491, 0.390695, -0.422097, -0.251687, 0.251610]
  笛卡尔位置: [0.421796, 0.783104, 0.422378]
  笛卡尔姿态: [-0.296250, 0.922767, 0.098778, 0.225789]

轨迹点 6:
  时间: 0.180000 秒
  关节位置: [-1.950349, 0.287718, 1.085029, -0.778989, -2.018058, -0.342051]
  关节速度: [0.157484, -0.168750, 0.070326, -0.075978, -0.045304, 0.045290]
  关节加速度: [0.874902, -0.937489, 0.390694, -0.422096, -0.251687, 0.251609]
  笛卡尔位置: [0.418408, 0.783443, 0.426138]
  笛卡尔姿态: [-0.297838, 0.921665, 0.100305, 0.227519]

轨迹点 7:
  时间: 0.210000 秒
  关节位置: [-1.945230, 0.282233, 1.087315, -0.781458, -2.019530, -0.340579]
  关节速度: [0.183731, -0.196874, 0.082046, -0.088641, -0.052855, 0.052838]
  关节加速度: [0.874911, -0.937498, 0.390698, -0.422100, -0.251689, 0.251612]
  笛卡尔位置: [0.414400, 0.783803, 0.430573]
  笛卡尔姿态: [-0.299702, 0.920356, 0.102119, 0.229553]

轨迹点 8:
  时间: 0.240000 秒
  关节位置: [-1.939325, 0.275905, 1.089952, -0.784307, -2.021229, -0.338880]
  关节速度: [0.209978, -0.224999, 0.093767, -0.101304, -0.060405, 0.060387]
  关节加速度: [0.874903, -0.937490, 0.390694, -0.422097, -0.251687, 0.251610]
  笛卡尔位置: [0.409774, 0.784165, 0.435679]
  笛卡尔姿态: [-0.301839, 0.918836, 0.104224, 0.231886]

轨迹点 9:
  时间: 0.270000 秒
  关节位置: [-1.932632, 0.268733, 1.092941, -0.787536, -2.023155, -0.336956]
  关节速度: [0.236225, -0.253124, 0.105488, -0.113967, -0.067956, 0.067935]
  关节加速度: [0.874900, -0.937487, 0.390693, -0.422095, -0.251686, 0.251609]
  笛卡尔位置: [0.404529, 0.784506, 0.441449]
  笛卡尔姿态: [-0.304240, 0.917100, 0.106624, 0.234514]

轨迹点 10:
  时间: 0.300000 秒
  关节位置: [-1.925151, 0.260718, 1.096281, -0.791145, -2.025306, -0.334804]
  关节速度: [0.262472, -0.281249, 0.117209, -0.126630, -0.075506, 0.075483]
  关节加速度: [0.874913, -0.937500, 0.390699, -0.422101, -0.251690, 0.251612]
  笛卡尔位置: [0.398664, 0.784799, 0.447878]
  笛卡尔姿态: [-0.306899, 0.915144, 0.109326, 0.237428]

轨迹点 11:
  时间: 0.330000 秒
  关节位置: [-1.916883, 0.251859, 1.099973, -0.795134, -2.027685, -0.332427]
  关节速度: [0.288720, -0.309373, 0.128930, -0.139293, -0.083057, 0.083032]
  关节加速度: [0.874905, -0.937492, 0.390695, -0.422098, -0.251687, 0.251610]
  笛卡尔位置: [0.392182, 0.785016, 0.454959]
  笛卡尔姿态: [-0.309806, 0.912964, 0.112335, 0.240621]

轨迹点 12:
  时间: 0.360000 秒
  关节位置: [-1.907828, 0.242155, 1.104017, -0.799503, -2.030290, -0.329822]
  关节速度: [0.314967, -0.337498, 0.140651, -0.151956, -0.090608, 0.090580]
  关节加速度: [0.874907, -0.937494, 0.390696, -0.422099, -0.251688, 0.251611]
  笛卡尔位置: [0.385085, 0.785125, 0.462682]
  笛卡尔姿态: [-0.312953, 0.910553, 0.115657, 0.244085]

轨迹点 13:
  时间: 0.390000 秒
  关节位置: [-1.897985, 0.231609, 1.108412, -0.804252, -2.033121, -0.326992]
  关节速度: [0.341214, -0.365623, 0.152372, -0.164619, -0.098158, 0.098128]
  关节加速度: [0.874912, -0.937499, 0.390698, -0.422101, -0.251689, 0.251612]
  笛卡尔位置: [0.377376, 0.785091, 0.471040]
  笛卡尔姿态: [-0.316330, 0.907906, 0.119300, 0.247810]

轨迹点 14:
  时间: 0.420000 秒
  关节位置: [-1.887342, 0.220204, 1.113165, -0.809386, -2.036183, -0.323931]
  关节速度: [0.369126, -0.395531, 0.164836, -0.178085, -0.106188, 0.106155]
  关节加速度: [0.978041, -1.048006, 0.436751, -0.471855, -0.281357, 0.281271]
  笛卡尔位置: [0.369049, 0.784874, 0.480031]
  笛卡尔姿态: [-0.319928, 0.905014, 0.123277, 0.251791]

轨迹点 15:
  时间: 0.450000 秒
  关节位置: [-1.875866, 0.207907, 1.118290, -0.814923, -2.039485, -0.320630]
  关节速度: [0.394123, -0.422316, 0.175998, -0.190144, -0.113379, 0.113344]
  关节加速度: [0.621215, -0.665654, 0.277408, -0.299705, -0.178707, 0.178652]
  笛卡尔位置: [0.360086, 0.784433, 0.489671]
  笛卡尔姿态: [-0.323747, 0.901862, 0.127607, 0.256027]

轨迹点 16:
  时间: 0.480000 秒
  关节位置: [-1.863840, 0.195021, 1.123660, -0.820725, -2.042944, -0.317172]
  关节速度: [0.405076, -0.434053, 0.180889, -0.195429, -0.116530, 0.116494]
  关节加速度: [0.132082, -0.141531, 0.058982, -0.063723, -0.037997, 0.037985]
  笛卡尔位置: [0.350719, 0.783740, 0.499710]
  笛卡尔姿态: [-0.327680, 0.898522, 0.132191, 0.260403]

轨迹点 17:
  时间: 0.510000 秒
  关节位置: [-1.851666, 0.181976, 1.129096, -0.826598, -2.046446, -0.313671]
  关节速度: [0.405959, -0.435000, 0.181284, -0.195855, -0.116784, 0.116748]
  关节加速度: [-0.000000, 0.000000, -0.000000, 0.000000, 0.000000, -0.000000]
  笛卡尔位置: [0.341265, 0.782798, 0.509807]
  笛卡尔姿态: [-0.331590, 0.895104, 0.136880, 0.264766]

轨迹点 18:
  时间: 0.540000 秒
  关节位置: [-1.839487, 0.168926, 1.134535, -0.832474, -2.049950, -0.310168]
  关节速度: [0.405959, -0.435000, 0.181284, -0.195855, -0.116784, 0.116748]
  关节加速度: [-0.000000, 0.000000, -0.000000, 0.000000, -0.000000, -0.000000]
  笛卡尔位置: [0.331846, 0.781617, 0.519838]
  笛卡尔姿态: [-0.335429, 0.891648, 0.141619, 0.269064]

轨迹点 19:
  时间: 0.570000 秒
  关节位置: [-1.827308, 0.155876, 1.139974, -0.838350, -2.053453, -0.306666]
  关节速度: [0.405959, -0.435000, 0.181284, -0.195855, -0.116784, 0.116748]
  关节加速度: [0.000000, -0.000000, 0.000000, -0.000000, -0.000000, 0.000000]
  笛卡尔位置: [0.322470, 0.780196, 0.529797]
  笛卡尔姿态: [-0.339196, 0.888157, 0.146404, 0.273293]

轨迹点 20:
  时间: 0.600000 秒
  关节位置: [-1.815130, 0.142826, 1.145412, -0.844225, -2.056957, -0.303164]
  关节速度: [0.405959, -0.435000, 0.181284, -0.195855, -0.116784, 0.116748]
  关节加速度: [-0.000000, 0.000000, -0.000000, 0.000000, 0.000000, -0.000000]
  笛卡尔位置: [0.313143, 0.778538, 0.539684]
  笛卡尔姿态: [-0.342890, 0.884633, 0.151235, 0.277452]

轨迹点 21:
  时间: 0.630000 秒
  关节位置: [-1.802951, 0.129776, 1.150851, -0.850101, -2.060460, -0.299661]
  关节速度: [0.405959, -0.435000, 0.181284, -0.195855, -0.116784, 0.116748]
  关节加速度: [0.000000, -0.000000, 0.000000, -0.000000, -0.000000, 0.000000]
  笛卡尔位置: [0.303872, 0.776644, 0.549495]
  笛卡尔姿态: [-0.346511, 0.881075, 0.156112, 0.281542]

轨迹点 22:
  时间: 0.660000 秒
  关节位置: [-1.790772, 0.116726, 1.156289, -0.855977, -2.063964, -0.296159]
  关节速度: [0.405959, -0.435000, 0.181284, -0.195855, -0.116784, 0.116748]
  关节加速度: [0.000000, -0.000000, 0.000000, -0.000000, -0.000000, 0.000000]
  笛卡尔位置: [0.294662, 0.774516, 0.559230]
  笛卡尔姿态: [-0.350058, 0.877487, 0.161033, 0.285561]

轨迹点 23:
  时间: 0.690000 秒
  关节位置: [-1.778593, 0.103676, 1.161728, -0.861852, -2.067467, -0.292656]
  关节速度: [0.405959, -0.435000, 0.181284, -0.195855, -0.116784, 0.116748]
  关节加速度: [-0.000000, 0.000000, -0.000000, 0.000000, 0.000000, -0.000000]
  笛卡尔位置: [0.285521, 0.772156, 0.568886]
  笛卡尔姿态: [-0.353533, 0.873868, 0.165997, 0.289508]

轨迹点 24:
  时间: 0.720000 秒
  关节位置: [-1.766415, 0.090626, 1.167166, -0.867728, -2.070971, -0.289154]
  关节速度: [0.405959, -0.435000, 0.181284, -0.195855, -0.116784, 0.116748]
  关节加速度: [0.000000, -0.000000, 0.000000, -0.000000, -0.000000, 0.000000]
  笛卡尔位置: [0.276453, 0.769566, 0.578462]
  笛卡尔姿态: [-0.356933, 0.870220, 0.171005, 0.293383]

轨迹点 25:
  时间: 0.750000 秒
  关节位置: [-1.754236, 0.077576, 1.172605, -0.873603, -2.074474, -0.285651]
  关节速度: [0.405959, -0.435000, 0.181284, -0.195855, -0.116784, 0.116748]
  关节加速度: [0.000000, -0.000000, 0.000000, -0.000000, -0.000000, 0.000000]
  笛卡尔位置: [0.267464, 0.766748, 0.587956]
  笛卡尔姿态: [-0.360261, 0.866544, 0.176055, 0.297184]

轨迹点 26:
  时间: 0.780000 秒
  关节位置: [-1.742057, 0.064526, 1.178043, -0.879479, -2.077978, -0.282149]
  关节速度: [0.405959, -0.435000, 0.181284, -0.195855, -0.116784, 0.116748]
  关节加速度: [-0.000000, 0.000000, -0.000000, 0.000000, 0.000000, -0.000000]
  笛卡尔位置: [0.258562, 0.763705, 0.597365]
  笛卡尔姿态: [-0.363514, 0.862841, 0.181145, 0.300912]

轨迹点 27:
  时间: 0.810000 秒
  关节位置: [-1.729878, 0.051476, 1.183482, -0.885355, -2.081481, -0.278646]
  关节速度: [0.405959, -0.435000, 0.181284, -0.195855, -0.116784, 0.116748]
  关节加速度: [-0.000000, 0.000000, -0.000000, 0.000000, 0.000000, -0.000000]
  笛卡尔位置: [0.249751, 0.760440, 0.606689]
  笛卡尔姿态: [-0.366694, 0.859114, 0.186277, 0.304566]

轨迹点 28:
  时间: 0.840000 秒
  关节位置: [-1.717699, 0.038426, 1.188920, -0.891230, -2.084985, -0.275144]
  关节速度: [0.405959, -0.435000, 0.181284, -0.195855, -0.116784, 0.116748]
  关节加速度: [0.000000, -0.000000, 0.000000, -0.000000, -0.000000, 0.000000]
  笛卡尔位置: [0.241036, 0.756954, 0.615926]
  笛卡尔姿态: [-0.369800, 0.855361, 0.191447, 0.308144]

轨迹点 29:
  时间: 0.870000 秒
  关节位置: [-1.705521, 0.025376, 1.194359, -0.897106, -2.088488, -0.271642]
  关节速度: [0.405959, -0.435000, 0.181284, -0.195855, -0.116784, 0.116748]
  关节加速度: [0.000000, -0.000000, 0.000000, -0.000000, -0.000000, 0.000000]
  笛卡尔位置: [0.232425, 0.753251, 0.625073]
  笛卡尔姿态: [-0.372832, 0.851586, 0.196657, 0.311647]

轨迹点 30:
  时间: 0.900000 秒
  关节位置: [-1.693342, 0.012326, 1.199797, -0.902982, -2.091992, -0.268139]
  关节速度: [0.405959, -0.435000, 0.181284, -0.195855, -0.116784, 0.116748]
  关节加速度: [-0.000000, 0.000000, -0.000000, 0.000000, 0.000000, -0.000000]
  笛卡尔位置: [0.223922, 0.749335, 0.634129]
  笛卡尔姿态: [-0.375790, 0.847789, 0.201904, 0.315072]

轨迹点 31:
  时间: 0.930000 秒
  关节位置: [-1.681163, -0.000724, 1.205236, -0.908857, -2.095495, -0.264637]
  关节速度: [0.405959, -0.435000, 0.181284, -0.195855, -0.116784, 0.116748]
  关节加速度: [-0.000000, 0.000000, -0.000000, 0.000000, 0.000000, -0.000000]
  笛卡尔位置: [0.215533, 0.745207, 0.643093]
  笛卡尔姿态: [-0.378675, 0.843971, 0.207188, 0.318421]

轨迹点 32:
  时间: 0.960000 秒
  关节位置: [-1.668984, -0.013774, 1.210674, -0.914733, -2.098999, -0.261134]
  关节速度: [0.405959, -0.435000, 0.181284, -0.195855, -0.116784, 0.116748]
  关节加速度: [0.000000, -0.000000, 0.000000, -0.000000, -0.000000, 0.000000]
  笛卡尔位置: [0.207263, 0.740872, 0.651963]
  笛卡尔姿态: [-0.381485, 0.840133, 0.212508, 0.321692]

轨迹点 33:
  时间: 0.990000 秒
  关节位置: [-1.656805, -0.026824, 1.216113, -0.920609, -2.102503, -0.257632]
  关节速度: [0.405959, -0.435000, 0.181284, -0.195855, -0.116784, 0.116748]
  关节加速度: [-0.000000, 0.000000, -0.000000, 0.000000, 0.000000, -0.000000]
  笛卡尔位置: [0.199117, 0.736333, 0.660737]
  笛卡尔姿态: [-0.384222, 0.836277, 0.217863, 0.324884]

轨迹点 34:
  时间: 1.020000 秒
  关节位置: [-1.644627, -0.039874, 1.221551, -0.926484, -2.106006, -0.254129]
  关节速度: [0.405959, -0.435000, 0.181284, -0.195855, -0.116784, 0.116748]
  关节加速度: [0.000000, -0.000000, 0.000000, -0.000000, -0.000000, 0.000000]
  笛卡尔位置: [0.191101, 0.731594, 0.669413]
  笛卡尔姿态: [-0.386884, 0.832404, 0.223253, 0.327997]

轨迹点 35:
  时间: 1.050000 秒
  关节位置: [-1.632448, -0.052924, 1.226990, -0.932360, -2.109510, -0.250627]
  关节速度: [0.405959, -0.435000, 0.181284, -0.195855, -0.116784, 0.116748]
  关节加速度: [0.000000, -0.000000, 0.000000, -0.000000, -0.000000, 0.000000]
  笛卡尔位置: [0.183220, 0.726658, 0.677991]
  笛卡尔姿态: [-0.389474, 0.828515, 0.228675, 0.331031]

轨迹点 36:
  时间: 1.080000 秒
  关节位置: [-1.620269, -0.065974, 1.232428, -0.938236, -2.113013, -0.247124]
  关节速度: [0.405959, -0.435000, 0.181284, -0.195855, -0.116784, 0.116748]
  关节加速度: [-0.000000, 0.000000, -0.000000, 0.000000, 0.000000, -0.000000]
  笛卡尔位置: [0.175479, 0.721530, 0.686467]
  笛卡尔姿态: [-0.391989, 0.824611, 0.234130, 0.333983]

轨迹点 37:
  时间: 1.110000 秒
  关节位置: [-1.608090, -0.079024, 1.237867, -0.944111, -2.116517, -0.243622]
  关节速度: [0.405959, -0.435000, 0.181284, -0.195855, -0.116784, 0.116748]
  关节加速度: [0.000000, -0.000000, 0.000000, -0.000000, -0.000000, 0.000000]
  笛卡尔位置: [0.167883, 0.716213, 0.694842]
  笛卡尔姿态: [-0.394431, 0.820693, 0.239617, 0.336855]

轨迹点 38:
  时间: 1.140000 秒
  关节位置: [-1.595912, -0.092074, 1.243305, -0.949987, -2.120020, -0.240120]
  关节速度: [0.405959, -0.435000, 0.181284, -0.195855, -0.116784, 0.116748]
  关节加速度: [-0.000000, 0.000000, -0.000000, 0.000000, 0.000000, -0.000000]
  笛卡尔位置: [0.160436, 0.710712, 0.703113]
  笛卡尔姿态: [-0.396800, 0.816762, 0.245134, 0.339646]

轨迹点 39:
  时间: 1.170000 秒
  关节位置: [-1.583733, -0.105124, 1.248744, -0.955863, -2.123524, -0.236617]
  关节速度: [0.405959, -0.435000, 0.181284, -0.195855, -0.116784, 0.116748]
  关节加速度: [-0.000000, 0.000000, -0.000000, 0.000000, 0.000000, -0.000000]
  笛卡尔位置: [0.153143, 0.705030, 0.711278]
  笛卡尔姿态: [-0.399095, 0.812820, 0.250680, 0.342354]

轨迹点 40:
  时间: 1.200000 秒
  关节位置: [-1.571554, -0.118174, 1.254183, -0.961738, -2.127027, -0.233115]
  关节速度: [0.405959, -0.435000, 0.181284, -0.195855, -0.116784, 0.116748]
  关节加速度: [0.000000, -0.000000, 0.000000, -0.000000, -0.000000, 0.000000]
  笛卡尔位置: [0.146009, 0.699173, 0.719337]
  笛卡尔姿态: [-0.401318, 0.808867, 0.256255, 0.344980]

轨迹点 41:
  时间: 1.230000 秒
  关节位置: [-1.559375, -0.131224, 1.259621, -0.967614, -2.130531, -0.229612]
  关节速度: [0.405959, -0.435000, 0.181284, -0.195855, -0.116784, 0.116748]
  关节加速度: [-0.000000, 0.000000, -0.000000, 0.000000, 0.000000, -0.000000]
  笛卡尔位置: [0.139039, 0.693144, 0.727287]
  笛卡尔姿态: [-0.403467, 0.804906, 0.261857, 0.347523]

轨迹点 42:
  时间: 1.260000 秒
  关节位置: [-1.547196, -0.144274, 1.265060, -0.973489, -2.134034, -0.226110]
  关节速度: [0.405959, -0.435000, 0.181284, -0.195855, -0.116784, 0.116748]
  关节加速度: [-0.000000, 0.000000, -0.000000, 0.000000, 0.000000, -0.000000]
  笛卡尔位置: [0.132235, 0.686949, 0.735128]
  笛卡尔姿态: [-0.405544, 0.800936, 0.267486, 0.349981]

轨迹点 43:
  时间: 1.290000 秒
  关节位置: [-1.535018, -0.157324, 1.270498, -0.979365, -2.137538, -0.222607]
  关节速度: [0.405959, -0.435000, 0.181284, -0.195855, -0.116784, 0.116748]
  关节加速度: [0.000000, -0.000000, 0.000000, -0.000000, -0.000000, 0.000000]
  笛卡尔位置: [0.125604, 0.680592, 0.742857]
  笛卡尔姿态: [-0.407548, 0.796959, 0.273140, 0.352356]

轨迹点 44:
  时间: 1.320000 秒
  关节位置: [-1.522839, -0.170374, 1.275937, -0.985241, -2.141041, -0.219105]
  关节速度: [0.405959, -0.435000, 0.181284, -0.195855, -0.116784, 0.116748]
  关节加速度: [-0.000000, 0.000000, -0.000000, 0.000000, -0.000000, -0.000000]
  笛卡尔位置: [0.119148, 0.674079, 0.750474]
  笛卡尔姿态: [-0.409481, 0.792976, 0.278820, 0.354646]

轨迹点 45:
  时间: 1.350000 秒
  关节位置: [-1.510660, -0.183424, 1.281375, -0.991116, -2.144545, -0.215602]
  关节速度: [0.405959, -0.435000, 0.181284, -0.195855, -0.116784, 0.116748]
  关节加速度: [-0.000000, 0.000000, -0.000000, 0.000000, 0.000000, -0.000000]
  笛卡尔位置: [0.112871, 0.667414, 0.757977]
  笛卡尔姿态: [-0.411341, 0.788989, 0.284522, 0.356850]

轨迹点 46:
  时间: 1.380000 秒
  关节位置: [-1.498481, -0.196474, 1.286814, -0.996992, -2.148048, -0.212100]
  关节速度: [0.405959, -0.435000, 0.181284, -0.195855, -0.116784, 0.116748]
  关节加速度: [0.000000, -0.000000, 0.000000, -0.000000, -0.000000, 0.000000]
  笛卡尔位置: [0.106778, 0.660602, 0.765365]
  笛卡尔姿态: [-0.413129, 0.784998, 0.290247, 0.358969]

轨迹点 47:
  时间: 1.410000 秒
  关节位置: [-1.486303, -0.209524, 1.292252, -1.002868, -2.151552, -0.208598]
  关节速度: [0.405959, -0.435000, 0.181284, -0.195855, -0.116784, 0.116748]
  关节加速度: [0.000000, -0.000000, 0.000000, -0.000000, -0.000000, 0.000000]
  笛卡尔位置: [0.100872, 0.653648, 0.772636]
  笛卡尔姿态: [-0.414847, 0.781004, 0.295994, 0.361002]

轨迹点 48:
  时间: 1.440000 秒
  关节位置: [-1.474124, -0.222574, 1.297691, -1.008743, -2.155055, -0.205095]
  关节速度: [0.405959, -0.435000, 0.181284, -0.195855, -0.116784, 0.116748]
  关节加速度: [-0.000000, 0.000000, -0.000000, 0.000000, 0.000000, -0.000000]
  笛卡尔位置: [0.095157, 0.646558, 0.779790]
  笛卡尔姿态: [-0.416493, 0.777009, 0.301761, 0.362948]

轨迹点 49:
  时间: 1.470000 秒
  关节位置: [-1.461945, -0.235624, 1.303129, -1.014619, -2.158559, -0.201593]
  关节速度: [0.405959, -0.435000, 0.181284, -0.195855, -0.116784, 0.116748]
  关节加速度: [-0.000000, 0.000000, -0.000000, 0.000000, 0.000000, -0.000000]
  笛卡尔位置: [0.089635, 0.639338, 0.786824]
  笛卡尔姿态: [-0.418068, 0.773013, 0.307548, 0.364807]

轨迹点 50:
  时间: 1.500000 秒
  关节位置: [-1.449766, -0.248674, 1.308568, -1.020495, -2.162062, -0.198090]
  关节速度: [0.405959, -0.435000, 0.181284, -0.195855, -0.116784, 0.116748]
  关节加速度: [0.000000, -0.000000, 0.000000, -0.000000, -0.000000, 0.000000]
  笛卡尔位置: [0.084310, 0.631992, 0.793737]
  笛卡尔姿态: [-0.419573, 0.769017, 0.313353, 0.366579]

轨迹点 51:
  时间: 1.530000 秒
  关节位置: [-1.437587, -0.261724, 1.314006, -1.026370, -2.165566, -0.194588]
  关节速度: [0.405959, -0.435000, 0.181284, -0.195855, -0.116784, 0.116748]
  关节加速度: [-0.000000, 0.000000, -0.000000, 0.000000, 0.000000, -0.000000]
  笛卡尔位置: [0.079186, 0.624526, 0.800529]
  笛卡尔姿态: [-0.421008, 0.765024, 0.319176, 0.368263]

轨迹点 52:
  时间: 1.560000 秒
  关节位置: [-1.425409, -0.274774, 1.319445, -1.032246, -2.169069, -0.191085]
  关节速度: [0.405959, -0.435000, 0.181284, -0.195855, -0.116784, 0.116748]
  关节加速度: [-0.000000, 0.000000, -0.000000, 0.000000, 0.000000, -0.000000]
  笛卡尔位置: [0.074264, 0.616946, 0.807198]
  笛卡尔姿态: [-0.422373, 0.761033, 0.325015, 0.369859]

轨迹点 53:
  时间: 1.590000 秒
  关节位置: [-1.413230, -0.287824, 1.324883, -1.038122, -2.172573, -0.187583]
  关节速度: [0.405959, -0.435000, 0.181284, -0.195855, -0.116784, 0.116748]
  关节加速度: [0.000000, -0.000000, 0.000000, -0.000000, -0.000000, 0.000000]
  笛卡尔位置: [0.069548, 0.609258, 0.813743]
  笛卡尔姿态: [-0.423669, 0.757046, 0.330869, 0.371366]

轨迹点 54:
  时间: 1.620000 秒
  关节位置: [-1.401051, -0.300874, 1.330322, -1.043997, -2.176076, -0.184080]
  关节速度: [0.405959, -0.435000, 0.181284, -0.195855, -0.116784, 0.116748]
  关节加速度: [0.000000, -0.000000, 0.000000, -0.000000, -0.000000, 0.000000]
  笛卡尔位置: [0.065040, 0.601467, 0.820163]
  笛卡尔姿态: [-0.424896, 0.753063, 0.336737, 0.372784]

轨迹点 55:
  时间: 1.650000 秒
  关节位置: [-1.388872, -0.313924, 1.335760, -1.049873, -2.179580, -0.180578]
  关节速度: [0.405959, -0.435000, 0.181284, -0.195855, -0.116784, 0.116748]
  关节加速度: [-0.000000, 0.000000, -0.000000, 0.000000, 0.000000, -0.000000]
  笛卡尔位置: [0.060743, 0.593580, 0.826456]
  笛卡尔姿态: [-0.426054, 0.749086, 0.342619, 0.374112]

轨迹点 56:
  时间: 1.680000 秒
  关节位置: [-1.376693, -0.326974, 1.341199, -1.055749, -2.183083, -0.177076]
  关节速度: [0.405959, -0.435000, 0.181284, -0.195855, -0.116784, 0.116748]
  关节加速度: [-0.000000, 0.000000, -0.000000, 0.000000, 0.000000, -0.000000]
  笛卡尔位置: [0.056659, 0.585601, 0.832622]
  笛卡尔姿态: [-0.427145, 0.745116, 0.348512, 0.375351]

轨迹点 57:
  时间: 1.710000 秒
  关节位置: [-1.364515, -0.340024, 1.346637, -1.061624, -2.186587, -0.173573]
  关节速度: [0.405959, -0.435000, 0.181284, -0.195855, -0.116784, 0.116748]
  关节加速度: [-0.000000, 0.000000, -0.000000, 0.000000, 0.000000, -0.000000]
  笛卡尔位置: [0.052790, 0.577538, 0.838659]
  笛卡尔姿态: [-0.428168, 0.741154, 0.354417, 0.376500]

轨迹点 58:
  时间: 1.740000 秒
  关节位置: [-1.352336, -0.353074, 1.352076, -1.067500, -2.190090, -0.170071]
  关节速度: [0.405959, -0.435000, 0.181284, -0.195855, -0.116784, 0.116748]
  关节加速度: [-0.000000, 0.000000, -0.000000, 0.000000, 0.000000, -0.000000]
  笛卡尔位置: [0.049137, 0.569396, 0.844567]
  笛卡尔姿态: [-0.429123, 0.737200, 0.360332, 0.377559]

轨迹点 59:
  时间: 1.770000 秒
  关节位置: [-1.340157, -0.366124, 1.357514, -1.073375, -2.193594, -0.166568]
  关节速度: [0.405959, -0.435000, 0.181284, -0.195855, -0.116784, 0.116748]
  关节加速度: [0.000000, -0.000000, 0.000000, -0.000000, -0.000000, 0.000000]
  笛卡尔位置: [0.045704, 0.561181, 0.850344]
  笛卡尔姿态: [-0.430012, 0.733256, 0.366255, 0.378527]

轨迹点 60:
  时间: 1.800000 秒
  关节位置: [-1.327978, -0.379174, 1.362953, -1.079251, -2.197098, -0.163066]
  关节速度: [0.405959, -0.435000, 0.181284, -0.195855, -0.116784, 0.116748]
  关节加速度: [-0.000000, 0.000000, -0.000000, 0.000000, 0.000000, -0.000000]
  笛卡尔位置: [0.042491, 0.552900, 0.855989]
  笛卡尔姿态: [-0.430835, 0.729322, 0.372186, 0.379405]

轨迹点 61:
  时间: 1.830000 秒
  关节位置: [-1.315800, -0.392224, 1.368392, -1.085127, -2.200601, -0.159563]
  关节速度: [0.405959, -0.435000, 0.181284, -0.195855, -0.116784, 0.116748]
  关节加速度: [0.000000, -0.000000, 0.000000, -0.000000, -0.000000, 0.000000]
  笛卡尔位置: [0.039499, 0.544558, 0.861502]
  笛卡尔姿态: [-0.431592, 0.725400, 0.378124, 0.380191]

轨迹点 62:
  时间: 1.860000 秒
  关节位置: [-1.303621, -0.405274, 1.373830, -1.091002, -2.204105, -0.156061]
  关节速度: [0.405959, -0.435000, 0.181284, -0.195855, -0.116784, 0.116748]
  关节加速度: [0.000000, -0.000000, 0.000000, -0.000000, -0.000000, 0.000000]
  笛卡尔位置: [0.036731, 0.536162, 0.866882]
  笛卡尔姿态: [-0.432284, 0.721491, 0.384067, 0.380886]

轨迹点 63:
  时间: 1.890000 秒
  关节位置: [-1.291442, -0.418324, 1.379269, -1.096878, -2.207608, -0.152558]
  关节速度: [0.405959, -0.435000, 0.181284, -0.195855, -0.116784, 0.116748]
  关节加速度: [-0.000000, 0.000000, -0.000000, 0.000000, 0.000000, -0.000000]
  笛卡尔位置: [0.034187, 0.527718, 0.872127]
  笛卡尔姿态: [-0.432912, 0.717595, 0.390014, 0.381489]

轨迹点 64:
  时间: 1.920000 秒
  关节位置: [-1.279263, -0.431374, 1.384707, -1.102754, -2.211112, -0.149056]
  关节速度: [0.405959, -0.435000, 0.181284, -0.195855, -0.116784, 0.116748]
  关节加速度: [-0.000000, 0.000000, -0.000000, 0.000000, 0.000000, -0.000000]
  笛卡尔位置: [0.031868, 0.519232, 0.877237]
  笛卡尔姿态: [-0.433475, 0.713713, 0.395965, 0.382001]

轨迹点 65:
  时间: 1.950000 秒
  关节位置: [-1.267084, -0.444424, 1.390146, -1.108629, -2.214615, -0.145554]
  关节速度: [0.405959, -0.435000, 0.181284, -0.195855, -0.116784, 0.116748]
  关节加速度: [0.000000, -0.000000, 0.000000, -0.000000, -0.000000, 0.000000]
  笛卡尔位置: [0.029774, 0.510711, 0.882211]
  笛卡尔姿态: [-0.433975, 0.709846, 0.401918, 0.382421]

轨迹点 66:
  时间: 1.980000 秒
  关节位置: [-1.254906, -0.457474, 1.395584, -1.114505, -2.218119, -0.142051]
  关节速度: [0.405959, -0.435000, 0.181284, -0.195855, -0.116784, 0.116748]
  关节加速度: [-0.000000, 0.000000, -0.000000, 0.000000, 0.000000, -0.000000]
  笛卡尔位置: [0.027908, 0.502161, 0.887048]
  笛卡尔姿态: [-0.434412, 0.705996, 0.407873, 0.382748]

轨迹点 67:
  时间: 2.010000 秒
  关节位置: [-1.242728, -0.470523, 1.401022, -1.120380, -2.221622, -0.138549]
  关节速度: [0.405604, -0.434619, 0.181125, -0.195683, -0.116682, 0.116646]
  关节加速度: [-0.079727, 0.085430, -0.035603, 0.038464, 0.022935, -0.022928]
  笛卡尔位置: [0.026268, 0.493589, 0.891746]
  笛卡尔姿态: [-0.434786, 0.702163, 0.413826, 0.382983]

轨迹点 68:
  时间: 2.040000 秒
  关节位置: [-1.230654, -0.483461, 1.406414, -1.126205, -2.225095, -0.135077]
  关节速度: [0.397093, -0.425500, 0.177325, -0.191578, -0.114233, 0.114198]
  关节加速度: [-0.517685, 0.554718, -0.231176, 0.249757, 0.148924, -0.148879]
  笛卡尔位置: [0.024866, 0.485074, 0.896268]
  笛卡尔姿态: [-0.435097, 0.698380, 0.419728, 0.383125]

轨迹点 69:
  时间: 2.070000 秒
  关节位置: [-1.219044, -0.495901, 1.411598, -1.131807, -2.228435, -0.131738]
  关节速度: [0.374858, -0.401674, 0.167396, -0.180850, -0.107837, 0.107804]
  关节加速度: [-0.924065, 0.990169, -0.412648, 0.445815, 0.265829, -0.265748]
  笛卡尔位置: [0.023728, 0.476876, 0.900488]
  笛卡尔姿态: [-0.435339, 0.694759, 0.425401, 0.383176]

轨迹点 70:
  时间: 2.100000 秒
  关节位置: [-1.208231, -0.507488, 1.416427, -1.137023, -2.231546, -0.128628]
  关节速度: [0.346205, -0.370971, 0.154600, -0.167026, -0.099594, 0.099564]
  关节加速度: [-0.874913, 0.937500, -0.390699, 0.422101, 0.251690, -0.251612]
  笛卡尔位置: [0.022854, 0.469238, 0.904303]
  笛卡尔姿态: [-0.435514, 0.691404, 0.430681, 0.383147]

轨迹点 71:
  时间: 2.130000 秒
  关节位置: [-1.198239, -0.518195, 1.420889, -1.141844, -2.234420, -0.125754]
  关节速度: [0.319958, -0.342846, 0.142879, -0.154363, -0.092043, 0.092015]
  关节加速度: [-0.874913, 0.937500, -0.390699, 0.422101, 0.251690, -0.251612]
  笛卡尔位置: [0.022205, 0.462180, 0.907730]
  笛卡尔姿态: [-0.435635, 0.688317, 0.435558, 0.383056]

轨迹点 72:
  时间: 2.160000 秒
  关节位置: [-1.189034, -0.528058, 1.425000, -1.146285, -2.237068, -0.123107]
  关节速度: [0.293710, -0.314721, 0.131158, -0.141700, -0.084493, 0.084467]
  关节加速度: [-0.874913, 0.937500, -0.390699, 0.422101, 0.251690, -0.251612]
  笛卡尔位置: [0.021743, 0.455682, 0.910803]
  笛卡尔姿态: [-0.435710, 0.685485, 0.440048, 0.382916]

轨迹点 73:
  时间: 2.190000 秒
  关节位置: [-1.180616, -0.537078, 1.428759, -1.150346, -2.239490, -0.120686]
  关节速度: [0.267463, -0.286596, 0.119437, -0.129037, -0.076942, 0.076919]
  关节加速度: [-0.874913, 0.937500, -0.390699, 0.422101, 0.251690, -0.251612]
  笛卡尔位置: [0.021433, 0.449746, 0.913543]
  笛卡尔姿态: [-0.435749, 0.682907, 0.444150, 0.382742]

轨迹点 74:
  时间: 2.220000 秒
  关节位置: [-1.172986, -0.545254, 1.432166, -1.154027, -2.241685, -0.118492]
  关节速度: [0.241215, -0.258471, 0.107716, -0.116374, -0.069391, 0.069370]
  关节加速度: [-0.874913, 0.937500, -0.390699, 0.422101, 0.251690, -0.251612]
  笛卡尔位置: [0.021245, 0.444372, 0.915968]
  笛卡尔姿态: [-0.435761, 0.680579, 0.447866, 0.382546]

轨迹点 75:
  时间: 2.250000 秒
  关节位置: [-1.166143, -0.552586, 1.435222, -1.157328, -2.243653, -0.116524]
  关节速度: [0.214968, -0.230346, 0.095996, -0.103711, -0.061841, 0.061822]
  关节加速度: [-0.874913, 0.937500, -0.390699, 0.422101, 0.251690, -0.251612]
  笛卡尔位置: [0.021152, 0.439558, 0.918095]
  笛卡尔姿态: [-0.435752, 0.678498, 0.451195, 0.382339]

轨迹点 76:
  时间: 2.280000 秒
  关节位置: [-1.160088, -0.559075, 1.437926, -1.160250, -2.245395, -0.114783]
  关节速度: [0.188721, -0.202221, 0.084275, -0.091048, -0.054290, 0.054273]
  关节加速度: [-0.874913, 0.937500, -0.390699, 0.422101, 0.251690, -0.251612]
  笛卡尔位置: [0.021128, 0.435305, 0.919940]
  笛卡尔姿态: [-0.435729, 0.676663, 0.454140, 0.382131]

轨迹点 77:
  时间: 2.310000 秒
  关节位置: [-1.154820, -0.564720, 1.440278, -1.162791, -2.246911, -0.113268]
  关节速度: [0.162473, -0.174096, 0.072554, -0.078385, -0.046739, 0.046725]
  关节加速度: [-0.874913, 0.937500, -0.390699, 0.422101, 0.251690, -0.251612]
  笛卡尔位置: [0.021153, 0.431610, 0.921516]
  笛卡尔姿态: [-0.435697, 0.675072, 0.456699, 0.381932]

轨迹点 78:
  时间: 2.340000 秒
  关节位置: [-1.150339, -0.569521, 1.442279, -1.164953, -2.248200, -0.111979]
  关节速度: [0.136226, -0.145971, 0.060833, -0.065722, -0.039189, 0.039177]
  关节加速度: [-0.874913, 0.937500, -0.390699, 0.422101, 0.251690, -0.251612]
  笛卡尔位置: [0.021207, 0.428472, 0.922836]
  笛卡尔姿态: [-0.435662, 0.673721, 0.458875, 0.381749]

轨迹点 79:
  时间: 2.370000 秒
  关节位置: [-1.146646, -0.573478, 1.443928, -1.166735, -2.249262, -0.110917]
  关节速度: [0.109979, -0.117846, 0.049112, -0.053059, -0.031638, 0.031628]
  关节加速度: [-0.874913, 0.937500, -0.390699, 0.422101, 0.251690, -0.251612]
  笛卡尔位置: [0.021274, 0.425888, 0.923909]
  笛卡尔姿态: [-0.435627, 0.672611, 0.460667, 0.381588]

轨迹点 80:
  时间: 2.400000 秒
  关节位置: [-1.143741, -0.576591, 1.445226, -1.168137, -2.250098, -0.110082]
  关节速度: [0.083731, -0.089721, 0.037391, -0.040396, -0.024087, 0.024080]
  关节加速度: [-0.874913, 0.937500, -0.390699, 0.422101, 0.251690, -0.251612]
  笛卡尔位置: [0.021341, 0.423857, 0.924744]
  笛卡尔姿态: [-0.435596, 0.671739, 0.462077, 0.381456]

轨迹点 81:
  时间: 2.430000 秒
  关节位置: [-1.141582, -0.578877, 1.446268, -1.169072, -2.250582, -0.109409]
  关节速度: [0.061129, -0.062965, 0.034533, -0.019680, -0.004895, 0.022375]
  关节加速度: [-0.681928, 0.873078, 0.101429, 0.879518, 0.908224, 0.072930]
  笛卡尔位置: [0.021292, 0.422445, 0.925281]
  笛卡尔姿态: [-0.435687, 0.671076, 0.463045, 0.381343]

轨迹点 82:
  时间: 2.460000 秒
  关节位置: [-1.140054, -0.580369, 1.447364, -1.169248, -2.250296, -0.108696]
  关节速度: [0.040523, -0.036286, 0.038444, 0.008044, 0.024034, 0.025139]
  关节加速度: [-0.718177, 0.913688, 0.090280, 0.903840, 0.927490, 0.065844]
  笛卡尔位置: [0.020772, 0.421879, 0.925300]
  笛卡尔姿态: [-0.436283, 0.670537, 0.463370, 0.381215]

轨迹点 83:
  时间: 2.490000 秒
  关节位置: [-1.139180, -0.581039, 1.448516, -1.168637, -2.249211, -0.107939]
  关节速度: [0.017168, -0.008214, 0.036701, 0.031092, 0.045989, 0.024180]
  关节加速度: [-0.841464, 0.947263, -0.245725, 0.582312, 0.470158, -0.155811]
  笛卡尔位置: [0.019757, 0.422189, 0.924783]
  笛卡尔姿态: [-0.437403, 0.670125, 0.463028, 0.381072]

轨迹点 84:
  时间: 2.520000 秒
  关节位置: [-1.139060, -0.580862, 1.449439, -1.167515, -2.247720, -0.107328]
  关节速度: [-0.009663, 0.019958, 0.023070, 0.041800, 0.050815, 0.015371]
  关节加速度: [-0.921726, 0.936274, -0.558133, 0.245972, 0.008138, -0.362188]
  笛卡尔位置: [0.018571, 0.423154, 0.923942]
  笛卡尔姿态: [-0.438693, 0.669915, 0.462212, 0.380949]

轨迹点 85:
  时间: 2.550000 秒
  关节位置: [-1.139752, -0.579842, 1.449923, -1.166106, -2.246130, -0.107002]
  关节速度: [-0.035899, 0.048047, 0.011286, 0.054365, 0.058242, 0.007780]
  关节加速度: [-0.806156, 0.936656, -0.152325, 0.670559, 0.596172, -0.094206]
  笛卡尔位置: [0.017468, 0.424591, 0.922940]
  笛卡尔姿态: [-0.439878, 0.669964, 0.461078, 0.380870]

轨迹点 86:
  时间: 2.580000 秒
  关节位置: [-1.141170, -0.577979, 1.450273, -1.164090, -2.243999, -0.106758]
  关节速度: [-0.057931, 0.076163, 0.014301, 0.082426, 0.087126, 0.009963]
  关节加速度: [-0.680520, 0.937654, 0.290493, 1.134383, 1.238342, 0.198220]
  笛卡尔位置: [0.016092, 0.426760, 0.921528]
  笛卡尔姿态: [-0.441350, 0.670192, 0.459401, 0.380792]

轨迹点 87:
  时间: 2.610000 秒
  关节位置: [-1.143215, -0.575272, 1.450828, -1.161111, -2.240834, -0.106373]
  关节速度: [-0.078653, 0.104292, 0.021941, 0.115333, 0.122719, 0.015200]
  关节加速度: [-0.707009, 0.937479, 0.197230, 1.036726, 1.103123, 0.136632]
  笛卡尔位置: [0.014050, 0.429947, 0.919413]
  笛卡尔姿态: [-0.443545, 0.670511, 0.456928, 0.380656]

轨迹点 88:
  时间: 2.640000 秒
  关节位置: [-1.145893, -0.571722, 1.451575, -1.157185, -2.236656, -0.105856]
  关节速度: [-0.099863, 0.132416, 0.027858, 0.146434, 0.155813, 0.019299]
  关节加速度: [-0.707004, 0.937473, 0.197228, 1.036720, 1.103116, 0.136631]
  笛卡尔位置: [0.011374, 0.434136, 0.916582]
  笛卡尔姿态: [-0.446440, 0.670923, 0.453667, 0.380448]

轨迹点 89:
  时间: 2.670000 秒
  关节位置: [-1.149207, -0.567327, 1.452499, -1.152325, -2.231486, -0.105215]
  关节速度: [-0.121073, 0.160540, 0.033775, 0.177536, 0.188907, 0.023398]
  关节加速度: [-0.707026, 0.937502, 0.197235, 1.036752, 1.103151, 0.136635]
  笛卡尔位置: [0.008101, 0.439307, 0.913010]
  笛卡尔姿态: [-0.450007, 0.671432, 0.449625, 0.380146]

轨迹点 90:
  时间: 2.700000 秒
  关节位置: [-1.153157, -0.562089, 1.453601, -1.146532, -2.225322, -0.104452]
  关节速度: [-0.142284, 0.188666, 0.039692, 0.208639, 0.222001, 0.027497]
  关节加速度: [-0.707025, 0.937500, 0.197234, 1.036750, 1.103148, 0.136635]
  笛卡尔位置: [0.004257, 0.445450, 0.908654]
  笛卡尔姿态: [-0.454237, 0.672036, 0.444800, 0.379723]

轨迹点 91:
  时间: 2.730000 秒
  关节位置: [-1.157744, -0.556007, 1.454881, -1.139807, -2.218166, -0.103566]
  关节速度: [-0.163495, 0.216790, 0.045609, 0.239741, 0.255095, 0.031596]
  关节加速度: [-0.707018, 0.937492, 0.197232, 1.036740, 1.103138, 0.136634]
  笛卡尔位置: [-0.000129, 0.452552, 0.903465]
  笛卡尔姿态: [-0.459118, 0.672735, 0.439188, 0.379146]

轨迹点 92:
  时间: 2.760000 秒
  关节位置: [-1.162967, -0.549082, 1.456338, -1.132148, -2.210016, -0.102556]
  关节速度: [-0.184705, 0.244915, 0.051526, 0.270843, 0.288190, 0.035695]
  关节加速度: [-0.707019, 0.937493, 0.197233, 1.036742, 1.103139, 0.136634]
  笛卡尔位置: [-0.005021, 0.460596, 0.897387]
  笛卡尔姿态: [-0.464637, 0.673528, 0.432787, 0.378376]

轨迹点 93:
  时间: 2.790000 秒
  关节位置: [-1.168826, -0.541312, 1.457972, -1.123556, -2.200874, -0.101424]
  关节速度: [-0.205916, 0.273040, 0.057443, 0.301946, 0.321284, 0.039794]
  关节加速度: [-0.707023, 0.937498, 0.197234, 1.036748, 1.103146, 0.136634]
  笛卡尔位置: [-0.010380, 0.469561, 0.890356]
  笛卡尔姿态: [-0.470776, 0.674412, 0.425595, 0.377369]

轨迹点 94:
  时间: 2.820000 秒
  关节位置: [-1.175322, -0.532699, 1.459784, -1.114031, -2.190739, -0.100169]
  关节速度: [-0.227126, 0.301165, 0.063360, 0.333048, 0.354378, 0.043893]
  关节加速度: [-0.707018, 0.937491, 0.197232, 1.036739, 1.103137, 0.136633]
  笛卡尔位置: [-0.016159, 0.479417, 0.882302]
  笛卡尔姿态: [-0.477515, 0.675387, 0.417609, 0.376078]

轨迹点 95:
  时间: 2.850000 秒
  关节位置: [-1.182454, -0.523243, 1.461774, -1.103573, -2.179612, -0.098790]
  关节速度: [-0.248337, 0.329290, 0.069277, 0.364150, 0.387472, 0.047992]
  关节加速度: [-0.707017, 0.937490, 0.197232, 1.036739, 1.103137, 0.136633]
  笛卡尔位置: [-0.022308, 0.490131, 0.873152]
  笛卡尔姿态: [-0.484833, 0.676450, 0.408829, 0.374447]

轨迹点 96:
  时间: 2.880000 秒
  关节位置: [-1.190222, -0.512942, 1.463941, -1.092182, -2.167491, -0.097289]
  关节速度: [-0.269548, 0.357414, 0.075194, 0.395253, 0.420566, 0.052091]
  关节加速度: [-0.707022, 0.937497, 0.197234, 1.036746, 1.103145, 0.136634]
  笛卡尔位置: [-0.028773, 0.501660, 0.862828]
  笛卡尔姿态: [-0.492704, 0.677600, 0.399255, 0.372419]

轨迹点 97:
  时间: 2.910000 秒
  关节位置: [-1.198623, -0.501803, 1.466284, -1.079864, -2.154383, -0.095666]
  关节速度: [-0.289632, 0.384047, 0.080797, 0.424704, 0.451904, 0.055972]
  关节加速度: [-0.489576, 0.649168, 0.136574, 0.717893, 0.763871, 0.094612]
  笛卡尔位置: [-0.035490, 0.513948, 0.851253]
  笛卡尔姿态: [-0.501095, 0.678833, 0.388896, 0.369931]

轨迹点 98:
  时间: 2.940000 秒
  关节位置: [-1.207459, -0.490087, 1.468749, -1.066907, -2.140597, -0.093958]
  关节速度: [-0.297399, 0.394344, 0.082963, 0.436092, 0.464022, 0.057473]
  关节加速度: [-0.084621, 0.112206, 0.023606, 0.124085, 0.132032, 0.016353]
  笛卡尔位置: [-0.042248, 0.526651, 0.838634]
  笛卡尔姿态: [-0.509782, 0.680118, 0.377999, 0.366985]

轨迹点 99:
  时间: 2.970000 秒
  关节位置: [-1.216391, -0.478242, 1.471241, -1.053809, -2.126660, -0.092232]
  关节速度: [-0.297515, 0.394499, 0.082996, 0.436263, 0.464204, 0.057496]
  关节加速度: [0.039775, -0.052740, -0.011096, -0.058324, -0.062059, -0.007687]
  笛卡尔位置: [-0.048763, 0.539245, 0.825425]
  笛卡尔姿态: [-0.518415, 0.681405, 0.366987, 0.363666]

轨迹点 100:
  时间: 3.000000 秒
  关节位置: [-1.225301, -0.466428, 1.473727, -1.040744, -2.112759, -0.090510]
  关节速度: [-0.296654, 0.393357, 0.082756, 0.435000, 0.462859, 0.057329]
  关节加速度: [0.000000, -0.000000, -0.000000, -0.000000, -0.000000, -0.000000]
  笛卡尔位置: [-0.054945, 0.551538, 0.811816]
  笛卡尔姿态: [-0.526872, 0.682676, 0.356016, 0.360016]

轨迹点 101:
  时间: 3.030000 秒
  关节位置: [-1.234200, -0.454628, 1.476209, -1.027694, -2.098873, -0.088790]
  关节速度: [-0.296654, 0.393357, 0.082756, 0.435000, 0.462859, 0.057329]
  关节加速度: [-0.000000, 0.000000, 0.000000, 0.000000, 0.000000, 0.000000]
  笛卡尔位置: [-0.060809, 0.563530, 0.797805]
  笛卡尔姿态: [-0.535163, 0.683932, 0.345076, 0.356033]

轨迹点 102:
  时间: 3.060000 秒
  关节位置: [-1.243100, -0.442827, 1.478692, -1.014644, -2.084987, -0.087070]
  关节速度: [-0.296654, 0.393357, 0.082756, 0.435000, 0.462859, 0.057329]
  关节加速度: [-0.000000, 0.000000, 0.000000, 0.000000, 0.000000, 0.000000]
  笛卡尔位置: [-0.066365, 0.575219, 0.783394]
  笛卡尔姿态: [-0.543293, 0.685175, 0.334163, 0.351716]

轨迹点 103:
  时间: 3.090000 秒
  关节位置: [-1.252000, -0.431026, 1.481175, -1.001594, -2.071101, -0.085350]
  关节速度: [-0.296654, 0.393357, 0.082756, 0.435000, 0.462859, 0.057329]
  关节加速度: [0.000000, -0.000000, -0.000000, -0.000000, -0.000000, -0.000000]
  笛卡尔位置: [-0.071618, 0.586586, 0.768600]
  笛卡尔姿态: [-0.551257, 0.686403, 0.323281, 0.347068]

轨迹点 104:
  时间: 3.120000 秒
  关节位置: [-1.260899, -0.419225, 1.483657, -0.988544, -2.057216, -0.083630]
  关节速度: [-0.296654, 0.393357, 0.082756, 0.435000, 0.462859, 0.057329]
  关节加速度: [0.000000, -0.000000, -0.000000, -0.000000, -0.000000, -0.000000]
  笛卡尔位置: [-0.076574, 0.597615, 0.753441]
  笛卡尔姿态: [-0.559052, 0.687617, 0.312439, 0.342092]

轨迹点 105:
  时间: 3.150000 秒
  关节位置: [-1.269799, -0.407425, 1.486140, -0.975494, -2.043330, -0.081911]
  关节速度: [-0.296654, 0.393357, 0.082756, 0.435000, 0.462859, 0.057329]
  关节加速度: [-0.000000, 0.000000, 0.000000, 0.000000, 0.000000, 0.000000]
  笛卡尔位置: [-0.081238, 0.608290, 0.737935]
  笛卡尔姿态: [-0.566673, 0.688815, 0.301642, 0.336790]

轨迹点 106:
  时间: 3.180000 秒
  关节位置: [-1.278699, -0.395624, 1.488623, -0.962444, -2.029444, -0.080191]
  关节速度: [-0.296654, 0.393357, 0.082756, 0.435000, 0.462859, 0.057329]
  关节加速度: [0.000000, -0.000000, -0.000000, -0.000000, -0.000000, -0.000000]
  笛卡尔位置: [-0.085617, 0.618596, 0.722100]
  笛卡尔姿态: [-0.574118, 0.689997, 0.290897, 0.331166]

轨迹点 107:
  时间: 3.210000 秒
  关节位置: [-1.287598, -0.383823, 1.491105, -0.949394, -2.015558, -0.078471]
  关节速度: [-0.296654, 0.393357, 0.082756, 0.435000, 0.462859, 0.057329]
  关节加速度: [0.000000, -0.000000, -0.000000, -0.000000, -0.000000, -0.000000]
  笛卡尔位置: [-0.089719, 0.628519, 0.705956]
  笛卡尔姿态: [-0.581382, 0.691164, 0.280211, 0.325222]

轨迹点 108:
  时间: 3.240000 秒
  关节位置: [-1.296498, -0.372023, 1.493588, -0.936344, -2.001672, -0.076751]
  关节速度: [-0.296654, 0.393357, 0.082756, 0.435000, 0.462859, 0.057329]
  关节加速度: [-0.000000, 0.000000, 0.000000, 0.000000, 0.000000, 0.000000]
  笛卡尔位置: [-0.093551, 0.638043, 0.689522]
  笛卡尔姿态: [-0.588461, 0.692312, 0.269591, 0.318964]

轨迹点 109:
  时间: 3.270000 秒
  关节位置: [-1.305397, -0.360222, 1.496071, -0.923294, -1.987787, -0.075031]
  关节速度: [-0.296654, 0.393357, 0.082756, 0.435000, 0.462859, 0.057329]
  关节加速度: [-0.000000, 0.000000, 0.000000, 0.000000, 0.000000, 0.000000]
  笛卡尔位置: [-0.097121, 0.647158, 0.672817]
  笛卡尔姿态: [-0.595352, 0.693444, 0.259041, 0.312393]

轨迹点 110:
  时间: 3.300000 秒
  关节位置: [-1.314297, -0.348421, 1.498553, -0.910244, -1.973901, -0.073311]
  关节速度: [-0.296654, 0.393357, 0.082756, 0.435000, 0.462859, 0.057329]
  关节加速度: [0.000000, -0.000000, -0.000000, -0.000000, -0.000000, -0.000000]
  笛卡尔位置: [-0.100440, 0.655851, 0.655862]
  笛卡尔姿态: [-0.602051, 0.694556, 0.248569, 0.305514]

轨迹点 111:
  时间: 3.330000 秒
  关节位置: [-1.323197, -0.336621, 1.501036, -0.897194, -1.960015, -0.071591]
  关节速度: [-0.296654, 0.393357, 0.082756, 0.435000, 0.462859, 0.057329]
  关节加速度: [-0.000000, 0.000000, 0.000000, 0.000000, 0.000000, 0.000000]
  笛卡尔位置: [-0.103516, 0.664110, 0.638677]
  笛卡尔姿态: [-0.608555, 0.695650, 0.238181, 0.298332]

轨迹点 112:
  时间: 3.360000 秒
  关节位置: [-1.332096, -0.324820, 1.503519, -0.884144, -1.946129, -0.069871]
  关节速度: [-0.296654, 0.393357, 0.082756, 0.435000, 0.462859, 0.057329]
  关节加速度: [-0.000000, 0.000000, 0.000000, 0.000000, 0.000000, 0.000000]
  笛卡尔位置: [-0.106360, 0.671926, 0.621281]
  笛卡尔姿态: [-0.614860, 0.696723, 0.227882, 0.290850]

轨迹点 113:
  时间: 3.390000 秒
  关节位置: [-1.340996, -0.313019, 1.506001, -0.871094, -1.932243, -0.068151]
  关节速度: [-0.296654, 0.393357, 0.082756, 0.435000, 0.462859, 0.057329]
  关节加速度: [0.000000, -0.000000, -0.000000, -0.000000, -0.000000, -0.000000]
  笛卡尔位置: [-0.108981, 0.679289, 0.603696]
  笛卡尔姿态: [-0.620963, 0.697776, 0.217680, 0.283072]

轨迹点 114:
  时间: 3.420000 秒
  关节位置: [-1.349895, -0.301218, 1.508484, -0.858044, -1.918358, -0.066432]
  关节速度: [-0.296654, 0.393357, 0.082756, 0.435000, 0.462859, 0.057329]
  关节加速度: [-0.000000, 0.000000, 0.000000, 0.000000, 0.000000, 0.000000]
  笛卡尔位置: [-0.111392, 0.686192, 0.585942]
  笛卡尔姿态: [-0.626860, 0.698806, 0.207579, 0.275004]

轨迹点 115:
  时间: 3.450000 秒
  关节位置: [-1.358795, -0.289418, 1.510967, -0.844994, -1.904472, -0.064712]
  关节速度: [-0.296654, 0.393357, 0.082756, 0.435000, 0.462859, 0.057329]
  关节加速度: [-0.000000, 0.000000, 0.000000, 0.000000, 0.000000, 0.000000]
  笛卡尔位置: [-0.113603, 0.692626, 0.568041]
  笛卡尔姿态: [-0.632549, 0.699815, 0.197585, 0.266650]

轨迹点 116:
  时间: 3.480000 秒
  关节位置: [-1.367695, -0.277617, 1.513449, -0.831944, -1.890586, -0.062992]
  关节速度: [-0.296654, 0.393357, 0.082756, 0.435000, 0.462859, 0.057329]
  关节加速度: [0.000000, -0.000000, -0.000000, -0.000000, -0.000000, -0.000000]
  笛卡尔位置: [-0.115625, 0.698585, 0.550012]
  笛卡尔姿态: [-0.638025, 0.700799, 0.187705, 0.258014]

轨迹点 117:
  时间: 3.510000 秒
  关节位置: [-1.376594, -0.265816, 1.515932, -0.818894, -1.876700, -0.061272]
  关节速度: [-0.296654, 0.393357, 0.082756, 0.435000, 0.462859, 0.057329]
  关节加速度: [0.000000, -0.000000, -0.000000, -0.000000, -0.000000, -0.000000]
  笛卡尔位置: [-0.117471, 0.704064, 0.531878]
  笛卡尔姿态: [-0.643287, 0.701760, 0.177944, 0.249102]

轨迹点 118:
  时间: 3.540000 秒
  关节位置: [-1.385494, -0.254016, 1.518415, -0.805844, -1.862815, -0.059552]
  关节速度: [-0.296654, 0.393357, 0.082756, 0.435000, 0.462859, 0.057329]
  关节加速度: [-0.000000, 0.000000, 0.000000, 0.000000, 0.000000, 0.000000]
  笛卡尔位置: [-0.119153, 0.709059, 0.513658]
  笛卡尔姿态: [-0.648330, 0.702695, 0.168306, 0.239919]

轨迹点 119:
  时间: 3.570000 秒
  关节位置: [-1.394393, -0.242215, 1.520897, -0.792794, -1.848929, -0.057832]
  关节速度: [-0.296654, 0.393357, 0.082756, 0.435000, 0.462859, 0.057329]
  关节加速度: [-0.000000, 0.000000, 0.000000, 0.000000, 0.000000, 0.000000]
  笛卡尔位置: [-0.120684, 0.713566, 0.495374]
  笛卡尔姿态: [-0.653153, 0.703603, 0.158799, 0.230471]

轨迹点 120:
  时间: 3.600000 秒
  关节位置: [-1.403293, -0.230414, 1.523380, -0.779744, -1.835043, -0.056112]
  关节速度: [-0.296654, 0.393357, 0.082756, 0.435000, 0.462859, 0.057329]
  关节加速度: [0.000000, -0.000000, -0.000000, -0.000000, -0.000000, -0.000000]
  笛卡尔位置: [-0.122075, 0.717583, 0.477048]
  笛卡尔姿态: [-0.657752, 0.704484, 0.149426, 0.220762]

轨迹点 121:
  时间: 3.630000 秒
  关节位置: [-1.412193, -0.218614, 1.525863, -0.766694, -1.821157, -0.054392]
  关节速度: [-0.296654, 0.393357, 0.082756, 0.435000, 0.462859, 0.057329]
  关节加速度: [-0.000000, 0.000000, 0.000000, 0.000000, 0.000000, 0.000000]
  笛卡尔位置: [-0.123340, 0.721108, 0.458699]
  笛卡尔姿态: [-0.662125, 0.705337, 0.140194, 0.210798]

轨迹点 122:
  时间: 3.660000 秒
  关节位置: [-1.421092, -0.206813, 1.528345, -0.753644, -1.807271, -0.052673]
  关节速度: [-0.296654, 0.393357, 0.082756, 0.435000, 0.462859, 0.057329]
  关节加速度: [-0.000000, 0.000000, 0.000000, 0.000000, 0.000000, 0.000000]
  笛卡尔位置: [-0.124492, 0.724141, 0.440348]
  笛卡尔姿态: [-0.666268, 0.706161, 0.131106, 0.200585]

轨迹点 123:
  时间: 3.690000 秒
  关节位置: [-1.429992, -0.195012, 1.530828, -0.740594, -1.793386, -0.050953]
  关节速度: [-0.296654, 0.393357, 0.082756, 0.435000, 0.462859, 0.057329]
  关节加速度: [0.000000, -0.000000, -0.000000, -0.000000, -0.000000, -0.000000]
  笛卡尔位置: [-0.125543, 0.726682, 0.422017]
  笛卡尔姿态: [-0.670180, 0.706954, 0.122169, 0.190130]

轨迹点 124:
  时间: 3.720000 秒
  关节位置: [-1.438892, -0.183211, 1.533311, -0.727544, -1.779500, -0.049233]
  关节速度: [-0.296654, 0.393357, 0.082756, 0.435000, 0.462859, 0.057329]
  关节加速度: [0.000000, -0.000000, 0.000000, -0.000000, -0.000000, -0.000000]
  笛卡尔位置: [-0.126506, 0.728734, 0.403725]
  笛卡尔姿态: [-0.673858, 0.707715, 0.113386, 0.179437]

轨迹点 125:
  时间: 3.750000 秒
  关节位置: [-1.447791, -0.171411, 1.535793, -0.714494, -1.765614, -0.047513]
  关节速度: [-0.296654, 0.393357, 0.082756, 0.435000, 0.462859, 0.057329]
  关节加速度: [-0.000000, 0.000000, 0.000000, 0.000000, 0.000000, 0.000000]
  笛卡尔位置: [-0.127395, 0.730299, 0.385493]
  笛卡尔姿态: [-0.677300, 0.708444, 0.104762, 0.168513]

轨迹点 126:
  时间: 3.780000 秒
  关节位置: [-1.456691, -0.159610, 1.538276, -0.701444, -1.751728, -0.045793]
  关节速度: [-0.296654, 0.393357, 0.082756, 0.435000, 0.462859, 0.057329]
  关节加速度: [0.000000, -0.000000, -0.000000, -0.000000, -0.000000, -0.000000]
  笛卡尔位置: [-0.128222, 0.731381, 0.367341]
  笛卡尔姿态: [-0.680503, 0.709139, 0.096302, 0.157365]

轨迹点 127:
  时间: 3.810000 秒
  关节位置: [-1.465590, -0.147809, 1.540759, -0.688394, -1.737842, -0.044073]
  关节速度: [-0.296654, 0.393357, 0.082756, 0.435000, 0.462859, 0.057329]
  关节加速度: [0.000000, -0.000000, -0.000000, -0.000000, -0.000000, -0.000000]
  笛卡尔位置: [-0.129000, 0.731983, 0.349288]
  笛卡尔姿态: [-0.683465, 0.709799, 0.088011, 0.145998]

轨迹点 128:
  时间: 3.840000 秒
  关节位置: [-1.474490, -0.136009, 1.543241, -0.675344, -1.723957, -0.042353]
  关节速度: [-0.296654, 0.393357, 0.082756, 0.435000, 0.462859, 0.057329]
  关节加速度: [-0.000000, 0.000000, 0.000000, 0.000000, 0.000000, 0.000000]
  笛卡尔位置: [-0.129742, 0.732113, 0.331354]
  笛卡尔姿态: [-0.686183, 0.710423, 0.079891, 0.134420]

轨迹点 129:
  时间: 3.870000 秒
  关节位置: [-1.483390, -0.124208, 1.545724, -0.662294, -1.710071, -0.040633]
  关节速度: [-0.296654, 0.393357, 0.082756, 0.435000, 0.462859, 0.057329]
  关节加速度: [-0.000000, 0.000000, 0.000000, 0.000000, 0.000000, 0.000000]
  笛卡尔位置: [-0.130460, 0.731776, 0.313558]
  笛卡尔姿态: [-0.688657, 0.711010, 0.071949, 0.122636]

轨迹点 130:
  时间: 3.900000 秒
  关节位置: [-1.492289, -0.112407, 1.548207, -0.649244, -1.696185, -0.038914]
  关节速度: [-0.296654, 0.393357, 0.082756, 0.435000, 0.462859, 0.057329]
  关节加速度: [0.000000, -0.000000, -0.000000, -0.000000, -0.000000, -0.000000]
  笛卡尔位置: [-0.131167, 0.730979, 0.295919]
  笛卡尔姿态: [-0.690884, 0.711558, 0.064186, 0.110654]

轨迹点 131:
  时间: 3.930000 秒
  关节位置: [-1.501211, -0.100577, 1.550696, -0.636161, -1.682264, -0.037189]
  关节速度: [-0.298370, 0.395632, 0.083234, 0.437517, 0.465537, 0.057661]
  关节加速度: [-0.047366, 0.062807, 0.013213, 0.069456, 0.073904, 0.009154]
  笛卡尔位置: [-0.131877, 0.729728, 0.278412]
  笛卡尔姿态: [-0.692868, 0.712067, 0.056589, 0.098450]

轨迹点 132:
  时间: 3.960000 秒
  关节位置: [-1.510153, -0.088720, 1.553190, -0.623050, -1.668313, -0.035461]
  关节速度: [-0.296425, 0.393053, 0.082692, 0.434665, 0.462503, 0.057285]
  关节加速度: [0.212339, -0.281557, -0.059235, -0.311364, -0.331305, -0.041035]
  笛卡尔位置: [-0.132601, 0.728029, 0.261060]
  笛卡尔姿态: [-0.694603, 0.712537, 0.049165, 0.086032]

轨迹点 133:
  时间: 3.990000 秒
  关节位置: [-1.518895, -0.077129, 1.555629, -0.610231, -1.654673, -0.033772]
  关节速度: [-0.284464, 0.377193, 0.079355, 0.417125, 0.443840, 0.054974]
  关节加速度: [0.588618, -0.780495, -0.164203, -0.863124, -0.918402, -0.113752]
  笛卡尔位置: [-0.133332, 0.725947, 0.244302]
  笛卡尔姿态: [-0.696053, 0.712954, 0.042093, 0.073719]

轨迹点 134:
  时间: 4.020000 秒
  关节位置: [-1.527126, -0.066214, 1.557925, -0.598161, -1.641830, -0.032181]
  关节速度: [-0.263835, 0.349840, 0.073600, 0.386877, 0.411654, 0.050987]
  关节加速度: [0.707025, -0.937500, -0.197234, -1.036750, -1.103148, -0.136635]
  笛卡尔位置: [-0.134052, 0.723616, 0.228723]
  笛卡尔姿态: [-0.697195, 0.713310, 0.035606, 0.061974]

轨迹点 135:
  时间: 4.050000 秒
  关节位置: [-1.534723, -0.056141, 1.560044, -0.587021, -1.629977, -0.030713]
  关节速度: [-0.242625, 0.321715, 0.067683, 0.355774, 0.378560, 0.046888]
  关节加速度: [0.707025, -0.937500, -0.197234, -1.036750, -1.103148, -0.136635]
  笛卡尔位置: [-0.134751, 0.721153, 0.214528]
  笛卡尔姿态: [-0.698056, 0.713603, 0.029769, 0.051009]

轨迹点 136:
  时间: 4.080000 秒
  关节位置: [-1.541683, -0.046911, 1.561986, -0.576815, -1.619117, -0.029368]
  关节速度: [-0.221414, 0.293590, 0.061766, 0.324672, 0.345465, 0.042789]
  关节加速度: [0.707025, -0.937500, -0.197234, -1.036750, -1.103148, -0.136635]
  笛卡尔位置: [-0.135425, 0.718640, 0.201686]
  笛卡尔姿态: [-0.698681, 0.713843, 0.024548, 0.040862]

轨迹点 137:
  时间: 4.110000 秒
  关节位置: [-1.548008, -0.038526, 1.563750, -0.567541, -1.609249, -0.028146]
  关节速度: [-0.200203, 0.265465, 0.055849, 0.293569, 0.312371, 0.038690]
  关节加速度: [0.707025, -0.937500, -0.197234, -1.036750, -1.103148, -0.136635]
  笛卡尔位置: [-0.136071, 0.716151, 0.190161]
  笛卡尔姿态: [-0.699113, 0.714037, 0.019912, 0.031562]

轨迹点 138:
  时间: 4.140000 秒
  关节位置: [-1.553696, -0.030984, 1.565337, -0.559200, -1.600375, -0.027047]
  关节速度: [-0.178993, 0.237340, 0.049932, 0.262467, 0.279276, 0.034591]
  关节加速度: [0.707025, -0.937500, -0.197234, -1.036750, -1.103148, -0.136635]
  笛卡尔位置: [-0.136682, 0.713749, 0.179916]
  笛卡尔姿态: [-0.699390, 0.714190, 0.015831, 0.023134]

轨迹点 139:
  时间: 4.170000 秒
  关节位置: [-1.558747, -0.024285, 1.566746, -0.551793, -1.592493, -0.026070]
  关节速度: [-0.157782, 0.209215, 0.044015, 0.231364, 0.246182, 0.030492]
  关节加速度: [0.707025, -0.937500, -0.197234, -1.036750, -1.103148, -0.136635]
  笛卡尔位置: [-0.137250, 0.711489, 0.170916]
  笛卡尔姿态: [-0.699548, 0.714310, 0.012277, 0.015600]

轨迹点 140:
  时间: 4.200000 秒
  关节位置: [-1.563163, -0.018431, 1.567978, -0.545319, -1.585604, -0.025217]
  关节速度: [-0.136571, 0.181090, 0.038098, 0.200262, 0.213088, 0.026393]
  关节加速度: [0.707025, -0.937500, -0.197234, -1.036750, -1.103148, -0.136635]
  笛卡尔位置: [-0.137768, 0.709418, 0.163128]
  笛卡尔姿态: [-0.699617, 0.714402, 0.009225, 0.008979]

轨迹点 141:
  时间: 4.230000 秒
  关节位置: [-1.566942, -0.013420, 1.569032, -0.539777, -1.579707, -0.024487]
  关节速度: [-0.115360, 0.152965, 0.032181, 0.169159, 0.179993, 0.022294]
  关节加速度: [0.707025, -0.937500, -0.197234, -1.036750, -1.103148, -0.136635]
  笛卡尔位置: [-0.138228, 0.707575, 0.156521]
  笛卡尔姿态: [-0.699626, 0.714471, 0.006654, 0.003286]

轨迹点 142:
  时间: 4.260000 秒
  关节位置: [-1.570084, -0.009253, 1.569909, -0.535169, -1.574804, -0.023879]
  关节速度: [-0.094150, 0.124840, 0.026264, 0.138057, 0.146899, 0.018195]
  关节加速度: [0.707025, -0.937500, -0.197234, -1.036750, -1.103148, -0.136635]
  笛卡尔位置: [-0.138623, 0.705996, 0.151070]
  笛卡尔姿态: [-0.699598, 0.714521, 0.004544, -0.001467]

轨迹点 143:
  时间: 4.290000 秒
  关节位置: [-1.572591, -0.005929, 1.570608, -0.531494, -1.570894, -0.023395]
  关节速度: [-0.072939, 0.096715, 0.020347, 0.106954, 0.113804, 0.014096]
  关节加速度: [0.707025, -0.937500, -0.197234, -1.036750, -1.103148, -0.136635]
  笛卡尔位置: [-0.138945, 0.704705, 0.146751]
  笛卡尔姿态: [-0.699552, 0.714556, 0.002881, -0.005268]

轨迹点 144:
  时间: 4.320000 秒
  关节位置: [-1.574461, -0.003450, 1.571130, -0.528752, -1.567976, -0.023034]
  关节速度: [-0.051728, 0.068590, 0.014430, 0.075852, 0.080710, 0.009997]
  关节加速度: [0.707025, -0.937500, -0.197234, -1.036750, -1.103148, -0.136635]
  笛卡尔位置: [-0.139191, 0.703725, 0.143545]
  笛卡尔姿态: [-0.699504, 0.714580, 0.001651, -0.008111]

轨迹点 145:
  时间: 4.350000 秒
  关节位置: [-1.575694, -0.001814, 1.571474, -0.526943, -1.566051, -0.022795]
  关节速度: [-0.030517, 0.040465, 0.008513, 0.044749, 0.047615, 0.005898]
  关节加速度: [0.707025, -0.937500, -0.197234, -1.036750, -1.103148, -0.136635]
  笛卡尔位置: [-0.139356, 0.703070, 0.141437]
  笛卡尔姿态: [-0.699467, 0.714595, 0.000844, -0.009990]

轨迹点 146:
  时间: 4.380000 秒
  关节位置: [-1.576292, -0.001022, 1.571640, -0.526067, -1.565119, -0.022680]
  关节速度: [-0.009307, 0.012340, 0.002596, 0.013647, 0.014521, 0.001799]
  关节加速度: [0.707025, -0.937500, -0.197234, -1.036750, -1.103148, -0.136635]
  笛卡尔位置: [-0.139436, 0.702750, 0.140419]
  笛卡尔姿态: [-0.699447, 0.714601, 0.000455, -0.010900]

轨迹点 147:
  时间: 4.393163 秒
  关节位置: [-1.576353, -0.000941, 1.571657, -0.525977, -1.565023, -0.022668]
  关节速度: [0.000000, 0.000000, 0.000000, 0.000000, 0.000000, 0.000000]
  关节加速度: [0.000000, 0.000000, 0.000000, 0.000000, 0.000000, 0.000000]
  笛卡尔位置: [-0.139444, 0.702718, 0.140315]
  笛卡尔姿态: [-0.699445, 0.714602, 0.000415, -0.010994]

