详细轨迹分析报告
====================
轨迹点数: 38
轨迹总时间: 3.628 秒
关节名称: 
  0: joint1
  1: joint2
  2: joint3
  3: joint4
  4: joint5
  5: joint6

详细轨迹点信息:
================
轨迹点 0:
  时间: 0.000000 秒
  关节位置: [-1.964527, 0.736877, 1.854066, -1.981493, -2.013978, -0.346122]
  关节速度: [0.000000, -0.000000, 0.000000, 0.000000, -0.000000, 0.000000]
  关节加速度: [0.000000, 0.000000, 0.000000, 0.000000, 0.000000, 0.000000]

轨迹点 1:
  时间: 0.100000 秒
  关节位置: [-1.961095, 0.732640, 1.854659, -1.973681, -2.015939, -0.344854]
  关节速度: [0.068625, -0.084738, 0.011861, 0.156250, -0.039221, 0.025376]
  关节加速度: [0.686249, -0.847380, 0.118610, 1.562500, -0.392214, 0.253761]

轨迹点 2:
  时间: 0.200000 秒
  关节位置: [-1.950802, 0.719930, 1.856438, -1.950243, -2.021822, -0.341047]
  关节速度: [0.137250, -0.169476, 0.023722, 0.312500, -0.078443, 0.050752]
  关节加速度: [0.686249, -0.847380, 0.118610, 1.562500, -0.392214, 0.253761]

轨迹点 3:
  时间: 0.300000 秒
  关节位置: [-1.933806, 0.698943, 1.859376, -1.911545, -2.031536, -0.334762]
  关节速度: [0.191052, -0.235910, 0.033021, 0.435000, -0.109192, 0.070647]
  关节加速度: [-0.000000, 0.000000, -0.000000, -0.000000, 0.000000, -0.000000]

轨迹点 4:
  时间: 0.400000 秒
  关节位置: [-1.914700, 0.675352, 1.862678, -1.868045, -2.042455, -0.327698]
  关节速度: [0.191052, -0.235910, 0.033021, 0.435000, -0.109192, 0.070647]
  关节加速度: [-0.000000, 0.000000, -0.000000, -0.000000, 0.000000, -0.000000]

轨迹点 5:
  时间: 0.500000 秒
  关节位置: [-1.895595, 0.651761, 1.865980, -1.824545, -2.053374, -0.320633]
  关节速度: [0.191052, -0.235910, 0.033021, 0.435000, -0.109192, 0.070647]
  关节加速度: [-0.000000, 0.000000, -0.000000, -0.000000, 0.000000, -0.000000]

轨迹点 6:
  时间: 0.600000 秒
  关节位置: [-1.876490, 0.628170, 1.869282, -1.781045, -2.064293, -0.313568]
  关节速度: [0.191052, -0.235910, 0.033021, 0.435000, -0.109192, 0.070647]
  关节加速度: [0.000000, -0.000000, 0.000000, 0.000000, -0.000000, 0.000000]

轨迹点 7:
  时间: 0.700000 秒
  关节位置: [-1.857385, 0.604579, 1.872584, -1.737545, -2.075213, -0.306503]
  关节速度: [0.191052, -0.235910, 0.033021, 0.435000, -0.109192, 0.070647]
  关节加速度: [0.000000, -0.000000, 0.000000, 0.000000, -0.000000, 0.000000]

轨迹点 8:
  时间: 0.800000 秒
  关节位置: [-1.838280, 0.580988, 1.875886, -1.694045, -2.086132, -0.299439]
  关节速度: [0.191052, -0.235910, 0.033021, 0.435000, -0.109192, 0.070647]
  关节加速度: [0.000000, -0.000000, 0.000000, 0.000000, -0.000000, 0.000000]

轨迹点 9:
  时间: 0.900000 秒
  关节位置: [-1.819174, 0.557397, 1.879188, -1.650545, -2.097051, -0.292374]
  关节速度: [0.191052, -0.235910, 0.033021, 0.435000, -0.109192, 0.070647]
  关节加速度: [0.000000, -0.000000, 0.000000, 0.000000, -0.000000, 0.000000]

轨迹点 10:
  时间: 1.000000 秒
  关节位置: [-1.800069, 0.533806, 1.882490, -1.607045, -2.107970, -0.285309]
  关节速度: [0.191052, -0.235910, 0.033021, 0.435000, -0.109192, 0.070647]
  关节加速度: [-0.000000, 0.000000, -0.000000, -0.000000, 0.000000, -0.000000]

轨迹点 11:
  时间: 1.100000 秒
  关节位置: [-1.780964, 0.510215, 1.885792, -1.563545, -2.118890, -0.278245]
  关节速度: [0.191052, -0.235910, 0.033021, 0.435000, -0.109192, 0.070647]
  关节加速度: [-0.000000, 0.000000, -0.000000, -0.000000, 0.000000, -0.000000]

轨迹点 12:
  时间: 1.200000 秒
  关节位置: [-1.761859, 0.486624, 1.889094, -1.520045, -2.129809, -0.271180]
  关节速度: [0.191052, -0.235910, 0.033021, 0.435000, -0.109192, 0.070647]
  关节加速度: [-0.000000, 0.000000, -0.000000, -0.000000, 0.000000, -0.000000]

轨迹点 13:
  时间: 1.300000 秒
  关节位置: [-1.742754, 0.463032, 1.892397, -1.476545, -2.140728, -0.264115]
  关节速度: [0.191052, -0.235910, 0.033021, 0.435000, -0.109192, 0.070647]
  关节加速度: [-0.000000, 0.000000, -0.000000, -0.000000, 0.000000, -0.000000]

轨迹点 14:
  时间: 1.400000 秒
  关节位置: [-1.725064, 0.439743, 1.893479, -1.433045, -2.147045, -0.256566]
  关节速度: [0.158920, -0.229069, -0.017370, 0.435000, -0.004711, 0.081651]
  关节加速度: [-0.352698, 0.074480, -0.553962, 0.001372, 1.148469, 0.121215]

轨迹点 15:
  时间: 1.500000 秒
  关节位置: [-1.710928, 0.417210, 1.888988, -1.389545, -2.141805, -0.247799]
  关节速度: [0.123610, -0.221551, -0.072746, 0.435000, 0.110107, 0.093744]
  关节加速度: [-0.364300, 0.077469, -0.571449, 0.000217, 1.184836, 0.124827]

轨迹点 16:
  时间: 1.600000 秒
  关节位置: [-1.700509, 0.395468, 1.878667, -1.346045, -2.124479, -0.237760]
  关节速度: [0.083094, -0.212925, -0.136285, 0.435001, 0.241851, 0.107619]
  关节加速度: [-0.466423, 0.098953, -0.731959, 0.000796, 1.517586, 0.159981]

轨迹点 17:
  时间: 1.700000 秒
  关节位置: [-1.693598, 0.374473, 1.862847, -1.302545, -2.095750, -0.226519]
  关节速度: [0.066210, -0.209330, -0.162762, 0.435000, 0.296749, 0.113401]
  关节加速度: [-0.000000, 0.000000, 0.000000, -0.000000, -0.000000, -0.000000]

轨迹点 18:
  时间: 1.800000 秒
  关节位置: [-1.686976, 0.353540, 1.846571, -1.259045, -2.066075, -0.215179]
  关节速度: [0.066210, -0.209330, -0.162762, 0.435000, 0.296749, 0.113401]
  关节加速度: [-0.000000, 0.000000, 0.000000, -0.000000, -0.000000, -0.000000]

轨迹点 19:
  时间: 1.900000 秒
  关节位置: [-1.680355, 0.332607, 1.830295, -1.215545, -2.036400, -0.203839]
  关节速度: [0.066210, -0.209330, -0.162762, 0.435000, 0.296749, 0.113401]
  关节加速度: [-0.000000, 0.000000, 0.000000, -0.000000, -0.000000, -0.000000]

轨迹点 20:
  时间: 2.000000 秒
  关节位置: [-1.673734, 0.311674, 1.814019, -1.172045, -2.006725, -0.192499]
  关节速度: [0.066210, -0.209330, -0.162762, 0.435000, 0.296749, 0.113401]
  关节加速度: [-0.000000, 0.000000, 0.000000, -0.000000, -0.000000, -0.000000]

轨迹点 21:
  时间: 2.100000 秒
  关节位置: [-1.667113, 0.290741, 1.797742, -1.128545, -1.977050, -0.181159]
  关节速度: [0.066210, -0.209330, -0.162762, 0.435000, 0.296749, 0.113401]
  关节加速度: [0.000000, -0.000000, -0.000000, 0.000000, 0.000000, 0.000000]

轨迹点 22:
  时间: 2.200000 秒
  关节位置: [-1.660492, 0.269809, 1.781466, -1.085045, -1.947375, -0.169819]
  关节速度: [0.066210, -0.209330, -0.162762, 0.435000, 0.296749, 0.113401]
  关节加速度: [0.000000, -0.000000, -0.000000, 0.000000, 0.000000, 0.000000]

轨迹点 23:
  时间: 2.300000 秒
  关节位置: [-1.653871, 0.248876, 1.765190, -1.041545, -1.917700, -0.158479]
  关节速度: [0.066210, -0.209330, -0.162762, 0.435000, 0.296749, 0.113401]
  关节加速度: [0.000000, -0.000000, -0.000000, 0.000000, 0.000000, 0.000000]

轨迹点 24:
  时间: 2.400000 秒
  关节位置: [-1.647250, 0.227943, 1.748914, -0.998045, -1.888026, -0.147139]
  关节速度: [0.066210, -0.209330, -0.162762, 0.435000, 0.296749, 0.113401]
  关节加速度: [0.000000, -0.000000, -0.000000, 0.000000, 0.000000, 0.000000]

轨迹点 25:
  时间: 2.500000 秒
  关节位置: [-1.640629, 0.207010, 1.732637, -0.954545, -1.858351, -0.135799]
  关节速度: [0.066210, -0.209330, -0.162762, 0.435000, 0.296749, 0.113401]
  关节加速度: [0.000000, -0.000000, -0.000000, 0.000000, 0.000000, 0.000000]

轨迹点 26:
  时间: 2.600000 秒
  关节位置: [-1.634008, 0.186077, 1.716361, -0.911045, -1.828676, -0.124459]
  关节速度: [0.066210, -0.209330, -0.162762, 0.435000, 0.296749, 0.113401]
  关节加速度: [0.000000, -0.000000, -0.000000, 0.000000, 0.000000, 0.000000]

轨迹点 27:
  时间: 2.700000 秒
  关节位置: [-1.627387, 0.165144, 1.700085, -0.867545, -1.799001, -0.113119]
  关节速度: [0.066210, -0.209330, -0.162762, 0.435000, 0.296749, 0.113401]
  关节加速度: [0.000000, -0.000000, -0.000000, 0.000000, 0.000000, 0.000000]

轨迹点 28:
  时间: 2.800000 秒
  关节位置: [-1.620766, 0.144211, 1.683809, -0.824045, -1.769326, -0.101779]
  关节速度: [0.066210, -0.209330, -0.162762, 0.435000, 0.296749, 0.113401]
  关节加速度: [0.000000, -0.000000, -0.000000, 0.000000, 0.000000, 0.000000]

轨迹点 29:
  时间: 2.900000 秒
  关节位置: [-1.614145, 0.123278, 1.667532, -0.780545, -1.739651, -0.090439]
  关节速度: [0.066210, -0.209330, -0.162762, 0.435000, 0.296749, 0.113401]
  关节加速度: [0.000000, -0.000000, -0.000000, 0.000000, 0.000000, 0.000000]

轨迹点 30:
  时间: 3.000000 秒
  关节位置: [-1.607524, 0.102345, 1.651256, -0.737045, -1.709976, -0.079099]
  关节速度: [0.066210, -0.209330, -0.162762, 0.435000, 0.296749, 0.113401]
  关节加速度: [0.000000, -0.000000, -0.000000, 0.000000, 0.000000, 0.000000]

轨迹点 31:
  时间: 3.100000 秒
  关节位置: [-1.600903, 0.081412, 1.634980, -0.693545, -1.680301, -0.067759]
  关节速度: [0.066210, -0.209330, -0.162762, 0.435000, 0.296749, 0.113401]
  关节加速度: [0.000000, -0.000000, -0.000000, 0.000000, 0.000000, 0.000000]

轨迹点 32:
  时间: 3.200000 秒
  关节位置: [-1.594282, 0.060479, 1.618704, -0.650045, -1.650626, -0.056418]
  关节速度: [0.066210, -0.209330, -0.162762, 0.435000, 0.296749, 0.113401]
  关节加速度: [0.000000, -0.000000, -0.000000, 0.000000, 0.000000, 0.000000]

轨迹点 33:
  时间: 3.300000 秒
  关节位置: [-1.587661, 0.039546, 1.602428, -0.606545, -1.620951, -0.045078]
  关节速度: [0.066210, -0.209330, -0.162762, 0.435000, 0.296749, 0.113401]
  关节加速度: [0.000000, -0.000000, -0.000000, 0.000000, 0.000000, 0.000000]

轨迹点 34:
  时间: 3.400000 秒
  关节位置: [-1.581345, 0.019577, 1.586901, -0.565049, -1.592643, -0.034261]
  关节速度: [0.054165, -0.171248, -0.133152, 0.355863, 0.242764, 0.092770]
  关节加速度: [-0.237825, 0.751902, 0.584635, -1.562500, -1.065910, -0.407330]

轨迹点 35:
  时间: 3.500000 秒
  关节位置: [-1.577118, 0.006212, 1.576509, -0.537275, -1.573696, -0.027020]
  关节速度: [0.030383, -0.096057, -0.074689, 0.199613, 0.136173, 0.052037]
  关节加速度: [-0.237825, 0.751902, 0.584635, -1.562500, -1.065910, -0.407330]

轨迹点 36:
  时间: 3.600000 秒
  关节位置: [-1.575268, 0.000366, 1.571963, -0.525126, -1.565409, -0.023853]
  关节速度: [0.006600, -0.020867, -0.016225, 0.043363, 0.029582, 0.011304]
  关节加速度: [-0.237825, 0.751902, 0.584635, -1.562500, -1.065910, -0.407330]

轨迹点 37:
  时间: 3.627753 秒
  关节位置: [-1.575177, 0.000076, 1.571738, -0.524525, -1.564998, -0.023696]
  关节速度: [-0.000000, 0.000000, 0.000000, -0.000000, -0.000000, -0.000000]
  关节加速度: [-0.237825, 0.751902, 0.584635, -1.562500, -1.065910, -0.407330]

