详细轨迹分析报告
====================
轨迹点数: 58
轨迹总时间: 5.683 秒
关节名称: 
  0: joint1
  1: joint2
  2: joint3
  3: joint4
  4: joint5
  5: joint6

详细轨迹点信息:
================
轨迹点 0:
  时间: 0.000000 秒
  关节位置: [-1.570000, -0.523000, 1.570000, 0.000000, -1.570000, 0.000000]
  关节速度: [0.000000, 0.000000, 0.000000, -0.000000, -0.000000, -0.000000]
  关节加速度: [0.000000, 0.000000, 0.000000, 0.000000, 0.000000, 0.000000]

轨迹点 1:
  时间: 0.100000 秒
  关节位置: [-1.565389, -0.520986, 1.573007, -0.007812, -1.573386, -0.003752]
  关节速度: [0.092217, 0.040272, 0.060145, -0.156250, -0.067721, -0.075030]
  关节加速度: [0.922171, 0.402717, 0.601447, -1.562500, -0.677214, -0.750305]

轨迹点 2:
  时间: 0.200000 秒
  关节位置: [-1.551557, -0.514946, 1.582029, -0.031250, -1.583544, -0.015006]
  关节速度: [0.184433, 0.080543, 0.120289, -0.312498, -0.135442, -0.150060]
  关节加速度: [0.922171, 0.402717, 0.601447, -1.562500, -0.677214, -0.750305]

轨迹点 3:
  时间: 0.300000 秒
  关节位置: [-1.528718, -0.504972, 1.596925, -0.069948, -1.600316, -0.033588]
  关节速度: [0.256732, 0.112116, 0.167443, -0.435000, -0.188536, -0.208885]
  关节加速度: [0.000000, 0.000000, 0.000000, -0.000000, -0.000000, -0.000000]

轨迹点 4:
  时间: 0.400000 秒
  关节位置: [-1.503044, -0.493760, 1.613669, -0.113448, -1.619170, -0.054477]
  关节速度: [0.256732, 0.112116, 0.167443, -0.435000, -0.188536, -0.208885]
  关节加速度: [0.000000, -0.000000, -0.000000, 0.000000, 0.000000, 0.000000]

轨迹点 5:
  时间: 0.500000 秒
  关节位置: [-1.477371, -0.482548, 1.630413, -0.156948, -1.638024, -0.075365]
  关节速度: [0.256732, 0.112116, 0.167443, -0.435000, -0.188536, -0.208885]
  关节加速度: [0.000000, 0.000000, 0.000000, -0.000000, -0.000000, -0.000000]

轨迹点 6:
  时间: 0.600000 秒
  关节位置: [-1.451698, -0.471337, 1.647157, -0.200448, -1.656877, -0.096254]
  关节速度: [0.256732, 0.112116, 0.167443, -0.435000, -0.188536, -0.208885]
  关节加速度: [-0.000000, -0.000000, -0.000000, 0.000000, 0.000000, 0.000000]

轨迹点 7:
  时间: 0.700000 秒
  关节位置: [-1.426025, -0.460125, 1.663902, -0.243948, -1.675731, -0.117142]
  关节速度: [0.256732, 0.112116, 0.167443, -0.435000, -0.188536, -0.208885]
  关节加速度: [-0.000000, -0.000000, -0.000000, 0.000000, 0.000000, 0.000000]

轨迹点 8:
  时间: 0.800000 秒
  关节位置: [-1.400351, -0.448914, 1.680646, -0.287448, -1.694585, -0.138031]
  关节速度: [0.256732, 0.112116, 0.167443, -0.435000, -0.188536, -0.208885]
  关节加速度: [-0.000000, -0.000000, -0.000000, 0.000000, 0.000000, 0.000000]

轨迹点 9:
  时间: 0.900000 秒
  关节位置: [-1.374678, -0.437702, 1.697390, -0.330948, -1.713438, -0.158919]
  关节速度: [0.256732, 0.112116, 0.167443, -0.435000, -0.188536, -0.208885]
  关节加速度: [0.000000, 0.000000, 0.000000, -0.000000, -0.000000, -0.000000]

轨迹点 10:
  时间: 1.000000 秒
  关节位置: [-1.349005, -0.426490, 1.714135, -0.374448, -1.732292, -0.179808]
  关节速度: [0.256732, 0.112116, 0.167443, -0.435000, -0.188536, -0.208885]
  关节加速度: [-0.000000, -0.000000, -0.000000, 0.000000, 0.000000, 0.000000]

轨迹点 11:
  时间: 1.100000 秒
  关节位置: [-1.323332, -0.415279, 1.730879, -0.417948, -1.751146, -0.200696]
  关节速度: [0.256732, 0.112116, 0.167443, -0.435000, -0.188536, -0.208885]
  关节加速度: [-0.000000, -0.000000, -0.000000, 0.000000, 0.000000, 0.000000]

轨迹点 12:
  时间: 1.200000 秒
  关节位置: [-1.297659, -0.404067, 1.747623, -0.461448, -1.769999, -0.221585]
  关节速度: [0.256732, 0.112116, 0.167443, -0.435000, -0.188536, -0.208885]
  关节加速度: [-0.000000, -0.000000, -0.000000, 0.000000, 0.000000, 0.000000]

轨迹点 13:
  时间: 1.300000 秒
  关节位置: [-1.271985, -0.392855, 1.764367, -0.504948, -1.788853, -0.242473]
  关节速度: [0.256732, 0.112116, 0.167443, -0.435000, -0.188536, -0.208885]
  关节加速度: [-0.000000, -0.000000, -0.000000, 0.000000, 0.000000, 0.000000]

轨迹点 14:
  时间: 1.400000 秒
  关节位置: [-1.246312, -0.381644, 1.781112, -0.548448, -1.807707, -0.263362]
  关节速度: [0.256732, 0.112116, 0.167443, -0.435000, -0.188536, -0.208885]
  关节加速度: [-0.000000, -0.000000, -0.000000, 0.000000, 0.000000, 0.000000]

轨迹点 15:
  时间: 1.500000 秒
  关节位置: [-1.220639, -0.370432, 1.797856, -0.591948, -1.826560, -0.284250]
  关节速度: [0.256732, 0.112116, 0.167443, -0.435000, -0.188536, -0.208885]
  关节加速度: [-0.000000, -0.000000, -0.000000, 0.000000, 0.000000, 0.000000]

轨迹点 16:
  时间: 1.600000 秒
  关节位置: [-1.194966, -0.359220, 1.814600, -0.635448, -1.845414, -0.305139]
  关节速度: [0.256732, 0.112116, 0.167443, -0.435000, -0.188536, -0.208885]
  关节加速度: [-0.000000, -0.000000, -0.000000, 0.000000, 0.000000, 0.000000]

轨迹点 17:
  时间: 1.700000 秒
  关节位置: [-1.169292, -0.348009, 1.831344, -0.678948, -1.864267, -0.326027]
  关节速度: [0.256732, 0.112116, 0.167443, -0.435000, -0.188536, -0.208885]
  关节加速度: [-0.000000, -0.000000, -0.000000, 0.000000, 0.000000, 0.000000]

轨迹点 18:
  时间: 1.800000 秒
  关节位置: [-1.143619, -0.336797, 1.848089, -0.722448, -1.883121, -0.346916]
  关节速度: [0.256732, 0.112116, 0.167443, -0.435000, -0.188536, -0.208885]
  关节加速度: [-0.000000, -0.000000, -0.000000, 0.000000, 0.000000, 0.000000]

轨迹点 19:
  时间: 1.900000 秒
  关节位置: [-1.117946, -0.325585, 1.864833, -0.765948, -1.901975, -0.367804]
  关节速度: [0.256732, 0.112116, 0.167443, -0.435000, -0.188536, -0.208885]
  关节加速度: [-0.000000, -0.000000, -0.000000, 0.000000, 0.000000, 0.000000]

轨迹点 20:
  时间: 2.000000 秒
  关节位置: [-1.092273, -0.314374, 1.881577, -0.809448, -1.920828, -0.388693]
  关节速度: [0.256732, 0.112116, 0.167443, -0.435000, -0.188536, -0.208885]
  关节加速度: [0.000000, 0.000000, 0.000000, -0.000000, -0.000000, -0.000000]

轨迹点 21:
  时间: 2.100000 秒
  关节位置: [-1.066599, -0.303162, 1.898322, -0.852948, -1.939682, -0.409581]
  关节速度: [0.256732, 0.112116, 0.167443, -0.435000, -0.188536, -0.208885]
  关节加速度: [-0.000000, -0.000000, -0.000000, 0.000000, 0.000000, 0.000000]

轨迹点 22:
  时间: 2.200000 秒
  关节位置: [-1.040926, -0.291951, 1.915066, -0.896448, -1.958536, -0.430470]
  关节速度: [0.256732, 0.112116, 0.167443, -0.435000, -0.188536, -0.208885]
  关节加速度: [-0.000000, -0.000000, -0.000000, 0.000000, 0.000000, 0.000000]

轨迹点 23:
  时间: 2.300000 秒
  关节位置: [-1.015253, -0.280739, 1.931810, -0.939948, -1.977389, -0.451358]
  关节速度: [0.256732, 0.112116, 0.167443, -0.435000, -0.188536, -0.208885]
  关节加速度: [-0.000000, -0.000000, -0.000000, 0.000000, 0.000000, 0.000000]

轨迹点 24:
  时间: 2.400000 秒
  关节位置: [-0.990097, -0.269753, 1.948217, -0.982571, -1.995863, -0.471826]
  关节速度: [0.225847, 0.098629, 0.147299, -0.382669, -0.165855, -0.183756]
  关节加速度: [-0.922171, -0.402717, -0.601447, 1.562500, 0.677214, 0.750305]

轨迹点 25:
  时间: 2.500000 秒
  关节位置: [-0.972123, -0.261904, 1.959940, -1.013026, -2.009063, -0.486450]
  关节速度: [0.133630, 0.058357, 0.087155, -0.226419, -0.098134, -0.108725]
  关节加速度: [-0.922171, -0.402717, -0.601447, 1.562500, 0.677214, 0.750305]

轨迹点 26:
  时间: 2.600000 秒
  关节位置: [-0.963613, -0.256802, 1.965836, -1.029565, -2.015025, -0.492892]
  关节速度: [0.034424, 0.076545, 0.037823, -0.152446, -0.012564, -0.006617]
  关节加速度: [-1.014543, 0.934418, -0.317461, -0.388641, 1.029804, 1.304471]

轨迹点 27:
  时间: 2.700000 秒
  关节位置: [-0.965223, -0.244480, 1.968041, -1.046766, -2.011151, -0.487053]
  关节速度: [-0.041805, 0.170006, 0.019781, -0.217225, 0.069618, 0.099481]
  关节加速度: [-0.230533, 0.937500, 0.109085, -1.197888, 0.383910, 0.548588]

轨迹点 28:
  时间: 2.800000 秒
  关节位置: [-0.970556, -0.222792, 1.970565, -1.074478, -2.002270, -0.474362]
  关节速度: [-0.064858, 0.263756, 0.030690, -0.337013, 0.108009, 0.154340]
  关节加速度: [-0.230533, 0.937500, 0.109085, -1.197888, 0.383910, 0.548588]

轨迹点 29:
  时间: 2.900000 秒
  关节位置: [-0.978156, -0.191884, 1.974161, -1.113970, -1.989613, -0.456276]
  关节速度: [-0.083716, 0.340443, 0.039613, -0.435000, 0.139413, 0.199214]
  关节加速度: [0.000000, -0.000000, -0.000000, 0.000000, -0.000000, -0.000000]

轨迹点 30:
  时间: 3.000000 秒
  关节位置: [-0.986528, -0.157840, 1.978122, -1.157470, -1.975671, -0.436354]
  关节速度: [-0.083716, 0.340443, 0.039613, -0.435000, 0.139413, 0.199214]
  关节加速度: [0.000000, -0.000000, -0.000000, 0.000000, -0.000000, -0.000000]

轨迹点 31:
  时间: 3.100000 秒
  关节位置: [-0.994900, -0.123796, 1.982084, -1.200970, -1.961730, -0.416433]
  关节速度: [-0.083716, 0.340443, 0.039613, -0.435000, 0.139413, 0.199214]
  关节加速度: [0.000000, -0.000000, -0.000000, 0.000000, -0.000000, -0.000000]

轨迹点 32:
  时间: 3.200000 秒
  关节位置: [-1.003271, -0.089752, 1.986045, -1.244470, -1.947789, -0.396512]
  关节速度: [-0.083716, 0.340443, 0.039613, -0.435000, 0.139413, 0.199214]
  关节加速度: [0.000000, -0.000000, -0.000000, 0.000000, -0.000000, -0.000000]

轨迹点 33:
  时间: 3.300000 秒
  关节位置: [-1.011643, -0.055707, 1.990006, -1.287970, -1.933848, -0.376590]
  关节速度: [-0.083716, 0.340443, 0.039613, -0.435000, 0.139413, 0.199214]
  关节加速度: [0.000000, -0.000000, -0.000000, 0.000000, -0.000000, -0.000000]

轨迹点 34:
  时间: 3.400000 秒
  关节位置: [-1.020014, -0.021663, 1.993968, -1.331470, -1.919906, -0.356669]
  关节速度: [-0.083716, 0.340443, 0.039613, -0.435000, 0.139413, 0.199214]
  关节加速度: [0.000000, -0.000000, -0.000000, 0.000000, -0.000000, -0.000000]

轨迹点 35:
  时间: 3.500000 秒
  关节位置: [-1.028386, 0.012381, 1.997929, -1.374970, -1.905965, -0.336747]
  关节速度: [-0.083716, 0.340443, 0.039613, -0.435000, 0.139413, 0.199214]
  关节加速度: [0.000000, -0.000000, -0.000000, 0.000000, -0.000000, -0.000000]

轨迹点 36:
  时间: 3.600000 秒
  关节位置: [-1.036757, 0.046426, 2.001890, -1.418470, -1.892024, -0.316826]
  关节速度: [-0.083716, 0.340443, 0.039613, -0.435000, 0.139413, 0.199214]
  关节加速度: [0.000000, -0.000000, -0.000000, 0.000000, -0.000000, -0.000000]

轨迹点 37:
  时间: 3.700000 秒
  关节位置: [-1.045129, 0.080470, 2.005851, -1.461970, -1.878082, -0.296905]
  关节速度: [-0.083716, 0.340443, 0.039613, -0.435000, 0.139413, 0.199214]
  关节加速度: [0.000000, -0.000000, -0.000000, 0.000000, -0.000000, -0.000000]

轨迹点 38:
  时间: 3.800000 秒
  关节位置: [-1.053500, 0.114514, 2.009813, -1.505470, -1.864141, -0.276983]
  关节速度: [-0.083716, 0.340443, 0.039613, -0.435000, 0.139413, 0.199214]
  关节加速度: [0.000000, -0.000000, -0.000000, 0.000000, -0.000000, -0.000000]

轨迹点 39:
  时间: 3.900000 秒
  关节位置: [-1.061872, 0.148559, 2.013774, -1.548970, -1.850200, -0.257062]
  关节速度: [-0.083716, 0.340443, 0.039613, -0.435000, 0.139413, 0.199214]
  关节加速度: [0.000000, -0.000000, -0.000000, 0.000000, -0.000000, -0.000000]

轨迹点 40:
  时间: 4.000000 秒
  关节位置: [-1.070244, 0.182603, 2.017735, -1.592470, -1.836259, -0.237141]
  关节速度: [-0.083716, 0.340443, 0.039613, -0.435000, 0.139413, 0.199214]
  关节加速度: [-0.000000, 0.000000, 0.000000, -0.000000, 0.000000, 0.000000]

轨迹点 41:
  时间: 4.100000 秒
  关节位置: [-1.078615, 0.216647, 2.021697, -1.635970, -1.822317, -0.217219]
  关节速度: [-0.083716, 0.340443, 0.039613, -0.435000, 0.139413, 0.199214]
  关节加速度: [0.000000, -0.000000, -0.000000, 0.000000, -0.000000, -0.000000]

轨迹点 42:
  时间: 4.200000 秒
  关节位置: [-1.086987, 0.250691, 2.025658, -1.679470, -1.808376, -0.197298]
  关节速度: [-0.083716, 0.340443, 0.039613, -0.435000, 0.139413, 0.199214]
  关节加速度: [0.000000, -0.000000, -0.000000, 0.000000, -0.000000, -0.000000]

轨迹点 43:
  时间: 4.300000 秒
  关节位置: [-1.095358, 0.284736, 2.029619, -1.722970, -1.794435, -0.177376]
  关节速度: [-0.083716, 0.340443, 0.039613, -0.435000, 0.139413, 0.199214]
  关节加速度: [0.000000, -0.000000, -0.000000, 0.000000, -0.000000, -0.000000]

轨迹点 44:
  时间: 4.400000 秒
  关节位置: [-1.103730, 0.318780, 2.033581, -1.766470, -1.780493, -0.157455]
  关节速度: [-0.083716, 0.340443, 0.039613, -0.435000, 0.139413, 0.199214]
  关节加速度: [0.000000, -0.000000, -0.000000, 0.000000, -0.000000, -0.000000]

轨迹点 45:
  时间: 4.500000 秒
  关节位置: [-1.112101, 0.352824, 2.037542, -1.809970, -1.766552, -0.137534]
  关节速度: [-0.083716, 0.340443, 0.039613, -0.435000, 0.139413, 0.199214]
  关节加速度: [0.000000, -0.000000, -0.000000, 0.000000, -0.000000, -0.000000]

轨迹点 46:
  时间: 4.600000 秒
  关节位置: [-1.120473, 0.386869, 2.041503, -1.853470, -1.752611, -0.117612]
  关节速度: [-0.083716, 0.340443, 0.039613, -0.435000, 0.139413, 0.199214]
  关节加速度: [0.000000, -0.000000, -0.000000, 0.000000, -0.000000, -0.000000]

轨迹点 47:
  时间: 4.700000 秒
  关节位置: [-1.128844, 0.420913, 2.045464, -1.896970, -1.738670, -0.097691]
  关节速度: [-0.083716, 0.340443, 0.039613, -0.435000, 0.139413, 0.199214]
  关节加速度: [0.000000, -0.000000, -0.000000, 0.000000, -0.000000, -0.000000]

轨迹点 48:
  时间: 4.800000 秒
  关节位置: [-1.137216, 0.454957, 2.049426, -1.940470, -1.724728, -0.077769]
  关节速度: [-0.083716, 0.340443, 0.039613, -0.435000, 0.139413, 0.199214]
  关节加速度: [0.000000, -0.000000, -0.000000, 0.000000, -0.000000, -0.000000]

轨迹点 49:
  时间: 4.900000 秒
  关节位置: [-1.145588, 0.489002, 2.053387, -1.983970, -1.710787, -0.057848]
  关节速度: [-0.083716, 0.340443, 0.039613, -0.435000, 0.139413, 0.199214]
  关节加速度: [0.000000, -0.000000, -0.000000, 0.000000, -0.000000, -0.000000]

轨迹点 50:
  时间: 5.000000 秒
  关节位置: [-1.153959, 0.523046, 2.057348, -2.027470, -1.696846, -0.037927]
  关节速度: [-0.083716, 0.340443, 0.039613, -0.435000, 0.139413, 0.199214]
  关节加速度: [0.000000, -0.000000, -0.000000, 0.000000, -0.000000, -0.000000]

轨迹点 51:
  时间: 5.100000 秒
  关节位置: [-1.162331, 0.557090, 2.061310, -2.070970, -1.682904, -0.018005]
  关节速度: [-0.083716, 0.340443, 0.039613, -0.435000, 0.139413, 0.199214]
  关节加速度: [0.000000, -0.000000, -0.000000, 0.000000, -0.000000, -0.000000]

轨迹点 52:
  时间: 5.200000 秒
  关节位置: [-1.170702, 0.591134, 2.065271, -2.114470, -1.668963, 0.001916]
  关节速度: [-0.083716, 0.340443, 0.039613, -0.435000, 0.139413, 0.199214]
  关节加速度: [0.000000, -0.000000, -0.000000, 0.000000, -0.000000, -0.000000]

轨迹点 53:
  时间: 5.300000 秒
  关节位置: [-1.179074, 0.625179, 2.069232, -2.157970, -1.655022, 0.021838]
  关节速度: [-0.083716, 0.340443, 0.039613, -0.435000, 0.139413, 0.199214]
  关节加速度: [0.000000, -0.000000, -0.000000, 0.000000, -0.000000, -0.000000]

轨迹点 54:
  时间: 5.400000 秒
  关节位置: [-1.186703, 0.656204, 2.072842, -2.197613, -1.642317, 0.039993]
  关节速度: [-0.065216, 0.265210, 0.030859, -0.338871, 0.108605, 0.155190]
  关节加速度: [0.230533, -0.937500, -0.109085, 1.197888, -0.383910, -0.548588]

轨迹点 55:
  时间: 5.500000 秒
  关节位置: [-1.192072, 0.678038, 2.075383, -2.225511, -1.633376, 0.052769]
  关节速度: [-0.042162, 0.171460, 0.019951, -0.219082, 0.070214, 0.100332]
  关节加速度: [0.230533, -0.937500, -0.109085, 1.197888, -0.383910, -0.548588]

轨迹点 56:
  时间: 5.600000 秒
  关节位置: [-1.195136, 0.690496, 2.076832, -2.241429, -1.628274, 0.060059]
  关节速度: [-0.019109, 0.077710, 0.009042, -0.099294, 0.031823, 0.045473]
  关节加速度: [0.230533, -0.937500, -0.109085, 1.197888, -0.383910, -0.548588]

轨迹点 57:
  时间: 5.682891 秒
  关节位置: [-1.195927, 0.693717, 2.077207, -2.245545, -1.626955, 0.061944]
  关节速度: [0.000000, -0.000000, -0.000000, 0.000000, -0.000000, -0.000000]
  关节加速度: [0.230533, -0.937500, -0.109085, 1.197888, -0.383910, -0.548588]

