详细轨迹分析报告
====================
轨迹点数: 173
轨迹总时间: 5.156 秒
关节名称: 
  0: joint1
  1: joint2
  2: joint3
  3: joint4
  4: joint5
  5: joint6

详细轨迹点信息:
================
轨迹点 0:
  时间: 0.000000 秒
  关节位置: [-1.575452, -0.000894, 1.571750, -0.525104, -1.563647, -0.023479]
  关节速度: [0.000000, 0.000000, 0.000000, 0.000000, 0.000000, 0.000000]
  关节加速度: [0.000000, 0.000000, 0.000000, 0.000000, 0.000000, 0.000000]
  笛卡尔位置: [-0.140782, 0.702222, 0.139875]
  笛卡尔姿态: [-0.699756, 0.714282, 0.000610, -0.011920]

轨迹点 1:
  时间: 0.030000 秒
  关节位置: [-1.575016, -0.001011, 1.572119, -0.525222, -1.563992, -0.024091]
  关节速度: [0.038789, -0.010499, 0.032906, -0.010546, -0.030751, -0.054518]
  关节加速度: [1.989174, -0.538405, 1.687500, -0.540834, -1.577000, -2.795789]
  笛卡尔位置: [-0.140885, 0.702064, 0.139743]
  笛卡尔姿态: [-0.699660, 0.714375, 0.000566, -0.011971]

轨迹点 2:
  时间: 0.060000 秒
  关节位置: [-1.572969, -0.001565, 1.573856, -0.525779, -1.565615, -0.026968]
  关节速度: [0.095480, -0.025843, 0.081000, -0.025960, -0.075696, -0.134198]
  关节加速度: [1.591339, -0.430724, 1.350000, -0.432667, -1.261600, -2.236631]
  笛卡尔位置: [-0.141367, 0.701323, 0.139128]
  笛卡尔姿态: [-0.699207, 0.714815, 0.000357, -0.012209]

轨迹点 3:
  时间: 0.090000 秒
  关节位置: [-1.569490, -0.002507, 1.576807, -0.526725, -1.568373, -0.031858]
  关节速度: [0.134269, -0.036342, 0.113906, -0.036506, -0.106447, -0.188716]
  关节加速度: [1.193504, -0.323043, 1.012500, -0.324500, -0.946200, -1.677473]
  笛卡尔位置: [-0.142180, 0.700061, 0.138085]
  笛卡尔姿态: [-0.698437, 0.715560, 0.000003, -0.012608]

轨迹点 4:
  时间: 0.120000 秒
  关节位置: [-1.564843, -0.003765, 1.580750, -0.527988, -1.572058, -0.038390]
  关节速度: [0.176815, -0.047858, 0.150000, -0.048074, -0.140177, -0.248514]
  关节加速度: [1.473431, -0.398810, 1.249973, -0.400609, -1.168123, -2.070910]
  笛卡尔位置: [-0.143255, 0.698372, 0.136699]
  笛卡尔姿态: [-0.697407, 0.716555, -0.000467, -0.013127]

轨迹点 5:
  时间: 0.150000 秒
  关节位置: [-1.558875, -0.005380, 1.585812, -0.529611, -1.576789, -0.046777]
  关节速度: [0.221018, -0.059822, 0.187499, -0.060092, -0.175221, -0.310641]
  关节加速度: [1.473414, -0.398805, 1.249959, -0.400604, -1.168109, -2.070886]
  笛卡尔位置: [-0.144617, 0.696198, 0.134929]
  笛卡尔姿态: [-0.696082, 0.717829, -0.001067, -0.013774]

轨迹点 6:
  时间: 0.180000 秒
  关节位置: [-1.551582, -0.007354, 1.591999, -0.531594, -1.582571, -0.057028]
  关节速度: [0.265220, -0.071787, 0.224998, -0.072110, -0.210264, -0.372768]
  关节加速度: [1.473432, -0.398810, 1.249974, -0.400609, -1.168124, -2.070912]
  笛卡尔位置: [-0.146254, 0.693534, 0.132782]
  笛卡尔姿态: [-0.694459, 0.719383, -0.001794, -0.014531]

轨迹点 7:
  时间: 0.210000 秒
  关节位置: [-1.542959, -0.009688, 1.599314, -0.533938, -1.589407, -0.069148]
  关节速度: [0.310256, -0.083976, 0.263203, -0.084355, -0.245968, -0.436066]
  关节加速度: [1.606361, -0.434790, 1.362743, -0.436751, -1.273509, -2.257743]
  笛卡尔位置: [-0.148149, 0.690375, 0.130266]
  笛卡尔姿态: [-0.692535, 0.721215, -0.002645, -0.015381]

轨迹点 8:
  时间: 0.240000 秒
  关节位置: [-1.532964, -0.012394, 1.607794, -0.536656, -1.597331, -0.083196]
  关节速度: [0.353463, -0.095671, 0.299857, -0.096102, -0.280222, -0.496792]
  关节加速度: [1.103686, -0.298732, 0.936304, -0.300080, -0.874993, -1.551234]
  笛卡尔位置: [-0.150291, 0.686700, 0.127381]
  笛卡尔姿态: [-0.690299, 0.723331, -0.003616, -0.016304]

轨迹点 9:
  时间: 0.270000 秒
  关节位置: [-1.522008, -0.015359, 1.617088, -0.539635, -1.606017, -0.098594]
  关节速度: [0.372192, -0.100740, 0.315746, -0.101195, -0.295070, -0.523117]
  关节加速度: [0.172451, -0.046677, 0.146297, -0.046887, -0.136717, -0.242380]
  笛卡尔位置: [-0.152573, 0.682658, 0.124258]
  笛卡尔姿态: [-0.687842, 0.725641, -0.004663, -0.017239]

轨迹点 10:
  时间: 0.300000 秒
  关节位置: [-1.510840, -0.018382, 1.626563, -0.542671, -1.614871, -0.114291]
  关节速度: [0.371397, -0.100525, 0.315072, -0.100979, -0.294441, -0.522000]
  关节加速度: [0.000000, -0.000000, 0.000000, -0.000000, -0.000000, -0.000000]
  笛卡尔位置: [-0.154826, 0.678523, 0.121118]
  笛卡尔姿态: [-0.685330, 0.727985, -0.005708, -0.018112]

轨迹点 11:
  时间: 0.330000 秒
  关节位置: [-1.499698, -0.021398, 1.636015, -0.545701, -1.623704, -0.129951]
  关节速度: [0.371397, -0.100525, 0.315072, -0.100979, -0.294441, -0.522000]
  关节加速度: [-0.000000, 0.000000, -0.000000, 0.000000, 0.000000, 0.000000]
  笛卡尔位置: [-0.157002, 0.674386, 0.118027]
  笛卡尔姿态: [-0.682818, 0.730313, -0.006727, -0.018901]

轨迹点 12:
  时间: 0.360000 秒
  关节位置: [-1.488556, -0.024413, 1.645467, -0.548730, -1.632537, -0.145611]
  关节速度: [0.371397, -0.100525, 0.315072, -0.100979, -0.294441, -0.522000]
  关节加速度: [-0.000000, 0.000000, -0.000000, 0.000000, 0.000000, 0.000000]
  笛卡尔位置: [-0.159106, 0.670238, 0.114980]
  笛卡尔姿态: [-0.680300, 0.732630, -0.007721, -0.019609]

轨迹点 13:
  时间: 0.390000 秒
  关节位置: [-1.477414, -0.027429, 1.654919, -0.551759, -1.641371, -0.161271]
  关节速度: [0.371397, -0.100525, 0.315072, -0.100979, -0.294441, -0.522000]
  关节加速度: [0.000000, -0.000000, 0.000000, -0.000000, -0.000000, -0.000000]
  笛卡尔位置: [-0.161138, 0.666081, 0.111976]
  笛卡尔姿态: [-0.677778, 0.734936, -0.008689, -0.020237]

轨迹点 14:
  时间: 0.420000 秒
  关节位置: [-1.466272, -0.030445, 1.664371, -0.554789, -1.650204, -0.176931]
  关节速度: [0.371397, -0.100525, 0.315072, -0.100979, -0.294441, -0.522000]
  关节加速度: [-0.000000, 0.000000, -0.000000, 0.000000, 0.000000, 0.000000]
  笛卡尔位置: [-0.163098, 0.661916, 0.109017]
  笛卡尔姿态: [-0.675252, 0.737231, -0.009627, -0.020785]

轨迹点 15:
  时间: 0.450000 秒
  关节位置: [-1.455130, -0.033461, 1.673824, -0.557818, -1.659037, -0.192591]
  关节速度: [0.371397, -0.100525, 0.315072, -0.100979, -0.294441, -0.522000]
  关节加速度: [0.000000, -0.000000, 0.000000, -0.000000, -0.000000, -0.000000]
  笛卡尔位置: [-0.164987, 0.657744, 0.106102]
  笛卡尔姿态: [-0.672723, 0.739514, -0.010535, -0.021254]

轨迹点 16:
  时间: 0.480000 秒
  关节位置: [-1.443988, -0.036477, 1.683276, -0.560847, -1.667870, -0.208251]
  关节速度: [0.371397, -0.100525, 0.315072, -0.100979, -0.294441, -0.522000]
  关节加速度: [0.000000, -0.000000, 0.000000, -0.000000, -0.000000, -0.000000]
  笛卡尔位置: [-0.166804, 0.653568, 0.103232]
  笛卡尔姿态: [-0.670191, 0.741785, -0.011411, -0.021645]

轨迹点 17:
  时间: 0.510000 秒
  关节位置: [-1.432846, -0.039492, 1.692728, -0.563877, -1.676703, -0.223911]
  关节速度: [0.371397, -0.100525, 0.315072, -0.100979, -0.294441, -0.522000]
  关节加速度: [-0.000000, 0.000000, -0.000000, 0.000000, 0.000000, 0.000000]
  笛卡尔位置: [-0.168551, 0.649388, 0.100407]
  笛卡尔姿态: [-0.667657, 0.744044, -0.012253, -0.021958]

轨迹点 18:
  时间: 0.540000 秒
  关节位置: [-1.421704, -0.042508, 1.702180, -0.566906, -1.685537, -0.239571]
  关节速度: [0.371397, -0.100525, 0.315072, -0.100979, -0.294441, -0.522000]
  关节加速度: [0.000000, -0.000000, 0.000000, -0.000000, -0.000000, -0.000000]
  笛卡尔位置: [-0.170226, 0.645207, 0.097627]
  笛卡尔姿态: [-0.665122, 0.746291, -0.013059, -0.022195]

轨迹点 19:
  时间: 0.570000 秒
  关节位置: [-1.410562, -0.045524, 1.711632, -0.569935, -1.694370, -0.255231]
  关节速度: [0.371397, -0.100525, 0.315072, -0.100979, -0.294441, -0.522000]
  关节加速度: [0.000000, -0.000000, 0.000000, -0.000000, -0.000000, -0.000000]
  笛卡尔位置: [-0.171832, 0.641025, 0.094893]
  笛卡尔姿态: [-0.662586, 0.748524, -0.013829, -0.022355]

轨迹点 20:
  时间: 0.600000 秒
  关节位置: [-1.399421, -0.048540, 1.721084, -0.572965, -1.703203, -0.270891]
  关节速度: [0.371397, -0.100525, 0.315072, -0.100979, -0.294441, -0.522000]
  关节加速度: [-0.000000, 0.000000, -0.000000, 0.000000, 0.000000, 0.000000]
  笛卡尔位置: [-0.173367, 0.636844, 0.092204]
  笛卡尔姿态: [-0.660050, 0.750745, -0.014559, -0.022440]

轨迹点 21:
  时间: 0.630000 秒
  关节位置: [-1.388279, -0.051555, 1.730536, -0.575994, -1.712036, -0.286551]
  关节速度: [0.371397, -0.100525, 0.315072, -0.100979, -0.294441, -0.522000]
  关节加速度: [0.000000, -0.000000, 0.000000, -0.000000, -0.000000, -0.000000]
  笛卡尔位置: [-0.174834, 0.632666, 0.089562]
  笛卡尔姿态: [-0.657515, 0.752952, -0.015250, -0.022451]

轨迹点 22:
  时间: 0.660000 秒
  关节位置: [-1.377137, -0.054571, 1.739989, -0.579023, -1.720870, -0.302211]
  关节速度: [0.371397, -0.100525, 0.315072, -0.100979, -0.294441, -0.522000]
  关节加速度: [0.000000, -0.000000, 0.000000, -0.000000, -0.000000, -0.000000]
  笛卡尔位置: [-0.176231, 0.628492, 0.086966]
  笛卡尔姿态: [-0.654981, 0.755146, -0.015898, -0.022388]

轨迹点 23:
  时间: 0.690000 秒
  关节位置: [-1.365995, -0.057587, 1.749441, -0.582053, -1.729703, -0.317871]
  关节速度: [0.371397, -0.100525, 0.315072, -0.100979, -0.294441, -0.522000]
  关节加速度: [-0.000000, 0.000000, -0.000000, 0.000000, 0.000000, 0.000000]
  笛卡尔位置: [-0.177560, 0.624324, 0.084417]
  笛卡尔姿态: [-0.652450, 0.757325, -0.016503, -0.022252]

轨迹点 24:
  时间: 0.720000 秒
  关节位置: [-1.354853, -0.060603, 1.758893, -0.585082, -1.738536, -0.333531]
  关节速度: [0.371397, -0.100525, 0.315072, -0.100979, -0.294441, -0.522000]
  关节加速度: [0.000000, 0.000000, 0.000000, 0.000000, 0.000000, 0.000000]
  笛卡尔位置: [-0.178820, 0.620162, 0.081915]
  笛卡尔姿态: [-0.649921, 0.759491, -0.017063, -0.022045]

轨迹点 25:
  时间: 0.750000 秒
  关节位置: [-1.343711, -0.063618, 1.768345, -0.588112, -1.747369, -0.349191]
  关节速度: [0.371397, -0.100525, 0.315072, -0.100979, -0.294441, -0.522000]
  关节加速度: [0.000000, -0.000000, 0.000000, -0.000000, -0.000000, -0.000000]
  笛卡尔位置: [-0.180014, 0.616009, 0.079460]
  笛卡尔姿态: [-0.647395, 0.761641, -0.017576, -0.021768]

轨迹点 26:
  时间: 0.780000 秒
  关节位置: [-1.332569, -0.066634, 1.777797, -0.591141, -1.756202, -0.364851]
  关节速度: [0.371397, -0.100525, 0.315072, -0.100979, -0.294441, -0.522000]
  关节加速度: [-0.000000, 0.000000, -0.000000, 0.000000, 0.000000, 0.000000]
  笛卡尔位置: [-0.181140, 0.611866, 0.077052]
  笛卡尔姿态: [-0.644873, 0.763776, -0.018041, -0.021420]

轨迹点 27:
  时间: 0.810000 秒
  关节位置: [-1.321427, -0.069650, 1.787249, -0.594170, -1.765036, -0.380511]
  关节速度: [0.371397, -0.100525, 0.315072, -0.100979, -0.294441, -0.522000]
  关节加速度: [-0.000000, 0.000000, -0.000000, 0.000000, 0.000000, 0.000000]
  笛卡尔位置: [-0.182200, 0.607733, 0.074692]
  笛卡尔姿态: [-0.642356, 0.765896, -0.018456, -0.021005]

轨迹点 28:
  时间: 0.840000 秒
  关节位置: [-1.310285, -0.072666, 1.796702, -0.597200, -1.773869, -0.396171]
  关节速度: [0.371397, -0.100525, 0.315072, -0.100979, -0.294441, -0.522000]
  关节加速度: [0.000000, -0.000000, 0.000000, -0.000000, -0.000000, -0.000000]
  笛卡尔位置: [-0.183195, 0.603613, 0.072380]
  笛卡尔姿态: [-0.639844, 0.768000, -0.018820, -0.020522]

轨迹点 29:
  时间: 0.870000 秒
  关节位置: [-1.299143, -0.075681, 1.806154, -0.600229, -1.782702, -0.411831]
  关节速度: [0.371397, -0.100525, 0.315072, -0.100979, -0.294441, -0.522000]
  关节加速度: [0.000000, -0.000000, 0.000000, -0.000000, -0.000000, -0.000000]
  笛卡尔位置: [-0.184125, 0.599507, 0.070115]
  笛卡尔姿态: [-0.637337, 0.770088, -0.019132, -0.019973]

轨迹点 30:
  时间: 0.900000 秒
  关节位置: [-1.288001, -0.078697, 1.815606, -0.603258, -1.791535, -0.427491]
  关节速度: [0.371397, -0.100525, 0.315072, -0.100979, -0.294441, -0.522000]
  关节加速度: [-0.000000, 0.000000, -0.000000, 0.000000, 0.000000, 0.000000]
  笛卡尔位置: [-0.184990, 0.595416, 0.067899]
  笛卡尔姿态: [-0.634837, 0.772160, -0.019389, -0.019358]

轨迹点 31:
  时间: 0.930000 秒
  关节位置: [-1.277081, -0.081653, 1.824870, -0.606227, -1.800193, -0.442840]
  关节速度: [0.350666, -0.094914, 0.297485, -0.095342, -0.278005, -0.492862]
  关节加速度: [-1.199104, 0.324559, -1.017251, 0.326023, 0.950639, 1.685344]
  笛卡尔位置: [-0.185777, 0.591422, 0.065774]
  笛卡尔姿态: [-0.632394, 0.774174, -0.019587, -0.018694]

轨迹点 32:
  时间: 0.960000 秒
  关节位置: [-1.267175, -0.084334, 1.833273, -0.608921, -1.808046, -0.456762]
  关节速度: [0.308054, -0.083380, 0.261335, -0.083756, -0.244222, -0.432970]
  关节加速度: [-1.537950, 0.416273, -1.304708, 0.418151, 1.219273, 2.161592]
  笛卡尔位置: [-0.186439, 0.587815, 0.063886]
  笛卡尔姿态: [-0.630184, 0.775986, -0.019720, -0.018040]

轨迹点 33:
  时间: 0.990000 秒
  关节位置: [-1.258625, -0.086648, 1.840527, -0.611245, -1.814825, -0.468780]
  关节速度: [0.262236, -0.070979, 0.222466, -0.071299, -0.207899, -0.368574]
  关节加速度: [-1.492064, 0.403853, -1.265780, 0.405675, 1.182895, 2.097099]
  笛卡尔位置: [-0.186970, 0.584712, 0.062287]
  笛卡尔姿态: [-0.628281, 0.777539, -0.019798, -0.017436]

轨迹点 34:
  时间: 1.020000 秒
  关节位置: [-1.251423, -0.088598, 1.846637, -0.613204, -1.820534, -0.478902]
  关节速度: [0.217955, -0.058993, 0.184900, -0.059259, -0.172793, -0.306336]
  关节加速度: [-1.473462, 0.398819, -1.250000, 0.400618, 1.168148, 2.070955]
  笛卡尔位置: [-0.187390, 0.582108, 0.060963]
  笛卡尔姿态: [-0.626683, 0.778839, -0.019837, -0.016900]

轨迹点 35:
  时间: 1.050000 秒
  关节位置: [-1.245548, -0.090188, 1.851621, -0.614801, -1.825192, -0.487160]
  关节速度: [0.173751, -0.047029, 0.147400, -0.047241, -0.137748, -0.244208]
  关节加速度: [-1.473462, 0.398819, -1.250000, 0.400618, 1.168148, 2.070955]
  笛卡尔位置: [-0.187713, 0.579990, 0.059897]
  笛卡尔姿态: [-0.625381, 0.779894, -0.019850, -0.016444]

轨迹点 36:
  时间: 1.080000 秒
  关节位置: [-1.240998, -0.091419, 1.855481, -0.616038, -1.828799, -0.493555]
  关节速度: [0.129547, -0.035064, 0.109900, -0.035222, -0.102704, -0.182079]
  关节加速度: [-1.473462, 0.398819, -1.250000, 0.400618, 1.168148, 2.070955]
  笛卡尔位置: [-0.187952, 0.578354, 0.059082]
  笛卡尔姿态: [-0.624375, 0.780707, -0.019848, -0.016080]

轨迹点 37:
  时间: 1.110000 秒
  关节位置: [-1.237770, -0.092291, 1.858219, -0.616920, -1.831357, -0.498089]
  关节速度: [0.086611, -0.022844, 0.073614, -0.024765, -0.068485, -0.121268]
  关节加速度: [-1.217266, 0.453335, -1.004179, 0.079532, 1.002130, 1.806866]
  笛卡尔位置: [-0.188116, 0.577196, 0.058508]
  笛卡尔姿态: [-0.623663, 0.781281, -0.019841, -0.015816]

轨迹点 38:
  时间: 1.140000 秒
  关节位置: [-1.235603, -0.092739, 1.860090, -0.617790, -1.833034, -0.501028]
  关节速度: [0.061570, -0.005831, 0.054724, -0.038734, -0.045568, -0.078140]
  关节加速度: [-0.484535, 0.691641, -0.282176, -1.006031, 0.551987, 1.115415]
  笛卡尔位置: [-0.188276, 0.576497, 0.058110]
  笛卡尔姿态: [-0.623229, 0.781632, -0.019795, -0.015618]

轨迹点 39:
  时间: 1.170000 秒
  关节位置: [-1.233906, -0.092566, 1.861675, -0.619534, -1.834190, -0.502924]
  关节速度: [0.053060, 0.018448, 0.052557, -0.081028, -0.032240, -0.049148]
  关节加速度: [-0.199698, 0.909242, 0.027224, -1.681695, 0.414424, 0.943476]
  笛卡尔位置: [-0.188599, 0.576245, 0.057745]
  笛卡尔姿态: [-0.623058, 0.781778, -0.019617, -0.015399]

轨迹点 40:
  时间: 1.200000 秒
  关节位置: [-1.232460, -0.091590, 1.863216, -0.622705, -1.834927, -0.503896]
  关节速度: [0.040043, 0.046809, 0.047225, -0.127907, -0.014482, -0.011602]
  关节加速度: [-0.869464, 0.935339, -0.576649, -1.184571, 0.898935, 1.764559]
  笛卡尔位置: [-0.189191, 0.576495, 0.057347]
  笛卡尔姿态: [-0.623178, 0.781697, -0.019239, -0.015111]

轨迹点 41:
  时间: 1.230000 秒
  关节位置: [-1.231679, -0.089807, 1.864337, -0.626966, -1.834949, -0.503448]
  关节速度: [0.012587, 0.071042, 0.027797, -0.154550, 0.012316, 0.040009]
  关节加速度: [-0.773656, 0.729841, -0.536659, -0.846111, 0.769204, 1.490731]
  笛卡尔位置: [-0.189990, 0.577331, 0.056999]
  笛卡尔姿态: [-0.623645, 0.781344, -0.018694, -0.014803]

轨迹点 42:
  时间: 1.260000 秒
  关节位置: [-1.231548, -0.087351, 1.865021, -0.632057, -1.834306, -0.501701]
  关节速度: [-0.000295, 0.092688, 0.021043, -0.187910, 0.027967, 0.072189]
  关节加速度: [-0.069677, 0.733243, 0.105150, -1.431216, 0.269177, 0.651602]
  笛卡尔位置: [-0.190946, 0.578676, 0.056714]
  笛卡尔姿态: [-0.624414, 0.780751, -0.018020, -0.014488]

轨迹点 43:
  时间: 1.290000 秒
  关节位置: [-1.231513, -0.084234, 1.865770, -0.638415, -1.833398, -0.499327]
  关节速度: [0.004185, 0.115350, 0.030334, -0.237593, 0.031565, 0.084396]
  关节加速度: [0.212161, 0.768007, 0.369779, -1.733267, 0.078994, 0.341544]
  笛卡尔位置: [-0.192140, 0.580404, 0.056378]
  笛卡尔姿态: [-0.625406, 0.779983, -0.017173, -0.014100]

轨迹点 44:
  时间: 1.320000 秒
  关节位置: [-1.231344, -0.080431, 1.866798, -0.646273, -1.832379, -0.496582]
  关节速度: [0.006252, 0.138104, 0.037448, -0.285478, 0.036908, 0.099559]
  关节加速度: [0.034220, 0.755879, 0.204961, -1.562499, 0.202009, 0.544914]
  笛卡尔位置: [-0.193612, 0.582478, 0.055944]
  笛卡尔姿态: [-0.626598, 0.779057, -0.016131, -0.013609]

轨迹点 45:
  时间: 1.350000 秒
  关节位置: [-1.231141, -0.075948, 1.868014, -0.655540, -1.831181, -0.493350]
  关节速度: [0.007279, 0.160780, 0.043596, -0.332353, 0.042969, 0.115906]
  关节加速度: [0.034219, 0.755878, 0.204960, -1.562496, 0.202009, 0.544913]
  笛卡尔位置: [-0.195346, 0.584910, 0.055432]
  笛卡尔姿态: [-0.627999, 0.777963, -0.014902, -0.013023]

轨迹点 46:
  时间: 1.380000 秒
  关节位置: [-1.230907, -0.070784, 1.869414, -0.666214, -1.829801, -0.489627]
  关节速度: [0.008305, 0.183456, 0.049745, -0.379228, 0.049029, 0.132254]
  关节加速度: [0.034219, 0.755878, 0.204960, -1.562496, 0.202009, 0.544913]
  笛卡尔位置: [-0.197340, 0.587695, 0.054845]
  笛卡尔姿态: [-0.629609, 0.776697, -0.013486, -0.012341]

轨迹点 47:
  时间: 1.410000 秒
  关节位置: [-1.230643, -0.064945, 1.870997, -0.678284, -1.828241, -0.485418]
  关节速度: [0.009268, 0.204713, 0.055509, -0.423168, 0.054710, 0.147578]
  关节加速度: [0.021917, 0.484137, 0.131277, -1.000774, 0.129386, 0.349015]
  笛卡尔位置: [-0.199589, 0.590822, 0.054183]
  笛卡尔姿态: [-0.631424, 0.775260, -0.011886, -0.011559]

轨迹点 48:
  时间: 1.440000 秒
  关节位置: [-1.230359, -0.058671, 1.872698, -0.691254, -1.826564, -0.480895]
  关节速度: [0.009570, 0.211389, 0.057319, -0.436969, 0.056494, 0.152391]
  关节加速度: [0.001933, 0.042702, 0.011579, -0.088271, 0.011412, 0.030784]
  笛卡尔位置: [-0.202001, 0.594158, 0.053475]
  笛卡尔姿态: [-0.633369, 0.773709, -0.010166, -0.010707]

轨迹点 49:
  时间: 1.470000 秒
  关节位置: [-1.230072, -0.052331, 1.874418, -0.704360, -1.824870, -0.476324]
  关节速度: [0.009548, 0.210918, 0.057191, -0.435994, 0.056368, 0.152051]
  关节加速度: [-0.001561, -0.034488, -0.009352, 0.071291, -0.009217, -0.024862]
  笛卡尔位置: [-0.204432, 0.597503, 0.052762]
  笛卡尔姿态: [-0.635327, 0.772134, -0.008429, -0.009834]

轨迹点 50:
  时间: 1.500000 秒
  关节位置: [-1.229786, -0.046013, 1.876131, -0.717419, -1.823181, -0.471770]
  关节速度: [0.009527, 0.210437, 0.057061, -0.435000, 0.056239, 0.151704]
  关节加速度: [0.000000, 0.000000, 0.000000, -0.000000, 0.000000, 0.000000]
  笛卡尔位置: [-0.206848, 0.600809, 0.052054]
  笛卡尔姿态: [-0.637272, 0.770558, -0.006698, -0.008952]

轨迹点 51:
  时间: 1.530000 秒
  关节位置: [-1.229500, -0.039700, 1.877842, -0.730469, -1.821494, -0.467219]
  关节速度: [0.009527, 0.210437, 0.057061, -0.435000, 0.056239, 0.151704]
  关节加速度: [-0.000000, -0.000000, -0.000000, 0.000000, -0.000000, -0.000000]
  笛卡尔位置: [-0.209256, 0.604086, 0.051351]
  笛卡尔姿态: [-0.639210, 0.768974, -0.004969, -0.008058]

轨迹点 52:
  时间: 1.560000 秒
  关节位置: [-1.229214, -0.033387, 1.879554, -0.743519, -1.819807, -0.462668]
  关节速度: [0.009527, 0.210437, 0.057061, -0.435000, 0.056239, 0.151704]
  关节加速度: [-0.000000, -0.000000, -0.000000, 0.000000, -0.000000, -0.000000]
  笛卡尔位置: [-0.211658, 0.607337, 0.050650]
  笛卡尔姿态: [-0.641140, 0.767384, -0.003241, -0.007151]

轨迹点 53:
  时间: 1.590000 秒
  关节位置: [-1.228929, -0.027074, 1.881266, -0.756569, -1.818120, -0.458117]
  关节速度: [0.009527, 0.210437, 0.057061, -0.435000, 0.056239, 0.151704]
  关节加速度: [0.000000, 0.000000, 0.000000, -0.000000, 0.000000, 0.000000]
  笛卡尔位置: [-0.214054, 0.610560, 0.049954]
  笛卡尔姿态: [-0.643064, 0.765786, -0.001512, -0.006232]

轨迹点 54:
  时间: 1.620000 秒
  关节位置: [-1.228643, -0.020761, 1.882978, -0.769619, -1.816433, -0.453566]
  关节速度: [0.009527, 0.210437, 0.057061, -0.435000, 0.056239, 0.151704]
  关节加速度: [-0.000000, -0.000000, -0.000000, 0.000000, -0.000000, -0.000000]
  笛卡尔位置: [-0.216443, 0.613757, 0.049260]
  笛卡尔姿态: [-0.644981, 0.764180, 0.000215, -0.005301]

轨迹点 55:
  时间: 1.650000 秒
  关节位置: [-1.228357, -0.014448, 1.884690, -0.782669, -1.814745, -0.449014]
  关节速度: [0.009527, 0.210437, 0.057061, -0.435000, 0.056239, 0.151704]
  关节加速度: [-0.000000, -0.000000, -0.000000, 0.000000, -0.000000, -0.000000]
  笛卡尔位置: [-0.218826, 0.616926, 0.048571]
  笛卡尔姿态: [-0.646891, 0.762568, 0.001943, -0.004358]

轨迹点 56:
  时间: 1.680000 秒
  关节位置: [-1.228071, -0.008135, 1.886402, -0.795719, -1.813058, -0.444463]
  关节速度: [0.009527, 0.210437, 0.057061, -0.435000, 0.056239, 0.151704]
  关节加速度: [0.000000, 0.000000, 0.000000, -0.000000, 0.000000, 0.000000]
  笛卡尔位置: [-0.221202, 0.620069, 0.047885]
  笛卡尔姿态: [-0.648794, 0.760948, 0.003669, -0.003402]

轨迹点 57:
  时间: 1.710000 秒
  关节位置: [-1.227785, -0.001822, 1.888113, -0.808769, -1.811371, -0.439912]
  关节速度: [0.009527, 0.210437, 0.057061, -0.435000, 0.056239, 0.151704]
  关节加速度: [0.000000, 0.000000, 0.000000, -0.000000, 0.000000, 0.000000]
  笛卡尔位置: [-0.223572, 0.623184, 0.047202]
  笛卡尔姿态: [-0.650690, 0.759320, 0.005395, -0.002434]

轨迹点 58:
  时间: 1.740000 秒
  关节位置: [-1.227500, 0.004492, 1.889825, -0.821819, -1.809684, -0.435361]
  关节速度: [0.009527, 0.210437, 0.057061, -0.435000, 0.056239, 0.151704]
  关节加速度: [-0.000000, -0.000000, -0.000000, 0.000000, -0.000000, -0.000000]
  笛卡尔位置: [-0.225934, 0.626271, 0.046524]
  笛卡尔姿态: [-0.652579, 0.757686, 0.007121, -0.001454]

轨迹点 59:
  时间: 1.770000 秒
  关节位置: [-1.227214, 0.010805, 1.891537, -0.834869, -1.807997, -0.430810]
  关节速度: [0.009527, 0.210437, 0.057061, -0.435000, 0.056239, 0.151704]
  关节加速度: [-0.000000, -0.000000, -0.000000, 0.000000, -0.000000, -0.000000]
  笛卡尔位置: [-0.228290, 0.629331, 0.045850]
  笛卡尔姿态: [-0.654461, 0.756044, 0.008845, -0.000461]

轨迹点 60:
  时间: 1.800000 秒
  关节位置: [-1.226928, 0.017118, 1.893249, -0.847919, -1.806309, -0.426259]
  关节速度: [0.009527, 0.210437, 0.057061, -0.435000, 0.056239, 0.151704]
  关节加速度: [0.000000, 0.000000, 0.000000, -0.000000, 0.000000, 0.000000]
  笛卡尔位置: [-0.230640, 0.632363, 0.045180]
  笛卡尔姿态: [-0.656336, 0.754395, 0.010569, 0.000544]

轨迹点 61:
  时间: 1.830000 秒
  关节位置: [-1.226642, 0.023431, 1.894961, -0.860969, -1.804622, -0.421708]
  关节速度: [0.009527, 0.210437, 0.057061, -0.435000, 0.056239, 0.151704]
  关节加速度: [-0.000000, -0.000000, -0.000000, 0.000000, -0.000000, -0.000000]
  笛卡尔位置: [-0.232982, 0.635368, 0.044514]
  笛卡尔姿态: [-0.658203, 0.752738, 0.012292, 0.001561]

轨迹点 62:
  时间: 1.860000 秒
  关节位置: [-1.226356, 0.029744, 1.896673, -0.874019, -1.802935, -0.417157]
  关节速度: [0.009527, 0.210437, 0.057061, -0.435000, 0.056239, 0.151704]
  关节加速度: [-0.000000, -0.000000, -0.000000, 0.000000, -0.000000, -0.000000]
  笛卡尔位置: [-0.235317, 0.638344, 0.043852]
  笛卡尔姿态: [-0.660063, 0.751075, 0.014015, 0.002590]

轨迹点 63:
  时间: 1.890000 秒
  关节位置: [-1.226071, 0.036057, 1.898384, -0.887069, -1.801248, -0.412605]
  关节速度: [0.009527, 0.210437, 0.057061, -0.435000, 0.056239, 0.151704]
  关节加速度: [0.000000, 0.000000, 0.000000, -0.000000, 0.000000, 0.000000]
  笛卡尔位置: [-0.237646, 0.641293, 0.043195]
  笛卡尔姿态: [-0.661916, 0.749404, 0.015736, 0.003632]

轨迹点 64:
  时间: 1.920000 秒
  关节位置: [-1.225785, 0.042370, 1.900096, -0.900119, -1.799561, -0.408054]
  关节速度: [0.009527, 0.210437, 0.057061, -0.435000, 0.056239, 0.151704]
  关节加速度: [0.000000, 0.000000, 0.000000, -0.000000, -0.000000, 0.000000]
  笛卡尔位置: [-0.239967, 0.644214, 0.042542]
  笛卡尔姿态: [-0.663761, 0.747727, 0.017457, 0.004685]

轨迹点 65:
  时间: 1.950000 秒
  关节位置: [-1.225499, 0.048683, 1.901808, -0.913169, -1.797874, -0.403503]
  关节速度: [0.009527, 0.210437, 0.057061, -0.435000, 0.056239, 0.151704]
  关节加速度: [-0.000000, -0.000000, -0.000000, 0.000000, -0.000000, -0.000000]
  笛卡尔位置: [-0.242281, 0.647106, 0.041894]
  笛卡尔姿态: [-0.665598, 0.746042, 0.019176, 0.005751]

轨迹点 66:
  时间: 1.980000 秒
  关节位置: [-1.225213, 0.054996, 1.903520, -0.926219, -1.796186, -0.398952]
  关节速度: [0.009527, 0.210437, 0.057061, -0.435000, 0.056239, 0.151704]
  关节加速度: [-0.000000, 0.000000, -0.000000, -0.000000, 0.000000, -0.000000]
  笛卡尔位置: [-0.244587, 0.649970, 0.041250]
  笛卡尔姿态: [-0.667428, 0.744350, 0.020895, 0.006829]

轨迹点 67:
  时间: 2.010000 秒
  关节位置: [-1.224927, 0.061309, 1.905232, -0.939269, -1.794499, -0.394401]
  关节速度: [0.009527, 0.210437, 0.057061, -0.435000, 0.056239, 0.151704]
  关节加速度: [0.000000, 0.000000, 0.000000, -0.000000, 0.000000, 0.000000]
  笛卡尔位置: [-0.246886, 0.652806, 0.040612]
  笛卡尔姿态: [-0.669250, 0.742651, 0.022613, 0.007920]

轨迹点 68:
  时间: 2.040000 秒
  关节位置: [-1.224642, 0.067623, 1.906944, -0.952319, -1.792812, -0.389850]
  关节速度: [0.009527, 0.210437, 0.057061, -0.435000, 0.056239, 0.151704]
  关节加速度: [-0.000000, -0.000000, -0.000000, 0.000000, -0.000000, -0.000000]
  笛卡尔位置: [-0.249178, 0.655613, 0.039978]
  笛卡尔姿态: [-0.671064, 0.740945, 0.024329, 0.009022]

轨迹点 69:
  时间: 2.070000 秒
  关节位置: [-1.224356, 0.073936, 1.908655, -0.965369, -1.791125, -0.385299]
  关节速度: [0.009527, 0.210437, 0.057061, -0.435000, 0.056239, 0.151704]
  关节加速度: [-0.000000, -0.000000, -0.000000, 0.000000, -0.000000, -0.000000]
  笛卡尔位置: [-0.251463, 0.658391, 0.039349]
  笛卡尔姿态: [-0.672870, 0.739233, 0.026045, 0.010137]

轨迹点 70:
  时间: 2.100000 秒
  关节位置: [-1.224070, 0.080249, 1.910367, -0.978419, -1.789438, -0.380748]
  关节速度: [0.009527, 0.210437, 0.057061, -0.435000, 0.056239, 0.151704]
  关节加速度: [0.000000, 0.000000, 0.000000, -0.000000, 0.000000, 0.000000]
  笛卡尔位置: [-0.253740, 0.661141, 0.038725]
  笛卡尔姿态: [-0.674668, 0.737513, 0.027759, 0.011263]

轨迹点 71:
  时间: 2.130000 秒
  关节位置: [-1.223784, 0.086562, 1.912079, -0.991469, -1.787750, -0.376196]
  关节速度: [0.009527, 0.210437, 0.057061, -0.435000, 0.056239, 0.151704]
  关节加速度: [0.000000, -0.000000, -0.000000, 0.000000, -0.000000, -0.000000]
  笛卡尔位置: [-0.256009, 0.663862, 0.038107]
  笛卡尔姿态: [-0.676458, 0.735786, 0.029472, 0.012402]

轨迹点 72:
  时间: 2.160000 秒
  关节位置: [-1.223498, 0.092875, 1.913791, -1.004519, -1.786063, -0.371645]
  关节速度: [0.009527, 0.210437, 0.057061, -0.435000, 0.056239, 0.151704]
  关节加速度: [-0.000000, -0.000000, -0.000000, 0.000000, -0.000000, -0.000000]
  笛卡尔位置: [-0.258270, 0.666554, 0.037494]
  笛卡尔姿态: [-0.678241, 0.734053, 0.031184, 0.013553]

轨迹点 73:
  时间: 2.190000 秒
  关节位置: [-1.223213, 0.099188, 1.915503, -1.017569, -1.784376, -0.367094]
  关节速度: [0.009527, 0.210437, 0.057061, -0.435000, 0.056239, 0.151704]
  关节加速度: [-0.000000, 0.000000, 0.000000, -0.000000, 0.000000, 0.000000]
  笛卡尔位置: [-0.260524, 0.669217, 0.036886]
  笛卡尔姿态: [-0.680015, 0.732312, 0.032895, 0.014716]

轨迹点 74:
  时间: 2.220000 秒
  关节位置: [-1.222927, 0.105501, 1.917215, -1.030619, -1.782689, -0.362543]
  关节速度: [0.009527, 0.210437, 0.057061, -0.435000, 0.056239, 0.151704]
  关节加速度: [0.000000, 0.000000, -0.000000, -0.000000, 0.000000, 0.000000]
  笛卡尔位置: [-0.262770, 0.671851, 0.036283]
  笛卡尔姿态: [-0.681780, 0.730565, 0.034604, 0.015891]

轨迹点 75:
  时间: 2.250000 秒
  关节位置: [-1.222641, 0.111814, 1.918926, -1.043669, -1.781002, -0.357992]
  关节速度: [0.009527, 0.210437, 0.057061, -0.435000, 0.056239, 0.151704]
  关节加速度: [-0.000000, -0.000000, -0.000000, 0.000000, -0.000000, -0.000000]
  笛卡尔位置: [-0.265008, 0.674456, 0.035687]
  笛卡尔姿态: [-0.683538, 0.728811, 0.036313, 0.017078]

轨迹点 76:
  时间: 2.280000 秒
  关节位置: [-1.222355, 0.118127, 1.920638, -1.056719, -1.779315, -0.353441]
  关节速度: [0.009527, 0.210437, 0.057061, -0.435000, 0.056239, 0.151704]
  关节加速度: [-0.000000, 0.000000, 0.000000, -0.000000, 0.000000, 0.000000]
  笛卡尔位置: [-0.267238, 0.677032, 0.035095]
  笛卡尔姿态: [-0.685287, 0.727051, 0.038019, 0.018277]

轨迹点 77:
  时间: 2.310000 秒
  关节位置: [-1.222069, 0.124441, 1.922350, -1.069769, -1.777627, -0.348890]
  关节速度: [0.009527, 0.210437, 0.057061, -0.435000, 0.056239, 0.151704]
  关节加速度: [0.000000, 0.000000, 0.000000, -0.000000, 0.000000, 0.000000]
  笛卡尔位置: [-0.269461, 0.679578, 0.034510]
  笛卡尔姿态: [-0.687027, 0.725283, 0.039725, 0.019488]

轨迹点 78:
  时间: 2.340000 秒
  关节位置: [-1.221784, 0.130754, 1.924062, -1.082819, -1.775940, -0.344339]
  关节速度: [0.009527, 0.210437, 0.057061, -0.435000, 0.056239, 0.151704]
  关节加速度: [-0.000000, -0.000000, -0.000000, 0.000000, -0.000000, -0.000000]
  笛卡尔位置: [-0.271675, 0.682095, 0.033930]
  笛卡尔姿态: [-0.688759, 0.723509, 0.041429, 0.020711]

轨迹点 79:
  时间: 2.370000 秒
  关节位置: [-1.221498, 0.137067, 1.925774, -1.095869, -1.774253, -0.339787]
  关节速度: [0.009527, 0.210437, 0.057061, -0.435000, 0.056239, 0.151704]
  关节加速度: [0.000000, -0.000000, -0.000000, 0.000000, -0.000000, -0.000000]
  笛卡尔位置: [-0.273881, 0.684582, 0.033356]
  笛卡尔姿态: [-0.690483, 0.721728, 0.043131, 0.021946]

轨迹点 80:
  时间: 2.400000 秒
  关节位置: [-1.221212, 0.143380, 1.927486, -1.108919, -1.772566, -0.335236]
  关节速度: [0.009527, 0.210437, 0.057061, -0.435000, 0.056239, 0.151704]
  关节加速度: [0.000000, 0.000000, 0.000000, -0.000000, 0.000000, 0.000000]
  笛卡尔位置: [-0.276078, 0.687040, 0.032789]
  笛卡尔姿态: [-0.692197, 0.719941, 0.044832, 0.023193]

轨迹点 81:
  时间: 2.430000 秒
  关节位置: [-1.220926, 0.149693, 1.929197, -1.121969, -1.770879, -0.330685]
  关节速度: [0.009527, 0.210437, 0.057061, -0.435000, 0.056239, 0.151704]
  关节加速度: [-0.000000, -0.000000, -0.000000, 0.000000, -0.000000, -0.000000]
  笛卡尔位置: [-0.278268, 0.689468, 0.032227]
  笛卡尔姿态: [-0.693903, 0.718147, 0.046531, 0.024451]

轨迹点 82:
  时间: 2.460000 秒
  关节位置: [-1.220640, 0.156006, 1.930909, -1.135019, -1.769191, -0.326134]
  关节速度: [0.009527, 0.210437, 0.057061, -0.435000, 0.056239, 0.151704]
  关节加速度: [-0.000000, -0.000000, -0.000000, 0.000000, -0.000000, -0.000000]
  笛卡尔位置: [-0.280449, 0.691866, 0.031671]
  笛卡尔姿态: [-0.695601, 0.716346, 0.048229, 0.025722]

轨迹点 83:
  时间: 2.490000 秒
  关节位置: [-1.220355, 0.162319, 1.932621, -1.148069, -1.767504, -0.321583]
  关节速度: [0.009527, 0.210437, 0.057061, -0.435000, 0.056239, 0.151704]
  关节加速度: [0.000000, 0.000000, 0.000000, -0.000000, 0.000000, 0.000000]
  笛卡尔位置: [-0.282622, 0.694235, 0.031122]
  笛卡尔姿态: [-0.697289, 0.714539, 0.049925, 0.027005]

轨迹点 84:
  时间: 2.520000 秒
  关节位置: [-1.220069, 0.168632, 1.934333, -1.161119, -1.765817, -0.317032]
  关节速度: [0.009527, 0.210437, 0.057061, -0.435000, 0.056239, 0.151704]
  关节加速度: [-0.000000, 0.000000, 0.000000, -0.000000, -0.000000, 0.000000]
  笛卡尔位置: [-0.284786, 0.696574, 0.030579]
  笛卡尔姿态: [-0.698968, 0.712726, 0.051619, 0.028299]

轨迹点 85:
  时间: 2.550000 秒
  关节位置: [-1.219783, 0.174945, 1.936045, -1.174169, -1.764130, -0.312481]
  关节速度: [0.009527, 0.210437, 0.057061, -0.435000, 0.056239, 0.151704]
  关节加速度: [-0.000000, -0.000000, -0.000000, 0.000000, -0.000000, -0.000000]
  笛卡尔位置: [-0.286942, 0.698882, 0.030043]
  笛卡尔姿态: [-0.700639, 0.710906, 0.053312, 0.029605]

轨迹点 86:
  时间: 2.580000 秒
  关节位置: [-1.219497, 0.181258, 1.937757, -1.187219, -1.762443, -0.307930]
  关节速度: [0.009527, 0.210437, 0.057061, -0.435000, 0.056239, 0.151704]
  关节加速度: [0.000000, 0.000000, -0.000000, -0.000000, 0.000000, 0.000000]
  笛卡尔位置: [-0.289089, 0.701161, 0.029513]
  笛卡尔姿态: [-0.702300, 0.709079, 0.055003, 0.030923]

轨迹点 87:
  时间: 2.610000 秒
  关节位置: [-1.219211, 0.187572, 1.939468, -1.200269, -1.760756, -0.303379]
  关节速度: [0.009527, 0.210437, 0.057061, -0.435000, 0.056239, 0.151704]
  关节加速度: [0.000000, 0.000000, 0.000000, -0.000000, 0.000000, 0.000000]
  笛卡尔位置: [-0.291228, 0.703410, 0.028990]
  笛卡尔姿态: [-0.703952, 0.707246, 0.056692, 0.032253]

轨迹点 88:
  时间: 2.640000 秒
  关节位置: [-1.218926, 0.193885, 1.941180, -1.213319, -1.759068, -0.298827]
  关节速度: [0.009527, 0.210437, 0.057061, -0.435000, 0.056239, 0.151704]
  关节加速度: [-0.000000, -0.000000, -0.000000, 0.000000, -0.000000, -0.000000]
  笛卡尔位置: [-0.293358, 0.705628, 0.028473]
  笛卡尔姿态: [0.705595, -0.705407, -0.058379, -0.033595]

轨迹点 89:
  时间: 2.670000 秒
  关节位置: [-1.218640, 0.200198, 1.942892, -1.226369, -1.757381, -0.294276]
  关节速度: [0.009527, 0.210437, 0.057061, -0.435000, 0.056239, 0.151704]
  关节加速度: [-0.000000, -0.000000, -0.000000, 0.000000, -0.000000, -0.000000]
  笛卡尔位置: [-0.295479, 0.707816, 0.027963]
  笛卡尔姿态: [0.707228, -0.703561, -0.060064, -0.034948]

轨迹点 90:
  时间: 2.700000 秒
  关节位置: [-1.218354, 0.206511, 1.944604, -1.239419, -1.755694, -0.289725]
  关节速度: [0.009527, 0.210437, 0.057061, -0.435000, 0.056239, 0.151704]
  关节加速度: [0.000000, 0.000000, 0.000000, -0.000000, 0.000000, 0.000000]
  笛卡尔位置: [-0.297591, 0.709974, 0.027460]
  笛卡尔姿态: [0.708853, -0.701710, -0.061748, -0.036313]

轨迹点 91:
  时间: 2.730000 秒
  关节位置: [-1.218068, 0.212824, 1.946316, -1.252469, -1.754007, -0.285174]
  关节速度: [0.009527, 0.210437, 0.057061, -0.435000, 0.056239, 0.151704]
  关节加速度: [-0.000000, -0.000000, -0.000000, 0.000000, -0.000000, -0.000000]
  笛卡尔位置: [-0.299694, 0.712101, 0.026964]
  笛卡尔姿态: [0.710467, -0.699852, -0.063429, -0.037690]

轨迹点 92:
  时间: 2.760000 秒
  关节位置: [-1.217782, 0.219137, 1.948028, -1.265519, -1.752320, -0.280623]
  关节速度: [0.009527, 0.210437, 0.057061, -0.435000, 0.056239, 0.151704]
  关节加速度: [-0.000000, -0.000000, -0.000000, 0.000000, -0.000000, -0.000000]
  笛卡尔位置: [-0.301789, 0.714198, 0.026475]
  笛卡尔姿态: [0.712073, -0.697987, -0.065109, -0.039079]

轨迹点 93:
  时间: 2.790000 秒
  关节位置: [-1.217497, 0.225450, 1.949739, -1.278569, -1.750633, -0.276072]
  关节速度: [0.009527, 0.210437, 0.057061, -0.435000, 0.056239, 0.151704]
  关节加速度: [0.000000, 0.000000, 0.000000, -0.000000, 0.000000, 0.000000]
  笛卡尔位置: [-0.303874, 0.716265, 0.025993]
  笛卡尔姿态: [0.713668, -0.696117, -0.066786, -0.040479]

轨迹点 94:
  时间: 2.820000 秒
  关节位置: [-1.217211, 0.231763, 1.951451, -1.291619, -1.748945, -0.271521]
  关节速度: [0.009527, 0.210437, 0.057061, -0.435000, 0.056239, 0.151704]
  关节加速度: [-0.000000, 0.000000, 0.000000, -0.000000, 0.000000, 0.000000]
  笛卡尔位置: [-0.305951, 0.718301, 0.025519]
  笛卡尔姿态: [0.715255, -0.694240, -0.068461, -0.041891]

轨迹点 95:
  时间: 2.850000 秒
  关节位置: [-1.216925, 0.238076, 1.953163, -1.304669, -1.747258, -0.266970]
  关节速度: [0.009527, 0.210437, 0.057061, -0.435000, 0.056239, 0.151704]
  关节加速度: [-0.000000, -0.000000, -0.000000, 0.000000, -0.000000, -0.000000]
  笛卡尔位置: [-0.308018, 0.720306, 0.025051]
  笛卡尔姿态: [0.716831, -0.692357, -0.070134, -0.043314]

轨迹点 96:
  时间: 2.880000 秒
  关节位置: [-1.216639, 0.244390, 1.954875, -1.317719, -1.745571, -0.262418]
  关节速度: [0.009527, 0.210437, 0.057061, -0.435000, 0.056239, 0.151704]
  关节加速度: [0.000000, 0.000000, -0.000000, -0.000000, -0.000000, 0.000000]
  笛卡尔位置: [-0.310076, 0.722281, 0.024591]
  笛卡尔姿态: [0.718398, -0.690468, -0.071805, -0.044749]

轨迹点 97:
  时间: 2.910000 秒
  关节位置: [-1.216353, 0.250703, 1.956587, -1.330769, -1.743884, -0.257867]
  关节速度: [0.009527, 0.210437, 0.057061, -0.435000, 0.056239, 0.151704]
  关节加速度: [0.000000, 0.000000, 0.000000, -0.000000, 0.000000, 0.000000]
  笛卡尔位置: [-0.312125, 0.724225, 0.024139]
  笛卡尔姿态: [0.719954, -0.688573, -0.073474, -0.046195]

轨迹点 98:
  时间: 2.940000 秒
  关节位置: [-1.216067, 0.257016, 1.958299, -1.343819, -1.742197, -0.253316]
  关节速度: [0.009527, 0.210437, 0.057061, -0.435000, 0.056239, 0.151704]
  关节加速度: [-0.000000, -0.000000, -0.000000, 0.000000, -0.000000, -0.000000]
  笛卡尔位置: [-0.314165, 0.726138, 0.023694]
  笛卡尔姿态: [0.721501, -0.686672, -0.075141, -0.047653]

轨迹点 99:
  时间: 2.970000 秒
  关节位置: [-1.215782, 0.263329, 1.960010, -1.356869, -1.740509, -0.248765]
  关节速度: [0.009527, 0.210437, 0.057061, -0.435000, 0.056239, 0.151704]
  关节加速度: [0.000000, -0.000000, -0.000000, 0.000000, -0.000000, -0.000000]
  笛卡尔位置: [-0.316195, 0.728021, 0.023256]
  笛卡尔姿态: [0.723038, -0.684765, -0.076805, -0.049123]

轨迹点 100:
  时间: 3.000000 秒
  关节位置: [-1.215496, 0.269642, 1.961722, -1.369919, -1.738822, -0.244214]
  关节速度: [0.009527, 0.210437, 0.057061, -0.435000, 0.056239, 0.151704]
  关节加速度: [0.000000, 0.000000, 0.000000, -0.000000, 0.000000, 0.000000]
  笛卡尔位置: [-0.318216, 0.729872, 0.022827]
  笛卡尔姿态: [0.724565, -0.682853, -0.078467, -0.050603]

轨迹点 101:
  时间: 3.030000 秒
  关节位置: [-1.215210, 0.275955, 1.963434, -1.382969, -1.737135, -0.239663]
  关节速度: [0.009527, 0.210437, 0.057061, -0.435000, 0.056239, 0.151704]
  关节加速度: [-0.000000, -0.000000, -0.000000, 0.000000, -0.000000, -0.000000]
  笛卡尔位置: [-0.320228, 0.731693, 0.022405]
  笛卡尔姿态: [0.726082, -0.680934, -0.080126, -0.052096]

轨迹点 102:
  时间: 3.060000 秒
  关节位置: [-1.214924, 0.282268, 1.965146, -1.396019, -1.735448, -0.235112]
  关节速度: [0.009527, 0.210437, 0.057061, -0.435000, 0.056239, 0.151704]
  关节加速度: [-0.000000, -0.000000, -0.000000, 0.000000, -0.000000, -0.000000]
  笛卡尔位置: [-0.322230, 0.733483, 0.021990]
  笛卡尔姿态: [0.727588, -0.679009, -0.081783, -0.053600]

轨迹点 103:
  时间: 3.090000 秒
  关节位置: [-1.214638, 0.288581, 1.966858, -1.409069, -1.733761, -0.230561]
  关节速度: [0.009527, 0.210437, 0.057061, -0.435000, 0.056239, 0.151704]
  关节加速度: [0.000000, 0.000000, 0.000000, -0.000000, 0.000000, 0.000000]
  笛卡尔位置: [-0.324223, 0.735241, 0.021584]
  笛卡尔姿态: [0.729085, -0.677079, -0.083438, -0.055115]

轨迹点 104:
  时间: 3.120000 秒
  关节位置: [-1.214353, 0.294894, 1.968570, -1.422119, -1.732074, -0.226009]
  关节速度: [0.009527, 0.210437, 0.057061, -0.435000, 0.056239, 0.151704]
  关节加速度: [0.000000, 0.000000, 0.000000, -0.000000, 0.000000, 0.000000]
  笛卡尔位置: [-0.326206, 0.736969, 0.021186]
  笛卡尔姿态: [0.730571, -0.675143, -0.085090, -0.056641]

轨迹点 105:
  时间: 3.150000 秒
  关节位置: [-1.214067, 0.301207, 1.970281, -1.435169, -1.730386, -0.221458]
  关节速度: [0.009527, 0.210437, 0.057061, -0.435000, 0.056239, 0.151704]
  关节加速度: [-0.000000, -0.000000, -0.000000, 0.000000, -0.000000, -0.000000]
  笛卡尔位置: [-0.328179, 0.738666, 0.020795]
  笛卡尔姿态: [0.732047, -0.673201, -0.086740, -0.058179]

轨迹点 106:
  时间: 3.180000 秒
  关节位置: [-1.213781, 0.307521, 1.971993, -1.448219, -1.728699, -0.216907]
  关节速度: [0.009527, 0.210437, 0.057061, -0.435000, 0.056239, 0.151704]
  关节加速度: [0.000000, 0.000000, -0.000000, -0.000000, 0.000000, 0.000000]
  笛卡尔位置: [-0.330142, 0.740331, 0.020413]
  笛卡尔姿态: [0.733512, -0.671253, -0.088387, -0.059728]

轨迹点 107:
  时间: 3.210000 秒
  关节位置: [-1.213495, 0.313834, 1.973705, -1.461269, -1.727012, -0.212356]
  关节速度: [0.009527, 0.210437, 0.057061, -0.435000, 0.056239, 0.151704]
  关节加速度: [0.000000, 0.000000, 0.000000, -0.000000, 0.000000, 0.000000]
  笛卡尔位置: [-0.332096, 0.741965, 0.020039]
  笛卡尔姿态: [0.734967, -0.669300, -0.090031, -0.061288]

轨迹点 108:
  时间: 3.240000 秒
  关节位置: [-1.213209, 0.320147, 1.975417, -1.474319, -1.725325, -0.207805]
  关节速度: [0.009527, 0.210437, 0.057061, -0.435000, 0.056239, 0.151704]
  关节加速度: [-0.000000, -0.000000, -0.000000, 0.000000, -0.000000, -0.000000]
  笛卡尔位置: [-0.334040, 0.743568, 0.019673]
  笛卡尔姿态: [0.736411, -0.667341, -0.091673, -0.062860]

轨迹点 109:
  时间: 3.270000 秒
  关节位置: [-1.212924, 0.326460, 1.977129, -1.487369, -1.723638, -0.203254]
  关节速度: [0.009527, 0.210437, 0.057061, -0.435000, 0.056239, 0.151704]
  关节加速度: [0.000000, -0.000000, -0.000000, 0.000000, -0.000000, -0.000000]
  笛卡尔位置: [-0.335975, 0.745140, 0.019316]
  笛卡尔姿态: [0.737845, -0.665376, -0.093312, -0.064443]

轨迹点 110:
  时间: 3.300000 秒
  关节位置: [-1.212638, 0.332773, 1.978841, -1.500419, -1.721950, -0.198703]
  关节速度: [0.009527, 0.210437, 0.057061, -0.435000, 0.056239, 0.151704]
  关节加速度: [0.000000, 0.000000, 0.000000, -0.000000, 0.000000, 0.000000]
  笛卡尔位置: [-0.337899, 0.746681, 0.018967]
  笛卡尔姿态: [0.739268, -0.663406, -0.094949, -0.066036]

轨迹点 111:
  时间: 3.330000 秒
  关节位置: [-1.212352, 0.339086, 1.980552, -1.513469, -1.720263, -0.194152]
  关节速度: [0.009527, 0.210437, 0.057061, -0.435000, 0.056239, 0.151704]
  关节加速度: [-0.000000, -0.000000, -0.000000, 0.000000, -0.000000, -0.000000]
  笛卡尔位置: [-0.339813, 0.748190, 0.018627]
  笛卡尔姿态: [0.740680, -0.661430, -0.096582, -0.067641]

轨迹点 112:
  时间: 3.360000 秒
  关节位置: [-1.212066, 0.345399, 1.982264, -1.526519, -1.718576, -0.189600]
  关节速度: [0.009527, 0.210437, 0.057061, -0.435000, 0.056239, 0.151704]
  关节加速度: [-0.000000, -0.000000, -0.000000, 0.000000, -0.000000, -0.000000]
  笛卡尔位置: [-0.341718, 0.749668, 0.018295]
  笛卡尔姿态: [0.742081, -0.659449, -0.098213, -0.069258]

轨迹点 113:
  时间: 3.390000 秒
  关节位置: [-1.211780, 0.351712, 1.983976, -1.539569, -1.716889, -0.185049]
  关节速度: [0.009527, 0.210437, 0.057061, -0.435000, 0.056239, 0.151704]
  关节加速度: [0.000000, 0.000000, 0.000000, -0.000000, 0.000000, 0.000000]
  笛卡尔位置: [-0.343612, 0.751115, 0.017971]
  笛卡尔姿态: [0.743472, -0.657463, -0.099841, -0.070885]

轨迹点 114:
  时间: 3.420000 秒
  关节位置: [-1.211495, 0.358025, 1.985688, -1.552619, -1.715202, -0.180498]
  关节速度: [0.009527, 0.210437, 0.057061, -0.435000, 0.056239, 0.151704]
  关节加速度: [-0.000000, 0.000000, 0.000000, -0.000000, -0.000000, 0.000000]
  笛卡尔位置: [-0.345496, 0.752530, 0.017657]
  笛卡尔姿态: [0.744851, -0.655471, -0.101466, -0.072523]

轨迹点 115:
  时间: 3.450000 秒
  关节位置: [-1.211209, 0.364339, 1.987400, -1.565669, -1.713515, -0.175947]
  关节速度: [0.009527, 0.210437, 0.057061, -0.435000, 0.056239, 0.151704]
  关节加速度: [-0.000000, -0.000000, -0.000000, 0.000000, -0.000000, -0.000000]
  笛卡尔位置: [-0.347371, 0.753914, 0.017351]
  笛卡尔姿态: [0.746220, -0.653473, -0.103088, -0.074172]

轨迹点 116:
  时间: 3.480000 秒
  关节位置: [-1.210923, 0.370652, 1.989112, -1.578719, -1.711827, -0.171396]
  关节速度: [0.009527, 0.210437, 0.057061, -0.435000, 0.056239, 0.151704]
  关节加速度: [0.000000, 0.000000, 0.000000, -0.000000, 0.000000, 0.000000]
  笛卡尔位置: [-0.349235, 0.755266, 0.017054]
  笛卡尔姿态: [0.747577, -0.651471, -0.104707, -0.075832]

轨迹点 117:
  时间: 3.510000 秒
  关节位置: [-1.210637, 0.376965, 1.990823, -1.591769, -1.710140, -0.166845]
  关节速度: [0.009527, 0.210437, 0.057061, -0.435000, 0.056239, 0.151704]
  关节加速度: [0.000000, 0.000000, 0.000000, -0.000000, 0.000000, 0.000000]
  笛卡尔位置: [-0.351088, 0.756587, 0.016766]
  笛卡尔姿态: [0.748924, -0.649463, -0.106323, -0.077504]

轨迹点 118:
  时间: 3.540000 秒
  关节位置: [-1.210351, 0.383278, 1.992535, -1.604819, -1.708453, -0.162294]
  关节速度: [0.009527, 0.210437, 0.057061, -0.435000, 0.056239, 0.151704]
  关节加速度: [-0.000000, -0.000000, -0.000000, 0.000000, -0.000000, -0.000000]
  笛卡尔位置: [-0.352932, 0.757877, 0.016486]
  笛卡尔姿态: [0.750259, -0.647449, -0.107936, -0.079186]

轨迹点 119:
  时间: 3.570000 秒
  关节位置: [-1.210066, 0.389591, 1.994247, -1.617869, -1.706766, -0.157743]
  关节速度: [0.009527, 0.210437, 0.057061, -0.435000, 0.056239, 0.151704]
  关节加速度: [-0.000000, -0.000000, -0.000000, 0.000000, -0.000000, -0.000000]
  笛卡尔位置: [-0.354765, 0.759135, 0.016216]
  笛卡尔姿态: [0.751583, -0.645431, -0.109546, -0.080879]

轨迹点 120:
  时间: 3.600000 秒
  关节位置: [-1.209780, 0.395904, 1.995959, -1.630919, -1.705079, -0.153192]
  关节速度: [0.009527, 0.210437, 0.057061, -0.435000, 0.056239, 0.151704]
  关节加速度: [0.000000, 0.000000, 0.000000, -0.000000, 0.000000, 0.000000]
  笛卡尔位置: [-0.356588, 0.760361, 0.015955]
  笛卡尔姿态: [0.752896, -0.643408, -0.111153, -0.082582]

轨迹点 121:
  时间: 3.630000 秒
  关节位置: [-1.209494, 0.402217, 1.997671, -1.643969, -1.703391, -0.148640]
  关节速度: [0.009527, 0.210437, 0.057061, -0.435000, 0.056239, 0.151704]
  关节加速度: [-0.000000, -0.000000, -0.000000, 0.000000, -0.000000, -0.000000]
  笛卡尔位置: [-0.358400, 0.761556, 0.015703]
  笛卡尔姿态: [0.754197, -0.641379, -0.112757, -0.084297]

轨迹点 122:
  时间: 3.660000 秒
  关节位置: [-1.209208, 0.408530, 1.999383, -1.657019, -1.701704, -0.144089]
  关节速度: [0.009527, 0.210437, 0.057061, -0.435000, 0.056239, 0.151704]
  关节加速度: [-0.000000, -0.000000, -0.000000, 0.000000, -0.000000, -0.000000]
  笛卡尔位置: [-0.360202, 0.762720, 0.015460]
  笛卡尔姿态: [0.755487, -0.639345, -0.114357, -0.086022]

轨迹点 123:
  时间: 3.690000 秒
  关节位置: [-1.208922, 0.414843, 2.001094, -1.670069, -1.700017, -0.139538]
  关节速度: [0.009527, 0.210437, 0.057061, -0.435000, 0.056239, 0.151704]
  关节加速度: [0.000000, 0.000000, 0.000000, -0.000000, 0.000000, 0.000000]
  笛卡尔位置: [-0.361994, 0.763852, 0.015227]
  笛卡尔姿态: [0.756765, -0.637307, -0.115955, -0.087758]

轨迹点 124:
  时间: 3.720000 秒
  关节位置: [-1.208637, 0.421156, 2.002806, -1.683119, -1.698330, -0.134987]
  关节速度: [0.009527, 0.210437, 0.057061, -0.435000, 0.056239, 0.151704]
  关节加速度: [0.000000, 0.000000, 0.000000, 0.000000, -0.000000, -0.000000]
  笛卡尔位置: [-0.363775, 0.764952, 0.015002]
  笛卡尔姿态: [0.758032, -0.635263, -0.117549, -0.089505]

轨迹点 125:
  时间: 3.750000 秒
  关节位置: [-1.208351, 0.427470, 2.004518, -1.696169, -1.696643, -0.130436]
  关节速度: [0.009527, 0.210437, 0.057061, -0.435000, 0.056239, 0.151704]
  关节加速度: [-0.000000, -0.000000, -0.000000, 0.000000, -0.000000, -0.000000]
  笛卡尔位置: [-0.365545, 0.766021, 0.014787]
  笛卡尔姿态: [0.759287, -0.633214, -0.119139, -0.091262]

轨迹点 126:
  时间: 3.780000 秒
  关节位置: [-1.208065, 0.433783, 2.006230, -1.709219, -1.694956, -0.125885]
  关节速度: [0.009527, 0.210437, 0.057061, -0.435000, 0.056239, 0.151704]
  关节加速度: [-0.000000, 0.000000, -0.000000, -0.000000, 0.000000, 0.000000]
  笛卡尔位置: [-0.367305, 0.767058, 0.014582]
  笛卡尔姿态: [0.760531, -0.631161, -0.120726, -0.093030]

轨迹点 127:
  时间: 3.810000 秒
  关节位置: [-1.207779, 0.440096, 2.007942, -1.722269, -1.693268, -0.121334]
  关节速度: [0.009527, 0.210437, 0.057061, -0.435000, 0.056239, 0.151704]
  关节加速度: [0.000000, 0.000000, 0.000000, -0.000000, 0.000000, 0.000000]
  笛卡尔位置: [-0.369054, 0.768064, 0.014386]
  笛卡尔姿态: [0.761762, -0.629102, -0.122310, -0.094809]

轨迹点 128:
  时间: 3.840000 秒
  关节位置: [-1.207493, 0.446409, 2.009654, -1.735319, -1.691581, -0.116783]
  关节速度: [0.009527, 0.210437, 0.057061, -0.435000, 0.056239, 0.151704]
  关节加速度: [-0.000000, -0.000000, -0.000000, 0.000000, -0.000000, -0.000000]
  笛卡尔位置: [-0.370793, 0.769038, 0.014200]
  笛卡尔姿态: [0.762982, -0.627039, -0.123891, -0.096598]

轨迹点 129:
  时间: 3.870000 秒
  关节位置: [-1.207208, 0.452722, 2.011365, -1.748369, -1.689894, -0.112231]
  关节速度: [0.009527, 0.210437, 0.057061, -0.435000, 0.056239, 0.151704]
  关节加速度: [-0.000000, -0.000000, -0.000000, 0.000000, -0.000000, -0.000000]
  笛卡尔位置: [-0.372520, 0.769980, 0.014023]
  笛卡尔姿态: [0.764191, -0.624971, -0.125467, -0.098397]

轨迹点 130:
  时间: 3.900000 秒
  关节位置: [-1.206922, 0.459035, 2.013077, -1.761419, -1.688207, -0.107680]
  关节速度: [0.009527, 0.210437, 0.057061, -0.435000, 0.056239, 0.151704]
  关节加速度: [0.000000, 0.000000, 0.000000, -0.000000, 0.000000, 0.000000]
  笛卡尔位置: [-0.374237, 0.770891, 0.013856]
  笛卡尔姿态: [0.765387, -0.622898, -0.127041, -0.100207]

轨迹点 131:
  时间: 3.930000 秒
  关节位置: [-1.206636, 0.465348, 2.014789, -1.774469, -1.686520, -0.103129]
  关节速度: [0.009527, 0.210437, 0.057061, -0.435000, 0.056239, 0.151704]
  关节加速度: [-0.000000, -0.000000, -0.000000, 0.000000, -0.000000, -0.000000]
  笛卡尔位置: [-0.375944, 0.771771, 0.013698]
  笛卡尔姿态: [0.766571, -0.620821, -0.128611, -0.102028]

轨迹点 132:
  时间: 3.960000 秒
  关节位置: [-1.206350, 0.471661, 2.016501, -1.787519, -1.684832, -0.098578]
  关节速度: [0.009527, 0.210437, 0.057061, -0.435000, 0.056239, 0.151704]
  关节加速度: [-0.000000, -0.000000, -0.000000, 0.000000, -0.000000, -0.000000]
  笛卡尔位置: [-0.377639, 0.772618, 0.013551]
  笛卡尔姿态: [0.767743, -0.618739, -0.130177, -0.103859]

轨迹点 133:
  时间: 3.990000 秒
  关节位置: [-1.206064, 0.477974, 2.018213, -1.800569, -1.683145, -0.094027]
  关节速度: [0.009527, 0.210437, 0.057061, -0.435000, 0.056239, 0.151704]
  关节加速度: [0.000000, 0.000000, 0.000000, -0.000000, 0.000000, 0.000000]
  笛卡尔位置: [-0.379324, 0.773435, 0.013413]
  笛卡尔姿态: [0.768903, -0.616652, -0.131739, -0.105700]

轨迹点 134:
  时间: 4.020000 秒
  关节位置: [-1.205779, 0.484288, 2.019925, -1.813619, -1.681458, -0.089476]
  关节速度: [0.009527, 0.210437, 0.057061, -0.435000, 0.056239, 0.151704]
  关节加速度: [-0.000000, -0.000000, -0.000000, 0.000000, -0.000000, -0.000000]
  笛卡尔位置: [-0.380997, 0.774219, 0.013285]
  笛卡尔姿态: [0.770051, -0.614561, -0.133298, -0.107551]

轨迹点 135:
  时间: 4.050000 秒
  关节位置: [-1.205493, 0.490601, 2.021636, -1.826669, -1.679771, -0.084925]
  关节速度: [0.009527, 0.210437, 0.057061, -0.435000, 0.056239, 0.151704]
  关节加速度: [0.000000, 0.000000, 0.000000, -0.000000, 0.000000, 0.000000]
  笛卡尔位置: [-0.382660, 0.774972, 0.013167]
  笛卡尔姿态: [0.771187, -0.612465, -0.134853, -0.109413]

轨迹点 136:
  时间: 4.080000 秒
  关节位置: [-1.205207, 0.496914, 2.023348, -1.839719, -1.678084, -0.080374]
  关节速度: [0.009527, 0.210437, 0.057061, -0.435000, 0.056239, 0.151704]
  关节加速度: [0.000000, 0.000000, 0.000000, -0.000000, 0.000000, 0.000000]
  笛卡尔位置: [-0.384312, 0.775694, 0.013059]
  笛卡尔姿态: [0.772311, -0.610365, -0.136405, -0.111285]

轨迹点 137:
  时间: 4.110000 秒
  关节位置: [-1.204921, 0.503227, 2.025060, -1.852769, -1.676397, -0.075822]
  关节速度: [0.009527, 0.210437, 0.057061, -0.435000, 0.056239, 0.151704]
  关节加速度: [-0.000000, -0.000000, -0.000000, 0.000000, -0.000000, -0.000000]
  笛卡尔位置: [-0.385952, 0.776384, 0.012961]
  笛卡尔姿态: [0.773422, -0.608260, -0.137952, -0.113167]

轨迹点 138:
  时间: 4.140000 秒
  关节位置: [-1.204635, 0.509540, 2.026772, -1.865819, -1.674709, -0.071271]
  关节速度: [0.009527, 0.210437, 0.057061, -0.435000, 0.056239, 0.151704]
  关节加速度: [0.000000, 0.000000, 0.000000, -0.000000, 0.000000, 0.000000]
  笛卡尔位置: [-0.387582, 0.777042, 0.012873]
  笛卡尔姿态: [0.774521, -0.606151, -0.139496, -0.115059]

轨迹点 139:
  时间: 4.170000 秒
  关节位置: [-1.204350, 0.515853, 2.028484, -1.878869, -1.673022, -0.066720]
  关节速度: [0.009527, 0.210437, 0.057061, -0.435000, 0.056239, 0.151704]
  关节加速度: [0.000000, 0.000000, 0.000000, -0.000000, 0.000000, 0.000000]
  笛卡尔位置: [-0.389201, 0.777669, 0.012795]
  笛卡尔姿态: [0.775607, -0.604038, -0.141036, -0.116961]

轨迹点 140:
  时间: 4.200000 秒
  关节位置: [-1.204064, 0.522166, 2.030196, -1.891919, -1.671335, -0.062169]
  关节速度: [0.009527, 0.210437, 0.057061, -0.435000, 0.056239, 0.151704]
  关节加速度: [-0.000000, -0.000000, -0.000000, 0.000000, -0.000000, -0.000000]
  笛卡尔位置: [-0.390808, 0.778265, 0.012727]
  笛卡尔姿态: [0.776681, -0.601920, -0.142572, -0.118874]

轨迹点 141:
  时间: 4.230000 秒
  关节位置: [-1.203778, 0.528479, 2.031907, -1.904969, -1.669648, -0.057618]
  关节速度: [0.009527, 0.210437, 0.057061, -0.435000, 0.056239, 0.151704]
  关节加速度: [0.000000, 0.000000, 0.000000, -0.000000, 0.000000, 0.000000]
  笛卡尔位置: [-0.392405, 0.778829, 0.012670]
  笛卡尔姿态: [0.777743, -0.599799, -0.144104, -0.120796]

轨迹点 142:
  时间: 4.260000 秒
  关节位置: [-1.203492, 0.534792, 2.033619, -1.918019, -1.667961, -0.053067]
  关节速度: [0.009527, 0.210437, 0.057061, -0.435000, 0.056239, 0.151704]
  关节加速度: [0.000000, 0.000000, 0.000000, -0.000000, 0.000000, 0.000000]
  笛卡尔位置: [-0.393990, 0.779361, 0.012623]
  笛卡尔姿态: [0.778792, -0.597673, -0.145632, -0.122729]

轨迹点 143:
  时间: 4.290000 秒
  关节位置: [-1.203206, 0.541105, 2.035331, -1.931069, -1.666273, -0.048516]
  关节速度: [0.009527, 0.210437, 0.057061, -0.435000, 0.056239, 0.151704]
  关节加速度: [-0.000000, -0.000000, -0.000000, 0.000000, -0.000000, -0.000000]
  笛卡尔位置: [-0.395564, 0.779862, 0.012586]
  笛卡尔姿态: [0.779828, -0.595542, -0.147156, -0.124671]

轨迹点 144:
  时间: 4.320000 秒
  关节位置: [-1.202921, 0.547419, 2.037043, -1.944119, -1.664586, -0.043965]
  关节速度: [0.009527, 0.210437, 0.057061, -0.435000, 0.056239, 0.151704]
  关节加速度: [-0.000000, -0.000000, -0.000000, 0.000000, -0.000000, -0.000000]
  笛卡尔位置: [-0.397127, 0.780332, 0.012559]
  笛卡尔姿态: [0.780852, -0.593408, -0.148676, -0.126623]

轨迹点 145:
  时间: 4.350000 秒
  关节位置: [-1.202635, 0.553732, 2.038755, -1.957169, -1.662899, -0.039413]
  关节速度: [0.009527, 0.210437, 0.057061, -0.435000, 0.056239, 0.151704]
  关节加速度: [0.000000, 0.000000, 0.000000, -0.000000, 0.000000, 0.000000]
  笛卡尔位置: [-0.398678, 0.780770, 0.012543]
  笛卡尔姿态: [0.781862, -0.591270, -0.150191, -0.128585]

轨迹点 146:
  时间: 4.380000 秒
  关节位置: [-1.202349, 0.560045, 2.040467, -1.970219, -1.661212, -0.034862]
  关节速度: [0.009527, 0.210437, 0.057061, -0.435000, 0.056239, 0.151704]
  关节加速度: [-0.000000, -0.000000, -0.000000, 0.000000, -0.000000, -0.000000]
  笛卡尔位置: [-0.400218, 0.781177, 0.012537]
  笛卡尔姿态: [0.782860, -0.589127, -0.151703, -0.130557]

轨迹点 147:
  时间: 4.410000 秒
  关节位置: [-1.202063, 0.566358, 2.042178, -1.983269, -1.659525, -0.030311]
  关节速度: [0.009527, 0.210437, 0.057061, -0.435000, 0.056239, 0.151704]
  关节加速度: [-0.000000, -0.000000, -0.000000, 0.000000, -0.000000, -0.000000]
  笛卡尔位置: [-0.401747, 0.781553, 0.012542]
  笛卡尔姿态: [0.783845, -0.586981, -0.153210, -0.132538]

轨迹点 148:
  时间: 4.440000 秒
  关节位置: [-1.201777, 0.572671, 2.043890, -1.996319, -1.657838, -0.025760]
  关节速度: [0.009527, 0.210437, 0.057061, -0.435000, 0.056239, 0.151704]
  关节加速度: [0.000000, 0.000000, 0.000000, -0.000000, 0.000000, 0.000000]
  笛卡尔位置: [-0.403265, 0.781897, 0.012557]
  笛卡尔姿态: [0.784818, -0.584831, -0.154713, -0.134529]

轨迹点 149:
  时间: 4.470000 秒
  关节位置: [-1.201492, 0.578984, 2.045602, -2.009369, -1.656150, -0.021209]
  关节速度: [0.009527, 0.210437, 0.057061, -0.435000, 0.056239, 0.151704]
  关节加速度: [0.000000, 0.000000, 0.000000, -0.000000, 0.000000, 0.000000]
  笛卡尔位置: [-0.404771, 0.782210, 0.012583]
  笛卡尔姿态: [0.785777, -0.582677, -0.156212, -0.136530]

轨迹点 150:
  时间: 4.500000 秒
  关节位置: [-1.201206, 0.585297, 2.047314, -2.022419, -1.654463, -0.016658]
  关节速度: [0.009527, 0.210437, 0.057061, -0.435000, 0.056239, 0.151704]
  关节加速度: [-0.000000, -0.000000, -0.000000, 0.000000, -0.000000, -0.000000]
  笛卡尔位置: [-0.406266, 0.782491, 0.012620]
  笛卡尔姿态: [0.786723, -0.580519, -0.157707, -0.138541]

轨迹点 151:
  时间: 4.530000 秒
  关节位置: [-1.200920, 0.591610, 2.049026, -2.035469, -1.652776, -0.012107]
  关节速度: [0.009527, 0.210437, 0.057061, -0.435000, 0.056239, 0.151704]
  关节加速度: [0.000000, 0.000000, 0.000000, -0.000000, 0.000000, 0.000000]
  笛卡尔位置: [-0.407749, 0.782742, 0.012667]
  笛卡尔姿态: [0.787656, -0.578357, -0.159197, -0.140561]

轨迹点 152:
  时间: 4.560000 秒
  关节位置: [-1.200634, 0.597923, 2.050738, -2.048519, -1.651089, -0.007556]
  关节速度: [0.009527, 0.210437, 0.057061, -0.435000, 0.056239, 0.151704]
  关节加速度: [0.000000, 0.000000, 0.000000, -0.000000, 0.000000, 0.000000]
  笛卡尔位置: [-0.409221, 0.782961, 0.012724]
  笛卡尔姿态: [0.788576, -0.576192, -0.160683, -0.142590]

轨迹点 153:
  时间: 4.590000 秒
  关节位置: [-1.200348, 0.604237, 2.052449, -2.061569, -1.649402, -0.003005]
  关节速度: [0.009527, 0.210437, 0.057061, -0.435000, 0.056239, 0.151704]
  关节加速度: [-0.000000, -0.000000, -0.000000, 0.000000, -0.000000, -0.000000]
  笛卡尔位置: [-0.410682, 0.783149, 0.012793]
  笛卡尔姿态: [0.789483, -0.574022, -0.162164, -0.144629]

轨迹点 154:
  时间: 4.620000 秒
  关节位置: [-1.200063, 0.610550, 2.054161, -2.074619, -1.647715, 0.001547]
  关节速度: [0.009527, 0.210437, 0.057061, -0.435000, 0.056239, 0.151704]
  关节加速度: [-0.000000, -0.000000, -0.000000, 0.000000, -0.000000, -0.000000]
  笛卡尔位置: [-0.412131, 0.783306, 0.012872]
  笛卡尔姿态: [0.790377, -0.571850, -0.163641, -0.146678]

轨迹点 155:
  时间: 4.650000 秒
  关节位置: [-1.199777, 0.616863, 2.055873, -2.087669, -1.646027, 0.006098]
  关节速度: [0.009527, 0.210437, 0.057061, -0.435000, 0.056239, 0.151704]
  关节加速度: [0.000000, 0.000000, 0.000000, -0.000000, 0.000000, 0.000000]
  笛卡尔位置: [-0.413568, 0.783432, 0.012962]
  笛卡尔姿态: [0.791257, -0.569673, -0.165114, -0.148735]

轨迹点 156:
  时间: 4.680000 秒
  关节位置: [-1.199491, 0.623176, 2.057585, -2.100719, -1.644340, 0.010649]
  关节速度: [0.009527, 0.210437, 0.057061, -0.435000, 0.056239, 0.151704]
  关节加速度: [-0.000000, -0.000000, -0.000000, 0.000000, -0.000000, -0.000000]
  笛卡尔位置: [-0.414994, 0.783526, 0.013063]
  笛卡尔姿态: [0.792124, -0.567493, -0.166582, -0.150802]

轨迹点 157:
  时间: 4.710000 秒
  关节位置: [-1.199205, 0.629489, 2.059297, -2.113769, -1.642653, 0.015200]
  关节速度: [0.009527, 0.210437, 0.057061, -0.435000, 0.056239, 0.151704]
  关节加速度: [-0.000000, -0.000000, -0.000000, 0.000000, -0.000000, -0.000000]
  笛卡尔位置: [-0.416409, 0.783590, 0.013174]
  笛卡尔姿态: [0.792978, -0.565310, -0.168045, -0.152879]

轨迹点 158:
  时间: 4.740000 秒
  关节位置: [-1.198919, 0.635802, 2.061009, -2.126819, -1.640966, 0.019751]
  关节速度: [0.009527, 0.210437, 0.057061, -0.435000, 0.056239, 0.151704]
  关节加速度: [0.000000, 0.000000, 0.000000, -0.000000, 0.000000, 0.000000]
  笛卡尔位置: [-0.417812, 0.783623, 0.013297]
  笛卡尔姿态: [0.793818, -0.563123, -0.169504, -0.154964]

轨迹点 159:
  时间: 4.770000 秒
  关节位置: [-1.198634, 0.642115, 2.062720, -2.139869, -1.639279, 0.024302]
  关节速度: [0.009527, 0.210437, 0.057061, -0.435000, 0.056239, 0.151704]
  关节加速度: [0.000000, 0.000000, 0.000000, -0.000000, 0.000000, 0.000000]
  笛卡尔位置: [-0.419203, 0.783625, 0.013430]
  笛卡尔姿态: [0.794645, -0.560933, -0.170958, -0.157059]

轨迹点 160:
  时间: 4.800000 秒
  关节位置: [-1.198348, 0.648428, 2.064432, -2.152919, -1.637591, 0.028853]
  关节速度: [0.009527, 0.210437, 0.057061, -0.435000, 0.056239, 0.151704]
  关节加速度: [-0.000000, -0.000000, -0.000000, 0.000000, -0.000000, -0.000000]
  笛卡尔位置: [-0.420582, 0.783596, 0.013574]
  笛卡尔姿态: [0.795458, -0.558739, -0.172407, -0.159163]

轨迹点 161:
  时间: 4.830000 秒
  关节位置: [-1.198061, 0.654760, 2.066149, -2.166008, -1.635899, 0.033418]
  关节速度: [0.009595, 0.211952, 0.057472, -0.438131, 0.056644, 0.152796]
  关节加速度: [0.002271, 0.050159, 0.013601, -0.103685, 0.013405, 0.036160]
  笛卡尔位置: [-0.421955, 0.783536, 0.013730]
  笛卡尔姿态: [0.796260, -0.556536, -0.173856, -0.161282]

轨迹点 162:
  时间: 4.860000 秒
  关节位置: [-1.197773, 0.661118, 2.067873, -2.179149, -1.634200, 0.038001]
  关节速度: [0.009541, 0.210755, 0.057147, -0.435657, 0.056324, 0.151933]
  关节加速度: [-0.007644, -0.168842, -0.045782, 0.349017, -0.045123, -0.121718]
  笛卡尔位置: [-0.423320, 0.783444, 0.013897]
  笛卡尔姿态: [0.797051, -0.554320, -0.175306, -0.163419]

轨迹点 163:
  时间: 4.890000 秒
  关节位置: [-1.197493, 0.667308, 2.069552, -2.191945, -1.632546, 0.042464]
  关节速度: [0.009047, 0.199845, 0.054189, -0.413105, 0.053409, 0.144068]
  关节加速度: [-0.026504, -0.585458, -0.158750, 1.210217, -0.156464, -0.422057]
  笛卡尔位置: [-0.424639, 0.783325, 0.014071]
  笛卡尔姿态: [0.797809, -0.552160, -0.176713, -0.165509]

轨迹点 164:
  时间: 4.920000 秒
  关节位置: [-1.197236, 0.672986, 2.071091, -2.203683, -1.631028, 0.046557]
  关节速度: [0.008060, 0.178031, 0.048274, -0.368013, 0.047579, 0.128343]
  关节加速度: [-0.034220, -0.755879, -0.204961, 1.562500, -0.202009, -0.544914]
  笛卡尔位置: [-0.425838, 0.783190, 0.014240]
  笛卡尔姿态: [0.798492, -0.550176, -0.178000, -0.167433]

轨迹点 165:
  时间: 4.950000 秒
  关节位置: [-1.197010, 0.677987, 2.072447, -2.214020, -1.629692, 0.050162]
  关节速度: [0.007033, 0.155355, 0.042125, -0.321138, 0.041519, 0.111995]
  关节加速度: [-0.034220, -0.755879, -0.204961, 1.562500, -0.202009, -0.544914]
  笛卡尔位置: [-0.426887, 0.783050, 0.014396]
  笛卡尔姿态: [0.799084, -0.548426, -0.179130, -0.169134]

轨迹点 166:
  时间: 4.980000 秒
  关节位置: [-1.196814, 0.682307, 2.073619, -2.222951, -1.628537, 0.053277]
  关节速度: [0.006007, 0.132678, 0.035976, -0.274263, 0.035458, 0.095648]
  关节加速度: [-0.034220, -0.755879, -0.204961, 1.562500, -0.202009, -0.544914]
  笛卡尔位置: [-0.427787, 0.782914, 0.014536]
  笛卡尔姿态: [0.799589, -0.546913, -0.180104, -0.170607]

轨迹点 167:
  时间: 5.010000 秒
  关节位置: [-1.196649, 0.685948, 2.074606, -2.230476, -1.627564, 0.055901]
  关节速度: [0.004980, 0.110002, 0.029828, -0.227388, 0.029398, 0.079301]
  关节加速度: [-0.034220, -0.755879, -0.204961, 1.562500, -0.202009, -0.544914]
  笛卡尔位置: [-0.428541, 0.782789, 0.014659]
  笛卡尔姿态: [0.800009, -0.545637, -0.180922, -0.171852]

轨迹点 168:
  时间: 5.040000 秒
  关节位置: [-1.196515, 0.688907, 2.075408, -2.236594, -1.626773, 0.058035]
  关节速度: [0.003953, 0.087326, 0.023679, -0.180513, 0.023338, 0.062953]
  关节加速度: [-0.034220, -0.755879, -0.204961, 1.562500, -0.202009, -0.544914]
  笛卡尔位置: [-0.429151, 0.782679, 0.014761]
  笛卡尔姿态: [0.800348, -0.544598, -0.181587, -0.172867]

轨迹点 169:
  时间: 5.070000 秒
  关节位置: [-1.196412, 0.691187, 2.076027, -2.241307, -1.626164, 0.059678]
  关节速度: [0.002927, 0.064649, 0.017530, -0.133638, 0.017278, 0.046606]
  关节加速度: [-0.034220, -0.755879, -0.204961, 1.562500, -0.202009, -0.544914]
  笛卡尔位置: [-0.429620, 0.782590, 0.014841]
  笛卡尔姿态: [0.800606, -0.543798, -0.182098, -0.173649]

轨迹点 170:
  时间: 5.100000 秒
  关节位置: [-1.196340, 0.692786, 2.076460, -2.244613, -1.625737, 0.060831]
  关节速度: [0.001900, 0.041973, 0.011381, -0.086763, 0.011217, 0.030258]
  关节加速度: [-0.034220, -0.755879, -0.204961, 1.562500, -0.202009, -0.544914]
  笛卡尔位置: [-0.429947, 0.782525, 0.014898]
  笛卡尔姿态: [0.800786, -0.543236, -0.182456, -0.174199]

轨迹点 171:
  时间: 5.130000 秒
  关节位置: [-1.196298, 0.693705, 2.076709, -2.246512, -1.625491, 0.061494]
  关节速度: [0.000874, 0.019297, 0.005232, -0.039888, 0.005157, 0.013911]
  关节加速度: [-0.034220, -0.755879, -0.204961, 1.562500, -0.202009, -0.544914]
  笛卡尔位置: [-0.430135, 0.782487, 0.014932]
  笛卡尔姿态: [0.800890, -0.542914, -0.182662, -0.174515]

轨迹点 172:
  时间: 5.155529 秒
  关节位置: [-1.196287, 0.693952, 2.076776, -2.247022, -1.625425, 0.061671]
  关节速度: [0.000000, 0.000000, 0.000000, 0.000000, 0.000000, 0.000000]
  关节加速度: [0.000000, 0.000000, 0.000000, 0.000000, 0.000000, 0.000000]
  笛卡尔位置: [-0.430185, 0.782476, 0.014940]
  笛卡尔姿态: [0.800917, -0.542827, -0.182717, -0.174600]

