详细轨迹分析报告
====================
轨迹点数: 44
轨迹总时间: 4.272 秒
关节名称: 
  0: joint1
  1: joint2
  2: joint3
  3: joint4
  4: joint5
  5: joint6

详细轨迹点信息:
================
轨迹点 0:
  时间: 0.000000 秒
  关节位置: [-1.575177, 0.000076, 1.571738, -0.524525, -1.564998, -0.023696]
  关节速度: [0.000000, 0.000000, 0.000000, -0.000000, -0.000000, 0.000000]
  关节加速度: [0.000000, 0.000000, 0.000000, 0.000000, 0.000000, 0.000000]

轨迹点 1:
  时间: 0.100000 秒
  关节位置: [-1.572371, 0.000610, 1.576304, -0.532337, -1.565764, -0.020553]
  关节速度: [0.056120, 0.010679, 0.091314, -0.156250, -0.015309, 0.062873]
  关节加速度: [0.561205, 0.106788, 0.913141, -1.562500, -0.153086, 0.628728]

轨迹点 2:
  时间: 0.200000 秒
  关节位置: [-1.563953, 0.002212, 1.590001, -0.555775, -1.568060, -0.011122]
  关节速度: [0.112241, 0.021358, 0.182628, -0.312500, -0.030617, 0.125746]
  关节加速度: [0.561205, 0.106788, 0.913141, -1.562500, -0.153086, 0.628728]

轨迹点 3:
  时间: 0.300000 秒
  关节位置: [-1.550054, 0.004857, 1.612616, -0.594473, -1.571851, 0.004450]
  关节速度: [0.156239, 0.029730, 0.254218, -0.435000, -0.042619, 0.175038]
  关节加速度: [-0.000000, -0.000000, -0.000000, 0.000000, 0.000000, -0.000000]

轨迹点 4:
  时间: 0.400000 秒
  关节位置: [-1.534430, 0.007830, 1.638038, -0.637973, -1.576113, 0.021953]
  关节速度: [0.156239, 0.029730, 0.254218, -0.435000, -0.042619, 0.175038]
  关节加速度: [-0.000000, -0.000000, -0.000000, 0.000000, 0.000000, -0.000000]

轨迹点 5:
  时间: 0.500000 秒
  关节位置: [-1.518806, 0.010803, 1.663460, -0.681473, -1.580375, 0.039457]
  关节速度: [0.156239, 0.029730, 0.254218, -0.435000, -0.042619, 0.175038]
  关节加速度: [0.000000, 0.000000, 0.000000, -0.000000, -0.000000, 0.000000]

轨迹点 6:
  时间: 0.600000 秒
  关节位置: [-1.503182, 0.013776, 1.688882, -0.724973, -1.584637, 0.056961]
  关节速度: [0.156239, 0.029730, 0.254218, -0.435000, -0.042619, 0.175038]
  关节加速度: [-0.000000, -0.000000, -0.000000, 0.000000, 0.000000, -0.000000]

轨迹点 7:
  时间: 0.700000 秒
  关节位置: [-1.487558, 0.016749, 1.714304, -0.768473, -1.588899, 0.074465]
  关节速度: [0.156239, 0.029730, 0.254218, -0.435000, -0.042619, 0.175038]
  关节加速度: [-0.000000, -0.000000, -0.000000, 0.000000, 0.000000, -0.000000]

轨迹点 8:
  时间: 0.800000 秒
  关节位置: [-1.471934, 0.019722, 1.739726, -0.811973, -1.593161, 0.091969]
  关节速度: [0.156239, 0.029730, 0.254218, -0.435000, -0.042619, 0.175038]
  关节加速度: [-0.000000, -0.000000, -0.000000, 0.000000, 0.000000, -0.000000]

轨迹点 9:
  时间: 0.900000 秒
  关节位置: [-1.456310, 0.022695, 1.765147, -0.855473, -1.597423, 0.109472]
  关节速度: [0.156239, 0.029730, 0.254218, -0.435000, -0.042619, 0.175038]
  关节加速度: [-0.000000, -0.000000, -0.000000, 0.000000, 0.000000, -0.000000]

轨迹点 10:
  时间: 1.000000 秒
  关节位置: [-1.440686, 0.025668, 1.790569, -0.898973, -1.601685, 0.126976]
  关节速度: [0.156239, 0.029730, 0.254218, -0.435000, -0.042619, 0.175038]
  关节加速度: [0.000000, 0.000000, 0.000000, -0.000000, -0.000000, 0.000000]

轨迹点 11:
  时间: 1.100000 秒
  关节位置: [-1.425062, 0.028641, 1.815991, -0.942473, -1.605947, 0.144480]
  关节速度: [0.156239, 0.029730, 0.254218, -0.435000, -0.042619, 0.175038]
  关节加速度: [0.000000, 0.000000, 0.000000, -0.000000, -0.000000, 0.000000]

轨迹点 12:
  时间: 1.200000 秒
  关节位置: [-1.409438, 0.031614, 1.841413, -0.985973, -1.610209, 0.161984]
  关节速度: [0.156239, 0.029730, 0.254218, -0.435000, -0.042619, 0.175038]
  关节加速度: [0.000000, 0.000000, 0.000000, -0.000000, -0.000000, 0.000000]

轨迹点 13:
  时间: 1.300000 秒
  关节位置: [-1.393814, 0.034587, 1.866835, -1.029473, -1.614471, 0.179487]
  关节速度: [0.156239, 0.029730, 0.254218, -0.435000, -0.042619, 0.175038]
  关节加速度: [0.000000, 0.000000, 0.000000, -0.000000, -0.000000, 0.000000]

轨迹点 14:
  时间: 1.400000 秒
  关节位置: [-1.378190, 0.037560, 1.892257, -1.072973, -1.618732, 0.196991]
  关节速度: [0.156239, 0.029730, 0.254218, -0.435000, -0.042619, 0.175038]
  关节加速度: [0.000000, 0.000000, 0.000000, -0.000000, -0.000000, 0.000000]

轨迹点 15:
  时间: 1.500000 秒
  关节位置: [-1.362566, 0.040533, 1.917679, -1.116473, -1.622994, 0.214495]
  关节速度: [0.156239, 0.029730, 0.254218, -0.435000, -0.042619, 0.175038]
  关节加速度: [0.000000, 0.000000, 0.000000, -0.000000, -0.000000, 0.000000]

轨迹点 16:
  时间: 1.600000 秒
  关节位置: [-1.346942, 0.043506, 1.943100, -1.159973, -1.627256, 0.231999]
  关节速度: [0.156239, 0.029730, 0.254218, -0.435000, -0.042619, 0.175038]
  关节加速度: [0.000000, 0.000000, 0.000000, -0.000000, -0.000000, 0.000000]

轨迹点 17:
  时间: 1.700000 秒
  关节位置: [-1.331318, 0.046479, 1.968522, -1.203473, -1.631518, 0.249503]
  关节速度: [0.156239, 0.029730, 0.254218, -0.435000, -0.042619, 0.175038]
  关节加速度: [0.000000, 0.000000, 0.000000, -0.000000, -0.000000, 0.000000]

轨迹点 18:
  时间: 1.800000 秒
  关节位置: [-1.315695, 0.049452, 1.993944, -1.246973, -1.635780, 0.267006]
  关节速度: [0.156239, 0.029730, 0.254218, -0.435000, -0.042619, 0.175038]
  关节加速度: [0.000000, 0.000000, 0.000000, -0.000000, -0.000000, 0.000000]

轨迹点 19:
  时间: 1.900000 秒
  关节位置: [-1.300071, 0.052425, 2.019366, -1.290473, -1.640042, 0.284510]
  关节速度: [0.156239, 0.029730, 0.254218, -0.435000, -0.042619, 0.175038]
  关节加速度: [0.000000, 0.000000, 0.000000, -0.000000, -0.000000, 0.000000]

轨迹点 20:
  时间: 2.000000 秒
  关节位置: [-1.285053, 0.055816, 2.043706, -1.332856, -1.644102, 0.301042]
  关节速度: [0.135463, 0.058310, 0.214645, -0.412000, -0.034740, 0.133969]
  关节加速度: [-0.237938, 0.937248, -0.561371, -0.389854, 0.131696, -0.803916]

轨迹点 21:
  时间: 2.100000 秒
  关节位置: [-1.272772, 0.066234, 2.062255, -1.375702, -1.646903, 0.310382]
  关节速度: [0.107579, 0.146966, 0.152612, -0.435000, -0.020747, 0.051342]
  关节加速度: [-0.330537, 0.797200, -0.690330, -0.000916, 0.148633, -0.840699]

轨迹点 22:
  时间: 2.200000 秒
  关节位置: [-1.263654, 0.084879, 2.074094, -1.419202, -1.648241, 0.311349]
  关节速度: [0.074620, 0.226373, 0.083792, -0.435000, -0.005932, -0.032442]
  关节加速度: [-0.341212, 0.823063, -0.712647, -0.001070, 0.153441, -0.867915]

轨迹点 23:
  时间: 2.300000 秒
  关节位置: [-1.258038, 0.111907, 2.078629, -1.462641, -1.648008, 0.303443]
  关节速度: [0.035583, 0.316383, 0.002998, -0.430676, 0.011341, -0.129465]
  关节加速度: [-0.466995, 0.937276, -0.941806, 0.201174, 0.197143, -1.084386]

轨迹点 24:
  时间: 2.400000 秒
  关节位置: [-1.254589, 0.144189, 2.078632, -1.506116, -1.646799, 0.290010]
  关节速度: [0.034485, 0.323066, -0.000011, -0.435000, 0.012109, -0.134464]
  关节加速度: [0.000000, 0.000000, -0.000000, -0.000000, 0.000000, -0.000000]

轨迹点 25:
  时间: 2.500000 秒
  关节位置: [-1.251141, 0.176496, 2.078631, -1.549616, -1.645588, 0.276564]
  关节速度: [0.034485, 0.323066, -0.000011, -0.435000, 0.012109, -0.134464]
  关节加速度: [0.000000, 0.000000, -0.000000, -0.000000, 0.000000, -0.000000]

轨迹点 26:
  时间: 2.600000 秒
  关节位置: [-1.247692, 0.208803, 2.078630, -1.593116, -1.644377, 0.263118]
  关节速度: [0.034485, 0.323066, -0.000011, -0.435000, 0.012109, -0.134464]
  关节加速度: [0.000000, 0.000000, -0.000000, -0.000000, 0.000000, -0.000000]

轨迹点 27:
  时间: 2.700000 秒
  关节位置: [-1.244244, 0.241109, 2.078629, -1.636616, -1.643166, 0.249671]
  关节速度: [0.034485, 0.323066, -0.000011, -0.435000, 0.012109, -0.134464]
  关节加速度: [0.000000, 0.000000, -0.000000, -0.000000, 0.000000, -0.000000]

轨迹点 28:
  时间: 2.800000 秒
  关节位置: [-1.240795, 0.273416, 2.078628, -1.680116, -1.641955, 0.236225]
  关节速度: [0.034485, 0.323066, -0.000011, -0.435000, 0.012109, -0.134464]
  关节加速度: [0.000000, 0.000000, -0.000000, -0.000000, 0.000000, -0.000000]

轨迹点 29:
  时间: 2.900000 秒
  关节位置: [-1.237347, 0.305723, 2.078627, -1.723616, -1.640744, 0.222778]
  关节速度: [0.034485, 0.323066, -0.000011, -0.435000, 0.012109, -0.134464]
  关节加速度: [0.000000, 0.000000, -0.000000, -0.000000, 0.000000, -0.000000]

轨迹点 30:
  时间: 3.000000 秒
  关节位置: [-1.233898, 0.338029, 2.078625, -1.767116, -1.639534, 0.209332]
  关节速度: [0.034485, 0.323066, -0.000011, -0.435000, 0.012109, -0.134464]
  关节加速度: [0.000000, 0.000000, -0.000000, -0.000000, 0.000000, -0.000000]

轨迹点 31:
  时间: 3.100000 秒
  关节位置: [-1.230450, 0.370336, 2.078624, -1.810616, -1.638323, 0.195885]
  关节速度: [0.034485, 0.323066, -0.000011, -0.435000, 0.012109, -0.134464]
  关节加速度: [0.000000, 0.000000, -0.000000, -0.000000, 0.000000, -0.000000]

轨迹点 32:
  时间: 3.200000 秒
  关节位置: [-1.227001, 0.402643, 2.078623, -1.854116, -1.637112, 0.182439]
  关节速度: [0.034485, 0.323066, -0.000011, -0.435000, 0.012109, -0.134464]
  关节加速度: [0.000000, 0.000000, -0.000000, -0.000000, 0.000000, -0.000000]

轨迹点 33:
  时间: 3.300000 秒
  关节位置: [-1.223553, 0.434949, 2.078622, -1.897616, -1.635901, 0.168992]
  关节速度: [0.034485, 0.323066, -0.000011, -0.435000, 0.012109, -0.134464]
  关节加速度: [0.000000, 0.000000, -0.000000, -0.000000, 0.000000, -0.000000]

轨迹点 34:
  时间: 3.400000 秒
  关节位置: [-1.220104, 0.467256, 2.078621, -1.941116, -1.634690, 0.155546]
  关节速度: [0.034485, 0.323066, -0.000011, -0.435000, 0.012109, -0.134464]
  关节加速度: [0.000000, 0.000000, -0.000000, -0.000000, 0.000000, -0.000000]

轨迹点 35:
  时间: 3.500000 秒
  关节位置: [-1.216656, 0.499562, 2.078620, -1.984616, -1.633479, 0.142100]
  关节速度: [0.034485, 0.323066, -0.000011, -0.435000, 0.012109, -0.134464]
  关节加速度: [0.000000, 0.000000, -0.000000, -0.000000, 0.000000, -0.000000]

轨迹点 36:
  时间: 3.600000 秒
  关节位置: [-1.213207, 0.531869, 2.078618, -2.028116, -1.632268, 0.128653]
  关节速度: [0.034485, 0.323066, -0.000011, -0.435000, 0.012109, -0.134464]
  关节加速度: [0.000000, 0.000000, -0.000000, -0.000000, 0.000000, -0.000000]

轨迹点 37:
  时间: 3.700000 秒
  关节位置: [-1.209759, 0.564176, 2.078617, -2.071616, -1.631057, 0.115207]
  关节速度: [0.034485, 0.323066, -0.000011, -0.435000, 0.012109, -0.134464]
  关节加速度: [0.000000, 0.000000, -0.000000, -0.000000, 0.000000, -0.000000]

轨迹点 38:
  时间: 3.800000 秒
  关节位置: [-1.206310, 0.596482, 2.078616, -2.115116, -1.629847, 0.101760]
  关节速度: [0.034485, 0.323066, -0.000011, -0.435000, 0.012109, -0.134464]
  关节加速度: [0.000000, 0.000000, -0.000000, -0.000000, 0.000000, -0.000000]

轨迹点 39:
  时间: 3.900000 秒
  关节位置: [-1.202862, 0.628789, 2.078615, -2.158616, -1.628636, 0.088314]
  关节速度: [0.034485, 0.323066, -0.000011, -0.435000, 0.012109, -0.134464]
  关节加速度: [0.000000, 0.000000, -0.000000, -0.000000, 0.000000, -0.000000]

轨迹点 40:
  时间: 4.000000 秒
  关节位置: [-1.199675, 0.658638, 2.078614, -2.198807, -1.627517, 0.075890]
  关节速度: [0.027239, 0.255183, -0.000009, -0.343597, 0.009564, -0.106211]
  关节加速度: [-0.100071, -0.937500, 0.000033, 1.262318, -0.035138, 0.390200]

轨迹点 41:
  时间: 4.100000 秒
  关节位置: [-1.197452, 0.679469, 2.078613, -2.226855, -1.626736, 0.067220]
  关节速度: [0.017232, 0.161433, -0.000006, -0.217365, 0.006051, -0.067191]
  关节加速度: [-0.100071, -0.937500, 0.000033, 1.262318, -0.035138, 0.390200]

轨迹点 42:
  时间: 4.200000 秒
  关节位置: [-1.196229, 0.690925, 2.078613, -2.242280, -1.626307, 0.062452]
  关节速度: [0.007225, 0.067683, -0.000002, -0.091134, 0.002537, -0.028171]
  关节加速度: [-0.100071, -0.937500, 0.000033, 1.262318, -0.035138, 0.390200]

轨迹点 43:
  时间: 4.272195 秒
  关节位置: [-1.195968, 0.693368, 2.078613, -2.245569, -1.626215, 0.061435]
  关节速度: [-0.000000, -0.000000, 0.000000, 0.000000, -0.000000, 0.000000]
  关节加速度: [-0.100071, -0.937500, 0.000033, 1.262318, -0.035138, 0.390200]

