详细轨迹分析报告
====================
轨迹点数: 130
轨迹总时间: 3.856 秒
关节名称: 
  0: joint1
  1: joint2
  2: joint3
  3: joint4
  4: joint5
  5: joint6

详细轨迹点信息:
================
轨迹点 0:
  时间: 0.000000 秒
  关节位置: [-1.576154, -0.000844, 1.571977, -0.525008, -1.564441, -0.023162]
  关节速度: [0.000000, 0.000000, 0.000000, 0.000000, 0.000000, 0.000000]
  关节加速度: [0.000000, 0.000000, 0.000000, 0.000000, 0.000000, 0.000000]
  笛卡尔位置: [-0.139879, 0.702195, 0.139640]
  笛卡尔姿态: [-0.699459, 0.714576, 0.000186, -0.011749]

轨迹点 1:
  时间: 0.030000 秒
  关节位置: [-1.576281, -0.000664, 1.572175, -0.525470, -1.564688, -0.023339]
  关节速度: [-0.011349, 0.016087, 0.017567, -0.041133, -0.021980, -0.015811]
  关节加速度: [-0.582012, 0.824980, 0.900848, -2.109375, -1.127191, -0.810810]
  笛卡尔位置: [-0.139652, 0.702312, 0.139557]
  笛卡尔姿态: [-0.699315, 0.714718, 0.000174, -0.011676]

轨迹点 2:
  时间: 0.060000 秒
  关节位置: [-1.576880, 0.000185, 1.573102, -0.527640, -1.565848, -0.024174]
  关节速度: [-0.027937, 0.039599, 0.043241, -0.101250, -0.054105, -0.038919]
  关节加速度: [-0.465610, 0.659984, 0.720678, -1.687500, -0.901753, -0.648648]
  笛卡尔位置: [-0.138586, 0.702863, 0.139165]
  笛卡尔姿态: [-0.698637, 0.715386, 0.000117, -0.011330]

轨迹点 3:
  时间: 0.090000 秒
  关节位置: [-1.577898, 0.001628, 1.574677, -0.531330, -1.567819, -0.025592]
  关节速度: [-0.039286, 0.055686, 0.060807, -0.142383, -0.076085, -0.054730]
  关节加速度: [-0.349207, 0.494988, 0.540509, -1.265625, -0.676314, -0.486486]
  笛卡尔位置: [-0.136772, 0.703795, 0.138500]
  笛卡尔姿态: [-0.697484, 0.716520, 0.000023, -0.010743]

轨迹点 4:
  时间: 0.120000 秒
  关节位置: [-1.579258, 0.003556, 1.576782, -0.536258, -1.570453, -0.027486]
  关节速度: [-0.051734, 0.073331, 0.080075, -0.187500, -0.100195, -0.072072]
  关节加速度: [-0.431115, 0.611089, 0.667286, -1.562480, -0.834946, -0.600593]
  笛卡尔位置: [-0.134347, 0.705027, 0.137614]
  笛卡尔姿态: [-0.695939, 0.718032, -0.000103, -0.009958]

轨迹点 5:
  时间: 0.150000 秒
  关节位置: [-1.581004, 0.006030, 1.579484, -0.542586, -1.573834, -0.029918]
  关节速度: [-0.064668, 0.091664, 0.100094, -0.234374, -0.125243, -0.090090]
  关节加速度: [-0.431114, 0.611088, 0.667286, -1.562479, -0.834945, -0.600592]
  笛卡尔位置: [-0.131228, 0.706592, 0.136479]
  笛卡尔姿态: [-0.693949, 0.719969, -0.000261, -0.008948]

轨迹点 6:
  时间: 0.180000 秒
  关节位置: [-1.583138, 0.009055, 1.582788, -0.550320, -1.577967, -0.032891]
  关节速度: [-0.077601, 0.109997, 0.120112, -0.281249, -0.150291, -0.108108]
  关节加速度: [-0.431118, 0.611094, 0.667292, -1.562493, -0.834952, -0.600597]
  笛卡尔位置: [-0.127410, 0.708475, 0.135097]
  笛卡尔姿态: [-0.691507, 0.722328, -0.000451, -0.007713]

轨迹点 7:
  时间: 0.210000 秒
  关节位置: [-1.585661, 0.012631, 1.586692, -0.559463, -1.582853, -0.036406]
  关节速度: [-0.090676, 0.128530, 0.140350, -0.328635, -0.175613, -0.126322]
  关节加速度: [-0.456600, 0.647213, 0.706733, -1.654846, -0.884303, -0.636097]
  笛卡尔位置: [-0.122887, 0.710660, 0.133472]
  笛卡尔姿态: [-0.688609, 0.725106, -0.000671, -0.006251]

轨迹点 8:
  时间: 0.240000 秒
  关节位置: [-1.588589, 0.016781, 1.591224, -0.570075, -1.588523, -0.040485]
  关节速度: [-0.104428, 0.148023, 0.161636, -0.378478, -0.202248, -0.145481]
  关节加速度: [-0.436637, 0.618917, 0.675834, -1.582496, -0.845641, -0.608286]
  笛卡尔位置: [-0.117625, 0.713142, 0.131596]
  笛卡尔姿态: [-0.685227, 0.728315, -0.000918, -0.004551]

轨迹点 9:
  时间: 0.270000 秒
  关节位置: [-1.591900, 0.021474, 1.596349, -0.582074, -1.594936, -0.045097]
  关节速度: [-0.115515, 0.163738, 0.178796, -0.418658, -0.223719, -0.160925]
  关节加速度: [-0.280727, 0.397920, 0.434514, -1.017435, -0.543688, -0.391086]
  笛卡尔位置: [-0.111660, 0.715876, 0.129488]
  笛卡尔姿态: [-0.681380, 0.731924, -0.001189, -0.002626]

轨迹点 10:
  时间: 0.300000 秒
  关节位置: [-1.595454, 0.026512, 1.601850, -0.594955, -1.601819, -0.050048]
  关节速度: [-0.120024, 0.170129, 0.185775, -0.435000, -0.232452, -0.167207]
  关节加速度: [0.000000, -0.000000, -0.000000, 0.000000, 0.000000, 0.000000]
  笛卡尔位置: [-0.105241, 0.718727, 0.127241]
  笛卡尔姿态: [-0.677224, 0.735775, -0.001469, -0.000554]

轨迹点 11:
  时间: 0.330000 秒
  关节位置: [-1.599054, 0.031616, 1.607423, -0.608005, -1.608792, -0.055065]
  关节速度: [-0.120024, 0.170129, 0.185775, -0.435000, -0.232452, -0.167207]
  关节加速度: [-0.000000, 0.000000, 0.000000, -0.000000, -0.000000, -0.000000]
  笛卡尔位置: [-0.098721, 0.721524, 0.124983]
  笛卡尔姿态: [-0.672986, 0.739652, -0.001741, 0.001550]

轨迹点 12:
  时间: 0.360000 秒
  关节位置: [-1.602655, 0.036720, 1.612996, -0.621055, -1.615766, -0.060081]
  关节速度: [-0.120024, 0.170129, 0.185775, -0.435000, -0.232452, -0.167207]
  关节加速度: [-0.000000, 0.000000, 0.000000, -0.000000, -0.000000, -0.000000]
  笛卡尔位置: [-0.092184, 0.724231, 0.122743]
  笛卡尔姿态: [-0.668719, 0.743503, -0.002003, 0.003658]

轨迹点 13:
  时间: 0.390000 秒
  关节位置: [-1.606256, 0.041824, 1.618570, -0.634105, -1.622740, -0.065097]
  关节速度: [-0.120024, 0.170129, 0.185775, -0.435000, -0.232452, -0.167207]
  关节加速度: [0.000000, -0.000000, -0.000000, 0.000000, 0.000000, 0.000000]
  笛卡尔位置: [-0.085633, 0.726847, 0.120521]
  笛卡尔姿态: [-0.664426, 0.747329, -0.002253, 0.005770]

轨迹点 14:
  时间: 0.420000 秒
  关节位置: [-1.609857, 0.046928, 1.624143, -0.647155, -1.629713, -0.070113]
  关节速度: [-0.120024, 0.170129, 0.185775, -0.435000, -0.232452, -0.167207]
  关节加速度: [-0.000000, 0.000000, 0.000000, -0.000000, -0.000000, -0.000000]
  笛卡尔位置: [-0.079069, 0.729371, 0.118317]
  笛卡尔姿态: [-0.660104, 0.751128, -0.002491, 0.007888]

轨迹点 15:
  时间: 0.450000 秒
  关节位置: [-1.613457, 0.052032, 1.629716, -0.660205, -1.636687, -0.075130]
  关节速度: [-0.120024, 0.170129, 0.185775, -0.435000, -0.232452, -0.167207]
  关节加速度: [0.000000, -0.000000, -0.000000, 0.000000, 0.000000, 0.000000]
  笛卡尔位置: [-0.072491, 0.731803, 0.116132]
  笛卡尔姿态: [-0.655756, 0.754902, -0.002719, 0.010010]

轨迹点 16:
  时间: 0.480000 秒
  关节位置: [-1.617058, 0.057136, 1.635289, -0.673255, -1.643660, -0.080146]
  关节速度: [-0.120024, 0.170129, 0.185775, -0.435000, -0.232452, -0.167207]
  关节加速度: [0.000000, -0.000000, -0.000000, 0.000000, 0.000000, 0.000000]
  笛卡尔位置: [-0.065901, 0.734144, 0.113966]
  笛卡尔姿态: [-0.651380, 0.758649, -0.002936, 0.012136]

轨迹点 17:
  时间: 0.510000 秒
  关节位置: [-1.620659, 0.062239, 1.640863, -0.686305, -1.650634, -0.085162]
  关节速度: [-0.120024, 0.170129, 0.185775, -0.435000, -0.232452, -0.167207]
  关节加速度: [-0.000000, 0.000000, 0.000000, -0.000000, -0.000000, -0.000000]
  笛卡尔位置: [-0.059300, 0.736393, 0.111819]
  笛卡尔姿态: [-0.646978, 0.762369, -0.003141, 0.014268]

轨迹点 18:
  时间: 0.540000 秒
  关节位置: [-1.624259, 0.067343, 1.646436, -0.699355, -1.657607, -0.090178]
  关节速度: [-0.120024, 0.170129, 0.185775, -0.435000, -0.232452, -0.167207]
  关节加速度: [0.000000, -0.000000, -0.000000, 0.000000, 0.000000, 0.000000]
  笛卡尔位置: [-0.052690, 0.738550, 0.109692]
  笛卡尔姿态: [-0.642549, 0.766062, -0.003336, 0.016404]

轨迹点 19:
  时间: 0.570000 秒
  关节位置: [-1.627860, 0.072447, 1.652009, -0.712405, -1.664581, -0.095194]
  关节速度: [-0.120024, 0.170129, 0.185775, -0.435000, -0.232452, -0.167207]
  关节加速度: [0.000000, -0.000000, -0.000000, 0.000000, 0.000000, 0.000000]
  笛卡尔位置: [-0.046070, 0.740615, 0.107584]
  笛卡尔姿态: [-0.638093, 0.769728, -0.003519, 0.018544]

轨迹点 20:
  时间: 0.600000 秒
  关节位置: [-1.631461, 0.077551, 1.657582, -0.725455, -1.671554, -0.100211]
  关节速度: [-0.120024, 0.170129, 0.185775, -0.435000, -0.232452, -0.167207]
  关节加速度: [-0.000000, 0.000000, 0.000000, -0.000000, -0.000000, -0.000000]
  笛卡尔位置: [-0.039443, 0.742587, 0.105496]
  笛卡尔姿态: [-0.633611, 0.773367, -0.003692, 0.020689]

轨迹点 21:
  时间: 0.630000 秒
  关节位置: [-1.635062, 0.082655, 1.663156, -0.738505, -1.678528, -0.105227]
  关节速度: [-0.120024, 0.170129, 0.185775, -0.435000, -0.232452, -0.167207]
  关节加速度: [0.000000, -0.000000, -0.000000, 0.000000, 0.000000, 0.000000]
  笛卡尔位置: [-0.032808, 0.744466, 0.103428]
  笛卡尔姿态: [-0.629103, 0.776977, -0.003854, 0.022839]

轨迹点 22:
  时间: 0.660000 秒
  关节位置: [-1.638662, 0.087759, 1.668729, -0.751555, -1.685502, -0.110243]
  关节速度: [-0.120024, 0.170129, 0.185775, -0.435000, -0.232452, -0.167207]
  关节加速度: [0.000000, -0.000000, -0.000000, 0.000000, 0.000000, 0.000000]
  笛卡尔位置: [-0.026168, 0.746253, 0.101380]
  笛卡尔姿态: [-0.624568, 0.780560, -0.004005, 0.024994]

轨迹点 23:
  时间: 0.690000 秒
  关节位置: [-1.642263, 0.092863, 1.674302, -0.764605, -1.692475, -0.115259]
  关节速度: [-0.120024, 0.170129, 0.185775, -0.435000, -0.232452, -0.167207]
  关节加速度: [-0.000000, 0.000000, 0.000000, -0.000000, -0.000000, -0.000000]
  笛卡尔位置: [-0.019522, 0.747947, 0.099353]
  笛卡尔姿态: [-0.620009, 0.784114, -0.004146, 0.027153]

轨迹点 24:
  时间: 0.720000 秒
  关节位置: [-1.645864, 0.097967, 1.679875, -0.777655, -1.699449, -0.120275]
  关节速度: [-0.120024, 0.170129, 0.185775, -0.435000, -0.232452, -0.167207]
  关节加速度: [0.000000, 0.000000, 0.000000, -0.000000, -0.000000, -0.000000]
  笛卡尔位置: [-0.012873, 0.749548, 0.097347]
  笛卡尔姿态: [-0.615423, 0.787640, -0.004276, 0.029316]

轨迹点 25:
  时间: 0.750000 秒
  关节位置: [-1.649464, 0.103070, 1.685449, -0.790705, -1.706422, -0.125292]
  关节速度: [-0.120024, 0.170129, 0.185775, -0.435000, -0.232452, -0.167207]
  关节加速度: [0.000000, -0.000000, -0.000000, 0.000000, 0.000000, 0.000000]
  笛卡尔位置: [-0.006221, 0.751056, 0.095362]
  笛卡尔姿态: [-0.610812, 0.791137, -0.004395, 0.031485]

轨迹点 26:
  时间: 0.780000 秒
  关节位置: [-1.653065, 0.108174, 1.691022, -0.803755, -1.713396, -0.130308]
  关节速度: [-0.120024, 0.170129, 0.185775, -0.435000, -0.232452, -0.167207]
  关节加速度: [-0.000000, 0.000000, 0.000000, -0.000000, -0.000000, -0.000000]
  笛卡尔位置: [0.000434, 0.752471, 0.093398]
  笛卡尔姿态: [-0.606177, 0.794605, -0.004504, 0.033658]

轨迹点 27:
  时间: 0.810000 秒
  关节位置: [-1.656666, 0.113278, 1.696595, -0.816805, -1.720369, -0.135324]
  关节速度: [-0.120024, 0.170129, 0.185775, -0.435000, -0.232452, -0.167207]
  关节加速度: [-0.000000, 0.000000, 0.000000, -0.000000, -0.000000, -0.000000]
  笛卡尔位置: [0.007089, 0.753793, 0.091455]
  笛卡尔姿态: [-0.601516, 0.798043, -0.004602, 0.035835]

轨迹点 28:
  时间: 0.840000 秒
  关节位置: [-1.660267, 0.118382, 1.702168, -0.829855, -1.727343, -0.140340]
  关节速度: [-0.120024, 0.170129, 0.185775, -0.435000, -0.232452, -0.167207]
  关节加速度: [0.000000, -0.000000, -0.000000, 0.000000, 0.000000, 0.000000]
  笛卡尔位置: [0.013745, 0.755021, 0.089535]
  笛卡尔姿态: [-0.596830, 0.801452, -0.004690, 0.038017]

轨迹点 29:
  时间: 0.870000 秒
  关节位置: [-1.663867, 0.123486, 1.707741, -0.842905, -1.734316, -0.145357]
  关节速度: [-0.120024, 0.170129, 0.185775, -0.435000, -0.232452, -0.167207]
  关节加速度: [0.000000, -0.000000, -0.000000, 0.000000, 0.000000, 0.000000]
  笛卡尔位置: [0.020399, 0.756157, 0.087636]
  笛卡尔姿态: [-0.592121, 0.804832, -0.004768, 0.040204]

轨迹点 30:
  时间: 0.900000 秒
  关节位置: [-1.667468, 0.128590, 1.713315, -0.855955, -1.741290, -0.150373]
  关节速度: [-0.120024, 0.170129, 0.185775, -0.435000, -0.232452, -0.167207]
  关节加速度: [-0.000000, 0.000000, 0.000000, -0.000000, -0.000000, -0.000000]
  笛卡尔位置: [0.027052, 0.757199, 0.085759]
  笛卡尔姿态: [-0.587386, 0.808181, -0.004835, 0.042396]

轨迹点 31:
  时间: 0.930000 秒
  关节位置: [-1.671069, 0.133694, 1.718888, -0.869005, -1.748264, -0.155389]
  关节速度: [-0.120024, 0.170129, 0.185775, -0.435000, -0.232452, -0.167207]
  关节加速度: [0.000000, -0.000000, -0.000000, 0.000000, 0.000000, 0.000000]
  笛卡尔位置: [0.033701, 0.758148, 0.083904]
  笛卡尔姿态: [-0.582628, 0.811500, -0.004892, 0.044592]

轨迹点 32:
  时间: 0.960000 秒
  关节位置: [-1.674669, 0.138798, 1.724461, -0.882055, -1.755237, -0.160405]
  关节速度: [-0.120024, 0.170129, 0.185775, -0.435000, -0.232452, -0.167207]
  关节加速度: [0.000000, -0.000000, -0.000000, 0.000000, 0.000000, 0.000000]
  笛卡尔位置: [0.040347, 0.759003, 0.082072]
  笛卡尔姿态: [-0.577846, 0.814788, -0.004939, 0.046792]

轨迹点 33:
  时间: 0.990000 秒
  关节位置: [-1.678270, 0.143901, 1.730034, -0.895105, -1.762211, -0.165421]
  关节速度: [-0.120024, 0.170129, 0.185775, -0.435000, -0.232452, -0.167207]
  关节加速度: [-0.000000, 0.000000, 0.000000, -0.000000, -0.000000, -0.000000]
  笛卡尔位置: [0.046988, 0.759766, 0.080262]
  笛卡尔姿态: [-0.573041, 0.818046, -0.004976, 0.048997]

轨迹点 34:
  时间: 1.020000 秒
  关节位置: [-1.681871, 0.149005, 1.735608, -0.908155, -1.769184, -0.170438]
  关节速度: [-0.120024, 0.170129, 0.185775, -0.435000, -0.232452, -0.167207]
  关节加速度: [0.000000, -0.000000, -0.000000, 0.000000, 0.000000, 0.000000]
  笛卡尔位置: [0.053622, 0.760435, 0.078476]
  笛卡尔姿态: [-0.568212, 0.821272, -0.005003, 0.051207]

轨迹点 35:
  时间: 1.050000 秒
  关节位置: [-1.685472, 0.154109, 1.741181, -0.921205, -1.776158, -0.175454]
  关节速度: [-0.120024, 0.170129, 0.185775, -0.435000, -0.232452, -0.167207]
  关节加速度: [-0.000000, 0.000000, 0.000000, -0.000000, -0.000000, -0.000000]
  笛卡尔位置: [0.060250, 0.761012, 0.076712]
  笛卡尔姿态: [-0.563359, 0.824468, -0.005020, 0.053421]

轨迹点 36:
  时间: 1.080000 秒
  关节位置: [-1.689072, 0.159213, 1.746754, -0.934255, -1.783131, -0.180470]
  关节速度: [-0.120024, 0.170129, 0.185775, -0.435000, -0.232452, -0.167207]
  关节加速度: [-0.000000, 0.000000, 0.000000, -0.000000, -0.000000, -0.000000]
  笛卡尔位置: [0.066870, 0.761495, 0.074972]
  笛卡尔姿态: [-0.558484, 0.827632, -0.005027, 0.055640]

轨迹点 37:
  时间: 1.110000 秒
  关节位置: [-1.692673, 0.164317, 1.752327, -0.947305, -1.790105, -0.185486]
  关节速度: [-0.120024, 0.170129, 0.185775, -0.435000, -0.232452, -0.167207]
  关节加速度: [0.000000, -0.000000, -0.000000, 0.000000, 0.000000, 0.000000]
  笛卡尔位置: [0.073480, 0.761885, 0.073255]
  笛卡尔姿态: [-0.553586, 0.830764, -0.005024, 0.057864]

轨迹点 38:
  时间: 1.140000 秒
  关节位置: [-1.696274, 0.169421, 1.757901, -0.960355, -1.797078, -0.190502]
  关节速度: [-0.120024, 0.170129, 0.185775, -0.435000, -0.232452, -0.167207]
  关节加速度: [-0.000000, 0.000000, 0.000000, -0.000000, -0.000000, -0.000000]
  笛卡尔位置: [0.080081, 0.762183, 0.071562]
  笛卡尔姿态: [-0.548666, 0.833864, -0.005012, 0.060092]

轨迹点 39:
  时间: 1.170000 秒
  关节位置: [-1.699874, 0.174525, 1.763474, -0.973405, -1.804052, -0.195519]
  关节速度: [-0.120024, 0.170129, 0.185775, -0.435000, -0.232452, -0.167207]
  关节加速度: [-0.000000, 0.000000, 0.000000, -0.000000, -0.000000, -0.000000]
  笛卡尔位置: [0.086671, 0.762388, 0.069893]
  笛卡尔姿态: [-0.543724, 0.836932, -0.004990, 0.062324]

轨迹点 40:
  时间: 1.200000 秒
  关节位置: [-1.703475, 0.179629, 1.769047, -0.986455, -1.811026, -0.200535]
  关节速度: [-0.120024, 0.170129, 0.185775, -0.435000, -0.232452, -0.167207]
  关节加速度: [0.000000, -0.000000, -0.000000, 0.000000, 0.000000, 0.000000]
  笛卡尔位置: [0.093249, 0.762500, 0.068248]
  笛卡尔姿态: [-0.538759, 0.839968, -0.004958, 0.064561]

轨迹点 41:
  时间: 1.230000 秒
  关节位置: [-1.707076, 0.184732, 1.774620, -0.999505, -1.817999, -0.205551]
  关节速度: [-0.120024, 0.170129, 0.185775, -0.435000, -0.232452, -0.167207]
  关节加速度: [-0.000000, 0.000000, 0.000000, -0.000000, -0.000000, -0.000000]
  笛卡尔位置: [0.099815, 0.762520, 0.066627]
  笛卡尔姿态: [-0.533773, 0.842971, -0.004917, 0.066803]

轨迹点 42:
  时间: 1.260000 秒
  关节位置: [-1.710677, 0.189836, 1.780194, -1.012555, -1.824973, -0.210567]
  关节速度: [-0.120024, 0.170129, 0.185775, -0.435000, -0.232452, -0.167207]
  关节加速度: [-0.000000, 0.000000, 0.000000, -0.000000, -0.000000, -0.000000]
  笛卡尔位置: [0.106366, 0.762447, 0.065030]
  笛卡尔姿态: [-0.528765, 0.845941, -0.004866, 0.069049]

轨迹点 43:
  时间: 1.290000 秒
  关节位置: [-1.714277, 0.194940, 1.785767, -1.025605, -1.831946, -0.215583]
  关节速度: [-0.120024, 0.170129, 0.185775, -0.435000, -0.232452, -0.167207]
  关节加速度: [0.000000, -0.000000, -0.000000, 0.000000, 0.000000, 0.000000]
  笛卡尔位置: [0.112903, 0.762282, 0.063458]
  笛卡尔姿态: [-0.523736, 0.848878, -0.004806, 0.071300]

轨迹点 44:
  时间: 1.320000 秒
  关节位置: [-1.717878, 0.200044, 1.791340, -1.038655, -1.838920, -0.220600]
  关节速度: [-0.120024, 0.170129, 0.185775, -0.435000, -0.232452, -0.167207]
  关节加速度: [0.000000, -0.000000, -0.000000, 0.000000, 0.000000, 0.000000]
  笛卡尔位置: [0.119423, 0.762026, 0.061911]
  笛卡尔姿态: [-0.518686, 0.851782, -0.004736, 0.073555]

轨迹点 45:
  时间: 1.350000 秒
  关节位置: [-1.721479, 0.205148, 1.796913, -1.051705, -1.845893, -0.225616]
  关节速度: [-0.120024, 0.170129, 0.185775, -0.435000, -0.232452, -0.167207]
  关节加速度: [-0.000000, 0.000000, 0.000000, -0.000000, -0.000000, -0.000000]
  笛卡尔位置: [0.125927, 0.761677, 0.060388]
  笛卡尔姿态: [-0.513615, 0.854652, -0.004658, 0.075814]

轨迹点 46:
  时间: 1.380000 秒
  关节位置: [-1.725079, 0.210252, 1.802487, -1.064755, -1.852867, -0.230632]
  关节速度: [-0.120024, 0.170129, 0.185775, -0.435000, -0.232452, -0.167207]
  关节加速度: [0.000000, -0.000000, -0.000000, 0.000000, 0.000000, 0.000000]
  笛卡尔位置: [0.132414, 0.761237, 0.058891]
  笛卡尔姿态: [-0.508523, 0.857489, -0.004570, 0.078078]

轨迹点 47:
  时间: 1.410000 秒
  关节位置: [-1.728680, 0.215356, 1.808060, -1.077805, -1.859840, -0.235648]
  关节速度: [-0.120024, 0.170129, 0.185775, -0.435000, -0.232452, -0.167207]
  关节加速度: [0.000000, -0.000000, -0.000000, 0.000000, 0.000000, 0.000000]
  笛卡尔位置: [0.138881, 0.760706, 0.057419]
  笛卡尔姿态: [-0.503411, 0.860291, -0.004473, 0.080347]

轨迹点 48:
  时间: 1.440000 秒
  关节位置: [-1.732281, 0.220460, 1.813633, -1.090855, -1.866814, -0.240665]
  关节速度: [-0.120024, 0.170129, 0.185775, -0.435000, -0.232452, -0.167207]
  关节加速度: [-0.000000, 0.000000, 0.000000, -0.000000, -0.000000, -0.000000]
  笛卡尔位置: [0.145329, 0.760083, 0.055972]
  笛卡尔姿态: [-0.498280, 0.863060, -0.004367, 0.082620]

轨迹点 49:
  时间: 1.470000 秒
  关节位置: [-1.735882, 0.225563, 1.819206, -1.103905, -1.873788, -0.245681]
  关节速度: [-0.120024, 0.170129, 0.185775, -0.435000, -0.232452, -0.167207]
  关节加速度: [-0.000000, 0.000000, 0.000000, -0.000000, -0.000000, -0.000000]
  笛卡尔位置: [0.151756, 0.759369, 0.054551]
  笛卡尔姿态: [-0.493128, 0.865794, -0.004252, 0.084897]

轨迹点 50:
  时间: 1.500000 秒
  关节位置: [-1.739482, 0.230667, 1.824780, -1.116955, -1.880761, -0.250697]
  关节速度: [-0.120024, 0.170129, 0.185775, -0.435000, -0.232452, -0.167207]
  关节加速度: [0.000000, -0.000000, -0.000000, 0.000000, 0.000000, 0.000000]
  笛卡尔位置: [0.158162, 0.758565, 0.053155]
  笛卡尔姿态: [-0.487957, 0.868494, -0.004128, 0.087179]

轨迹点 51:
  时间: 1.530000 秒
  关节位置: [-1.743083, 0.235771, 1.830353, -1.130005, -1.887735, -0.255713]
  关节速度: [-0.120024, 0.170129, 0.185775, -0.435000, -0.232452, -0.167207]
  关节加速度: [-0.000000, 0.000000, 0.000000, -0.000000, -0.000000, -0.000000]
  笛卡尔位置: [0.164545, 0.757671, 0.051785]
  笛卡尔姿态: [-0.482766, 0.871158, -0.003996, 0.089466]

轨迹点 52:
  时间: 1.560000 秒
  关节位置: [-1.746684, 0.240875, 1.835926, -1.143055, -1.894708, -0.260729]
  关节速度: [-0.120024, 0.170129, 0.185775, -0.435000, -0.232452, -0.167207]
  关节加速度: [-0.000000, 0.000000, 0.000000, -0.000000, -0.000000, -0.000000]
  笛卡尔位置: [0.170904, 0.756686, 0.050442]
  笛卡尔姿态: [-0.477556, 0.873788, -0.003855, 0.091756]

轨迹点 53:
  时间: 1.590000 秒
  关节位置: [-1.750285, 0.245979, 1.841499, -1.156105, -1.901682, -0.265746]
  关节速度: [-0.120024, 0.170129, 0.185775, -0.435000, -0.232452, -0.167207]
  关节加速度: [0.000000, -0.000000, -0.000000, 0.000000, 0.000000, 0.000000]
  笛卡尔位置: [0.177239, 0.755612, 0.049124]
  笛卡尔姿态: [-0.472328, 0.876383, -0.003705, 0.094051]

轨迹点 54:
  时间: 1.620000 秒
  关节位置: [-1.753885, 0.251083, 1.847073, -1.169155, -1.908655, -0.270762]
  关节速度: [-0.120024, 0.170129, 0.185775, -0.435000, -0.232452, -0.167207]
  关节加速度: [0.000000, -0.000000, -0.000000, 0.000000, 0.000000, 0.000000]
  笛卡尔位置: [0.183549, 0.754448, 0.047833]
  笛卡尔姿态: [-0.467081, 0.878942, -0.003546, 0.096351]

轨迹点 55:
  时间: 1.650000 秒
  关节位置: [-1.757486, 0.256187, 1.852646, -1.182205, -1.915629, -0.275778]
  关节速度: [-0.120024, 0.170129, 0.185775, -0.435000, -0.232452, -0.167207]
  关节加速度: [-0.000000, 0.000000, 0.000000, -0.000000, -0.000000, -0.000000]
  笛卡尔位置: [0.189833, 0.753195, 0.046568]
  笛卡尔姿态: [-0.461816, 0.881466, -0.003379, 0.098655]

轨迹点 56:
  时间: 1.680000 秒
  关节位置: [-1.761087, 0.261291, 1.858219, -1.195255, -1.922602, -0.280794]
  关节速度: [-0.120024, 0.170129, 0.185775, -0.435000, -0.232452, -0.167207]
  关节加速度: [-0.000000, 0.000000, 0.000000, -0.000000, -0.000000, -0.000000]
  笛卡尔位置: [0.196089, 0.751853, 0.045329]
  笛卡尔姿态: [-0.456532, 0.883954, -0.003204, 0.100963]

轨迹点 57:
  时间: 1.710000 秒
  关节位置: [-1.764687, 0.266395, 1.863792, -1.208305, -1.929576, -0.285810]
  关节速度: [-0.120024, 0.170129, 0.185775, -0.435000, -0.232452, -0.167207]
  关节加速度: [0.000000, -0.000000, -0.000000, 0.000000, 0.000000, 0.000000]
  笛卡尔位置: [0.202317, 0.750423, 0.044117]
  笛卡尔姿态: [-0.451231, 0.886406, -0.003020, 0.103275]

轨迹点 58:
  时间: 1.740000 秒
  关节位置: [-1.768288, 0.271498, 1.869366, -1.221355, -1.936550, -0.290827]
  关节速度: [-0.120024, 0.170129, 0.185775, -0.435000, -0.232452, -0.167207]
  关节加速度: [-0.000000, 0.000000, 0.000000, -0.000000, -0.000000, -0.000000]
  笛卡尔位置: [0.208516, 0.748905, 0.042932]
  笛卡尔姿态: [-0.445913, 0.888822, -0.002829, 0.105592]

轨迹点 59:
  时间: 1.770000 秒
  关节位置: [-1.771889, 0.276602, 1.874939, -1.234405, -1.943523, -0.295843]
  关节速度: [-0.120024, 0.170129, 0.185775, -0.435000, -0.232452, -0.167207]
  关节加速度: [-0.000000, 0.000000, 0.000000, -0.000000, -0.000000, -0.000000]
  笛卡尔位置: [0.214684, 0.747299, 0.041774]
  笛卡尔姿态: [-0.440577, 0.891201, -0.002629, 0.107913]

轨迹点 60:
  时间: 1.800000 秒
  关节位置: [-1.775490, 0.281706, 1.880512, -1.247455, -1.950497, -0.300859]
  关节速度: [-0.120024, 0.170129, 0.185775, -0.435000, -0.232452, -0.167207]
  关节加速度: [0.000000, -0.000000, -0.000000, 0.000000, 0.000000, 0.000000]
  笛卡尔位置: [0.220822, 0.745605, 0.040643]
  笛卡尔姿态: [-0.435224, 0.893544, -0.002420, 0.110238]

轨迹点 61:
  时间: 1.830000 秒
  关节位置: [-1.779090, 0.286810, 1.886085, -1.260505, -1.957470, -0.305875]
  关节速度: [-0.120024, 0.170129, 0.185775, -0.435000, -0.232452, -0.167207]
  关节加速度: [-0.000000, 0.000000, 0.000000, -0.000000, -0.000000, -0.000000]
  笛卡尔位置: [0.226929, 0.743825, 0.039539]
  笛卡尔姿态: [-0.429855, 0.895851, -0.002204, 0.112568]

轨迹点 62:
  时间: 1.860000 秒
  关节位置: [-1.782691, 0.291914, 1.891659, -1.273555, -1.964444, -0.310892]
  关节速度: [-0.120024, 0.170129, 0.185775, -0.435000, -0.232452, -0.167207]
  关节加速度: [-0.000000, 0.000000, 0.000000, -0.000000, -0.000000, -0.000000]
  笛卡尔位置: [0.233002, 0.741958, 0.038463]
  笛卡尔姿态: [-0.424469, 0.898120, -0.001980, 0.114902]

轨迹点 63:
  时间: 1.890000 秒
  关节位置: [-1.786292, 0.297018, 1.897232, -1.286605, -1.971417, -0.315908]
  关节速度: [-0.120024, 0.170129, 0.185775, -0.435000, -0.232452, -0.167207]
  关节加速度: [0.000000, -0.000000, -0.000000, 0.000000, 0.000000, 0.000000]
  笛卡尔位置: [0.239042, 0.740005, 0.037414]
  笛卡尔姿态: [-0.419067, 0.900352, -0.001749, 0.117240]

轨迹点 64:
  时间: 1.920000 秒
  关节位置: [-1.789892, 0.302122, 1.902805, -1.299655, -1.978391, -0.320924]
  关节速度: [-0.120024, 0.170129, 0.185775, -0.435000, -0.232452, -0.167207]
  关节加速度: [-0.000000, 0.000000, 0.000000, -0.000000, -0.000000, -0.000000]
  笛卡尔位置: [0.245047, 0.737967, 0.036392]
  笛卡尔姿态: [-0.413649, 0.902548, -0.001509, 0.119582]

轨迹点 65:
  时间: 1.950000 秒
  关节位置: [-1.793493, 0.307226, 1.908378, -1.312705, -1.985364, -0.325940]
  关节速度: [-0.120024, 0.170129, 0.185775, -0.435000, -0.232452, -0.167207]
  关节加速度: [0.000000, -0.000000, -0.000000, 0.000000, 0.000000, 0.000000]
  笛卡尔位置: [0.251017, 0.735843, 0.035398]
  笛卡尔姿态: [-0.408216, 0.904705, -0.001262, 0.121929]

轨迹点 66:
  时间: 1.980000 秒
  关节位置: [-1.797094, 0.312329, 1.913952, -1.325755, -1.992338, -0.330956]
  关节速度: [-0.120024, 0.170129, 0.185775, -0.435000, -0.232452, -0.167207]
  关节加速度: [0.000000, -0.000000, -0.000000, 0.000000, 0.000000, 0.000000]
  笛卡尔位置: [0.256950, 0.733634, 0.034431]
  笛卡尔姿态: [-0.402767, 0.906825, -0.001007, 0.124279]

轨迹点 67:
  时间: 2.010000 秒
  关节位置: [-1.800695, 0.317433, 1.919525, -1.338805, -1.999311, -0.335973]
  关节速度: [-0.120024, 0.170129, 0.185775, -0.435000, -0.232452, -0.167207]
  关节加速度: [-0.000000, 0.000000, 0.000000, -0.000000, -0.000000, -0.000000]
  笛卡尔位置: [0.262847, 0.731341, 0.033493]
  笛卡尔姿态: [-0.397303, 0.908908, -0.000745, 0.126634]

轨迹点 68:
  时间: 2.040000 秒
  关节位置: [-1.804295, 0.322537, 1.925098, -1.351855, -2.006285, -0.340989]
  关节速度: [-0.120024, 0.170129, 0.185775, -0.435000, -0.232452, -0.167207]
  关节加速度: [0.000000, -0.000000, -0.000000, 0.000000, 0.000000, 0.000000]
  笛卡尔位置: [0.268705, 0.728965, 0.032582]
  笛卡尔姿态: [-0.391825, 0.910952, -0.000476, 0.128993]

轨迹点 69:
  时间: 2.070000 秒
  关节位置: [-1.807896, 0.327641, 1.930671, -1.364905, -2.013259, -0.346005]
  关节速度: [-0.120024, 0.170129, 0.185775, -0.435000, -0.232452, -0.167207]
  关节加速度: [-0.000000, 0.000000, 0.000000, -0.000000, -0.000000, -0.000000]
  笛卡尔位置: [0.274524, 0.726505, 0.031699]
  笛卡尔姿态: [-0.386332, 0.912959, -0.000199, 0.131356]

轨迹点 70:
  时间: 2.100000 秒
  关节位置: [-1.811497, 0.332745, 1.936244, -1.377955, -2.020232, -0.351021]
  关节速度: [-0.120024, 0.170129, 0.185775, -0.435000, -0.232452, -0.167207]
  关节加速度: [0.000000, -0.000000, -0.000000, 0.000000, 0.000000, 0.000000]
  笛卡尔位置: [0.280304, 0.723962, 0.030845]
  笛卡尔姿态: [-0.380824, 0.914927, 0.000085, 0.133723]

轨迹点 71:
  时间: 2.130000 秒
  关节位置: [-1.815097, 0.337849, 1.941818, -1.391005, -2.027206, -0.356037]
  关节速度: [-0.120024, 0.170129, 0.185775, -0.435000, -0.232452, -0.167207]
  关节加速度: [-0.000000, 0.000000, 0.000000, -0.000000, -0.000000, -0.000000]
  笛卡尔位置: [0.286043, 0.721337, 0.030018]
  笛卡尔姿态: [-0.375303, 0.916856, 0.000376, 0.136095]

轨迹点 72:
  时间: 2.160000 秒
  关节位置: [-1.818698, 0.342953, 1.947391, -1.404055, -2.034179, -0.361054]
  关节速度: [-0.120024, 0.170129, 0.185775, -0.435000, -0.232452, -0.167207]
  关节加速度: [-0.000000, 0.000000, 0.000000, -0.000000, -0.000000, -0.000000]
  笛卡尔位置: [0.291741, 0.718630, 0.029220]
  笛卡尔姿态: [-0.369769, 0.918747, 0.000674, 0.138470]

轨迹点 73:
  时间: 2.190000 秒
  关节位置: [-1.822299, 0.348057, 1.952964, -1.417105, -2.041153, -0.366070]
  关节速度: [-0.120024, 0.170129, 0.185775, -0.435000, -0.232452, -0.167207]
  关节加速度: [0.000000, -0.000000, -0.000000, 0.000000, 0.000000, 0.000000]
  笛卡尔位置: [0.297397, 0.715842, 0.028450]
  笛卡尔姿态: [-0.364220, 0.920600, 0.000980, 0.140849]

轨迹点 74:
  时间: 2.220000 秒
  关节位置: [-1.825900, 0.353160, 1.958537, -1.430155, -2.048126, -0.371086]
  关节速度: [-0.120024, 0.170129, 0.185775, -0.435000, -0.232452, -0.167207]
  关节加速度: [0.000000, -0.000000, -0.000000, 0.000000, 0.000000, 0.000000]
  笛卡尔位置: [0.303009, 0.712974, 0.027709]
  笛卡尔姿态: [-0.358659, 0.922413, 0.001292, 0.143232]

轨迹点 75:
  时间: 2.250000 秒
  关节位置: [-1.829500, 0.358264, 1.964111, -1.443205, -2.055100, -0.376102]
  关节速度: [-0.120024, 0.170129, 0.185775, -0.435000, -0.232452, -0.167207]
  关节加速度: [-0.000000, 0.000000, 0.000000, -0.000000, -0.000000, -0.000000]
  笛卡尔位置: [0.308577, 0.710025, 0.026996]
  笛卡尔姿态: [-0.353085, 0.924188, 0.001610, 0.145620]

轨迹点 76:
  时间: 2.280000 秒
  关节位置: [-1.833101, 0.363368, 1.969684, -1.456255, -2.062073, -0.381118]
  关节速度: [-0.120024, 0.170129, 0.185775, -0.435000, -0.232452, -0.167207]
  关节加速度: [0.000000, -0.000000, -0.000000, 0.000000, 0.000000, 0.000000]
  笛卡尔位置: [0.314101, 0.706997, 0.026311]
  笛卡尔姿态: [-0.347499, 0.925923, 0.001936, 0.148011]

轨迹点 77:
  时间: 2.310000 秒
  关节位置: [-1.836696, 0.368464, 1.975249, -1.469285, -2.069036, -0.386127]
  关节速度: [-0.118413, 0.167846, 0.183281, -0.429162, -0.229332, -0.164963]
  关节加速度: [0.300040, -0.425295, -0.464407, 1.087429, 0.581092, 0.417991]
  笛卡尔位置: [0.319571, 0.703895, 0.025656]
  笛卡尔姿态: [-0.341909, 0.927617, 0.002267, 0.150402]

轨迹点 78:
  时间: 2.340000 秒
  关节位置: [-1.840043, 0.373209, 1.980430, -1.481417, -2.075519, -0.390790]
  关节速度: [-0.103441, 0.146623, 0.160107, -0.374899, -0.200335, -0.144105]
  关节加速度: [0.570607, -0.808813, -0.883194, 2.068039, 1.105102, 0.794921]
  笛卡尔位置: [0.324623, 0.700937, 0.025072]
  笛卡尔姿态: [-0.336693, 0.929158, 0.002581, 0.152632]

轨迹点 79:
  时间: 2.370000 秒
  关节位置: [-1.842910, 0.377273, 1.984867, -1.491807, -2.081071, -0.394784]
  关节速度: [-0.088598, 0.125584, 0.137133, -0.321103, -0.171588, -0.123427]
  关节加速度: [0.399063, -0.565657, -0.617676, 1.446316, 0.772871, 0.555941]
  笛卡尔位置: [0.328917, 0.698350, 0.024592]
  笛卡尔姿态: [-0.332219, 0.930451, 0.002855, 0.154545]

轨迹点 80:
  时间: 2.400000 秒
  关节位置: [-1.845403, 0.380806, 1.988725, -1.500841, -2.085899, -0.398256]
  关节速度: [-0.077461, 0.109798, 0.119895, -0.280740, -0.150020, -0.107912]
  关节加速度: [0.431120, -0.611096, -0.667295, 1.562500, 0.834956, 0.600600]
  笛卡尔位置: [0.332625, 0.696061, 0.024189]
  笛卡尔姿态: [-0.328322, 0.931554, 0.003096, 0.156210]

轨迹点 81:
  时间: 2.430000 秒
  关节位置: [-1.847530, 0.383816, 1.992026, -1.508548, -2.090026, -0.401225]
  关节速度: [-0.064207, 0.090475, 0.100293, -0.232560, -0.125217, -0.090069]
  关节加速度: [0.455057, -0.681753, -0.641905, 1.659170, 0.822025, 0.591426]
  笛卡尔位置: [0.335774, 0.694072, 0.023855]
  笛卡尔姿态: [-0.324989, 0.932482, 0.003302, 0.157633]

轨迹点 82:
  时间: 2.460000 秒
  关节位置: [-1.849253, 0.386229, 1.994742, -1.514786, -2.093410, -0.403659]
  关节速度: [-0.050921, 0.071187, 0.080502, -0.184284, -0.100220, -0.072087]
  关节加速度: [0.402669, -0.523032, -0.704414, 1.446499, 0.856918, 0.616232]
  笛卡尔位置: [0.338324, 0.692411, 0.023591]
  笛卡尔姿态: [-0.322266, 0.933230, 0.003459, 0.158790]

轨迹点 83:
  时间: 2.490000 秒
  关节位置: [-1.850633, 0.388228, 1.996807, -1.519800, -2.096015, -0.405534]
  关节速度: [-0.042648, 0.066533, 0.055673, -0.156210, -0.072780, -0.052373]
  关节加速度: [0.090187, 0.379671, -1.002403, 0.189859, 0.993960, 0.713216]
  笛卡尔位置: [0.340329, 0.691148, 0.023388]
  笛卡尔姿态: [-0.320135, 0.933806, 0.003616, 0.159709]

轨迹点 84:
  时间: 2.520000 秒
  关节位置: [-1.851918, 0.390543, 1.997955, -1.524590, -2.097706, -0.406751]
  关节速度: [-0.042720, 0.088188, 0.019140, -0.162288, -0.038123, -0.027519]
  关节加速度: [0.071109, 0.622151, -1.339136, 0.062555, 1.304800, 0.936063]
  笛卡尔位置: [0.341991, 0.690522, 0.023226]
  笛卡尔姿态: [-0.318515, 0.934222, 0.003975, 0.160506]

轨迹点 85:
  时间: 2.550000 秒
  关节位置: [-1.853158, 0.393438, 1.997940, -1.529389, -2.098270, -0.407161]
  关节速度: [-0.039924, 0.104239, -0.019212, -0.157558, -0.000400, -0.000453]
  关节加速度: [0.071414, 0.510455, -1.150451, 0.093698, 1.125774, 0.807671]
  笛卡尔位置: [0.343305, 0.690723, 0.023104]
  笛卡尔姿态: [-0.317481, 0.934453, 0.004628, 0.161191]

轨迹点 86:
  时间: 2.580000 秒
  关节位置: [-1.854348, 0.396815, 1.996908, -1.534158, -2.097846, -0.406862]
  关节速度: [-0.040413, 0.121881, -0.047270, -0.163905, 0.026014, 0.018489]
  关节加速度: [-0.126089, 0.705275, -0.700019, -0.599127, 0.605834, 0.433963]
  笛卡尔位置: [0.344308, 0.691646, 0.023016]
  笛卡尔姿态: [-0.316967, 0.934522, 0.005533, 0.161774]

轨迹点 87:
  时间: 2.610000 秒
  关节位置: [-1.855655, 0.400837, 1.995243, -1.539481, -2.096875, -0.406171]
  关节速度: [-0.047718, 0.147592, -0.062069, -0.194528, 0.036656, 0.026090]
  关节加速度: [-0.303104, 0.937495, -0.394257, -1.235630, 0.232834, 0.165722]
  笛卡尔位置: [0.345275, 0.693038, 0.022935]
  笛卡尔姿态: [-0.316654, 0.934516, 0.006670, 0.162377]

轨迹点 88:
  时间: 2.640000 秒
  关节位置: [-1.857223, 0.405687, 1.993204, -1.545873, -2.095671, -0.405314]
  关节速度: [-0.056811, 0.175717, -0.073897, -0.231597, 0.043641, 0.031062]
  关节加速度: [-0.303100, 0.937485, -0.394253, -1.235617, 0.232831, 0.165720]
  笛卡尔位置: [0.346427, 0.694729, 0.022837]
  笛卡尔姿态: [-0.316298, 0.934499, 0.008045, 0.163101]

轨迹点 89:
  时间: 2.670000 秒
  关节位置: [-1.859063, 0.411380, 1.990809, -1.553377, -2.094257, -0.404308]
  关节速度: [-0.065904, 0.203841, -0.085724, -0.268665, 0.050626, 0.036033]
  关节加速度: [-0.303100, 0.937485, -0.394253, -1.235616, 0.232831, 0.165720]
  笛卡尔位置: [0.347784, 0.696701, 0.022722]
  笛卡尔姿态: [-0.315881, 0.934476, 0.009655, 0.163956]

轨迹点 90:
  时间: 2.700000 秒
  关节位置: [-1.861177, 0.417917, 1.988060, -1.561993, -2.092634, -0.403152]
  关节速度: [-0.074997, 0.231966, -0.097552, -0.305734, 0.057610, 0.041005]
  关节加速度: [-0.303105, 0.937500, -0.394259, -1.235636, 0.232835, 0.165723]
  笛卡尔位置: [0.349348, 0.698947, 0.022587]
  笛卡尔姿态: [-0.315402, 0.934442, 0.011501, 0.164945]

轨迹点 91:
  时间: 2.730000 秒
  关节位置: [-1.863563, 0.425298, 1.984956, -1.571721, -2.090800, -0.401847]
  关节速度: [-0.084091, 0.260091, -0.109379, -0.342803, 0.064596, 0.045977]
  关节加速度: [-0.303103, 0.937494, -0.394257, -1.235629, 0.232834, 0.165722]
  笛卡尔位置: [0.351120, 0.701460, 0.022433]
  笛卡尔姿态: [-0.314862, 0.934397, 0.013581, 0.166070]

轨迹点 92:
  时间: 2.760000 秒
  关节位置: [-1.866222, 0.433522, 1.981498, -1.582561, -2.088758, -0.400393]
  关节速度: [-0.093184, 0.288216, -0.121207, -0.379872, 0.071581, 0.050948]
  关节加速度: [-0.303102, 0.937489, -0.394255, -1.235623, 0.232832, 0.165721]
  笛卡尔位置: [0.353102, 0.704230, 0.022259]
  笛卡尔姿态: [-0.314260, 0.934338, 0.015892, 0.167335]

轨迹点 93:
  时间: 2.790000 秒
  关节位置: [-1.869154, 0.442591, 1.977684, -1.594514, -2.086506, -0.398790]
  关节速度: [-0.102277, 0.316341, -0.133035, -0.416941, 0.078565, 0.055920]
  关节加速度: [-0.303103, 0.937495, -0.394257, -1.235629, 0.232834, 0.165722]
  笛卡尔位置: [0.355297, 0.707249, 0.022064]
  笛卡尔姿态: [-0.313598, 0.934260, 0.018433, 0.168744]

轨迹点 94:
  时间: 2.820000 秒
  关节位置: [-1.872334, 0.452426, 1.973548, -1.607477, -2.084063, -0.397052]
  关节速度: [-0.107905, 0.333750, -0.140356, -0.439886, 0.082889, 0.058997]
  关节加速度: [-0.003347, 0.010353, -0.004354, -0.013646, 0.002571, 0.001830]
  笛卡尔位置: [0.357688, 0.710481, 0.021848]
  笛卡尔姿态: [-0.312881, 0.934162, 0.021180, 0.170287]

轨迹点 95:
  时间: 2.850000 秒
  关节位置: [-1.875551, 0.462377, 1.969363, -1.620592, -2.081592, -0.395293]
  关节速度: [-0.106310, 0.328817, -0.138282, -0.433385, 0.081664, 0.058125]
  关节加速度: [0.054792, -0.169470, 0.071270, 0.223364, -0.042089, -0.029957]
  笛卡尔位置: [0.360118, 0.713704, 0.021626]
  笛卡尔姿态: [-0.312157, 0.934049, 0.023949, 0.171866]

轨迹点 96:
  时间: 2.880000 秒
  关节位置: [-1.878730, 0.472210, 1.965228, -1.633551, -2.079150, -0.393555]
  关节速度: [-0.106103, 0.328177, -0.138012, -0.432541, 0.081505, 0.058012]
  关节加速度: [-0.035637, 0.110225, -0.046354, -0.145278, 0.027375, 0.019485]
  笛卡尔位置: [0.362530, 0.716843, 0.021403]
  笛卡尔姿态: [-0.311442, 0.933922, 0.026677, 0.173443]

轨迹点 97:
  时间: 2.910000 秒
  关节位置: [-1.881927, 0.482096, 1.961070, -1.646581, -2.076694, -0.391807]
  关节速度: [-0.106707, 0.330042, -0.138797, -0.435000, 0.081968, 0.058342]
  关节加速度: [0.000000, -0.000000, 0.000000, 0.000000, -0.000000, -0.000000]
  笛卡尔位置: [0.364964, 0.719952, 0.021175]
  笛卡尔姿态: [-0.310724, 0.933780, 0.029409, 0.175045]

轨迹点 98:
  时间: 2.940000 秒
  关节位置: [-1.885128, 0.491997, 1.956907, -1.659631, -2.074235, -0.390057]
  关节速度: [-0.106707, 0.330042, -0.138797, -0.435000, 0.081968, 0.058342]
  关节加速度: [-0.000000, 0.000000, -0.000000, -0.000000, 0.000000, 0.000000]
  笛卡尔位置: [0.367411, 0.723019, 0.020942]
  笛卡尔姿态: [-0.310006, 0.933623, 0.032137, 0.176666]

轨迹点 99:
  时间: 2.970000 秒
  关节位置: [-1.888329, 0.501898, 1.952743, -1.672681, -2.071776, -0.388307]
  关节速度: [-0.106707, 0.330042, -0.138797, -0.435000, 0.081968, 0.058342]
  关节加速度: [-0.000000, 0.000000, -0.000000, -0.000000, 0.000000, 0.000000]
  笛卡尔位置: [0.369866, 0.726038, 0.020707]
  笛卡尔姿态: [-0.309289, 0.933452, 0.034854, 0.178304]

轨迹点 100:
  时间: 3.000000 秒
  关节位置: [-1.891530, 0.511800, 1.948579, -1.685731, -2.069317, -0.386556]
  关节速度: [-0.106707, 0.330042, -0.138797, -0.435000, 0.081968, 0.058342]
  关节加速度: [0.000000, -0.000000, 0.000000, 0.000000, -0.000000, -0.000000]
  笛卡尔位置: [0.372330, 0.729009, 0.020467]
  笛卡尔姿态: [-0.308573, 0.933267, 0.037561, 0.179958]

轨迹点 101:
  时间: 3.030000 秒
  关节位置: [-1.894732, 0.521701, 1.944415, -1.698781, -2.066858, -0.384806]
  关节速度: [-0.106707, 0.330042, -0.138797, -0.435000, 0.081968, 0.058342]
  关节加速度: [-0.000000, 0.000000, -0.000000, -0.000000, 0.000000, 0.000000]
  笛卡尔位置: [0.374800, 0.731932, 0.020224]
  笛卡尔姿态: [-0.307858, 0.933067, 0.040258, 0.181629]

轨迹点 102:
  时间: 3.060000 秒
  关节位置: [-1.897933, 0.531602, 1.940251, -1.711831, -2.064399, -0.383056]
  关节速度: [-0.106707, 0.330042, -0.138797, -0.435000, 0.081968, 0.058342]
  关节加速度: [-0.000000, 0.000000, -0.000000, -0.000000, 0.000000, 0.000000]
  笛卡尔位置: [0.377278, 0.734805, 0.019978]
  笛卡尔姿态: [-0.307145, 0.932852, 0.042944, 0.183317]

轨迹点 103:
  时间: 3.090000 秒
  关节位置: [-1.901134, 0.541503, 1.936087, -1.724881, -2.061940, -0.381306]
  关节速度: [-0.106707, 0.330042, -0.138797, -0.435000, 0.081968, 0.058342]
  关节加速度: [0.000000, -0.000000, 0.000000, 0.000000, -0.000000, -0.000000]
  笛卡尔位置: [0.379762, 0.737629, 0.019729]
  笛卡尔姿态: [-0.306432, 0.932623, 0.045620, 0.185021]

轨迹点 104:
  时间: 3.120000 秒
  关节位置: [-1.904335, 0.551405, 1.931923, -1.737931, -2.059481, -0.379555]
  关节速度: [-0.106707, 0.330042, -0.138797, -0.435000, 0.081968, 0.058342]
  关节加速度: [0.000000, -0.000000, 0.000000, 0.000000, -0.000000, -0.000000]
  笛卡尔位置: [0.382252, 0.740403, 0.019476]
  笛卡尔姿态: [-0.305720, 0.932379, 0.048286, 0.186741]

轨迹点 105:
  时间: 3.150000 秒
  关节位置: [-1.907536, 0.561306, 1.927759, -1.750981, -2.057022, -0.377805]
  关节速度: [-0.106707, 0.330042, -0.138797, -0.435000, 0.081968, 0.058342]
  关节加速度: [-0.000000, 0.000000, -0.000000, -0.000000, 0.000000, 0.000000]
  笛卡尔位置: [0.384747, 0.743127, 0.019220]
  笛卡尔姿态: [-0.305010, 0.932121, 0.050941, 0.188478]

轨迹点 106:
  时间: 3.180000 秒
  关节位置: [-1.910738, 0.571207, 1.923595, -1.764031, -2.054563, -0.376055]
  关节速度: [-0.106707, 0.330042, -0.138797, -0.435000, 0.081968, 0.058342]
  关节加速度: [0.000000, -0.000000, 0.000000, 0.000000, -0.000000, -0.000000]
  笛卡尔位置: [0.387247, 0.745800, 0.018961]
  笛卡尔姿态: [-0.304300, 0.931849, 0.053585, 0.190231]

轨迹点 107:
  时间: 3.210000 秒
  关节位置: [-1.913939, 0.581108, 1.919431, -1.777081, -2.052104, -0.374305]
  关节速度: [-0.106707, 0.330042, -0.138797, -0.435000, 0.081968, 0.058342]
  关节加速度: [0.000000, -0.000000, 0.000000, 0.000000, -0.000000, -0.000000]
  笛卡尔位置: [0.389750, 0.748422, 0.018699]
  笛卡尔姿态: [-0.303592, 0.931562, 0.056218, 0.192001]

轨迹点 108:
  时间: 3.240000 秒
  关节位置: [-1.917140, 0.591010, 1.915267, -1.790131, -2.049645, -0.372554]
  关节速度: [-0.106707, 0.330042, -0.138797, -0.435000, 0.081968, 0.058342]
  关节加速度: [-0.000000, 0.000000, -0.000000, -0.000000, 0.000000, 0.000000]
  笛卡尔位置: [0.392257, 0.750992, 0.018434]
  笛卡尔姿态: [-0.302885, 0.931260, 0.058840, 0.193786]

轨迹点 109:
  时间: 3.270000 秒
  关节位置: [-1.920341, 0.600911, 1.911104, -1.803181, -2.047186, -0.370804]
  关节速度: [-0.106707, 0.330042, -0.138797, -0.435000, 0.081968, 0.058342]
  关节加速度: [-0.000000, 0.000000, -0.000000, -0.000000, 0.000000, 0.000000]
  笛卡尔位置: [0.394767, 0.753511, 0.018166]
  笛卡尔姿态: [-0.302178, 0.930944, 0.061451, 0.195588]

轨迹点 110:
  时间: 3.300000 秒
  关节位置: [-1.923542, 0.610812, 1.906940, -1.816231, -2.044727, -0.369054]
  关节速度: [-0.106707, 0.330042, -0.138797, -0.435000, 0.081968, 0.058342]
  关节加速度: [0.000000, -0.000000, 0.000000, 0.000000, -0.000000, -0.000000]
  笛卡尔位置: [0.397279, 0.755977, 0.017896]
  笛卡尔姿态: [-0.301473, 0.930614, 0.064051, 0.197406]

轨迹点 111:
  时间: 3.330000 秒
  关节位置: [-1.926744, 0.620714, 1.902776, -1.829281, -2.042267, -0.367303]
  关节速度: [-0.106707, 0.330042, -0.138797, -0.435000, 0.081968, 0.058342]
  关节加速度: [-0.000000, 0.000000, -0.000000, -0.000000, 0.000000, 0.000000]
  笛卡尔位置: [0.399793, 0.758391, 0.017622]
  笛卡尔姿态: [-0.300769, 0.930269, 0.066639, 0.199240]

轨迹点 112:
  时间: 3.360000 秒
  关节位置: [-1.929945, 0.630615, 1.898612, -1.842331, -2.039808, -0.365553]
  关节速度: [-0.106707, 0.330042, -0.138797, -0.435000, 0.081968, 0.058342]
  关节加速度: [-0.000000, 0.000000, -0.000000, -0.000000, 0.000000, 0.000000]
  笛卡尔位置: [0.402308, 0.760752, 0.017347]
  笛卡尔姿态: [-0.300066, 0.929910, 0.069215, 0.201089]

轨迹点 113:
  时间: 3.390000 秒
  关节位置: [-1.933146, 0.640516, 1.894448, -1.855381, -2.037349, -0.363803]
  关节速度: [-0.106707, 0.330042, -0.138797, -0.435000, 0.081968, 0.058342]
  关节加速度: [0.000000, -0.000000, 0.000000, 0.000000, -0.000000, -0.000000]
  笛卡尔位置: [0.404823, 0.763060, 0.017068]
  笛卡尔姿态: [-0.299364, 0.929536, 0.071780, 0.202955]

轨迹点 114:
  时间: 3.420000 秒
  关节位置: [-1.936347, 0.650417, 1.890284, -1.868431, -2.034890, -0.362053]
  关节速度: [-0.106707, 0.330042, -0.138797, -0.435000, 0.081968, 0.058342]
  关节加速度: [0.000000, -0.000000, 0.000000, 0.000000, -0.000000, -0.000000]
  笛卡尔位置: [0.407338, 0.765314, 0.016788]
  笛卡尔姿态: [-0.298663, 0.929148, 0.074333, 0.204837]

轨迹点 115:
  时间: 3.450000 秒
  关节位置: [-1.939548, 0.660319, 1.886120, -1.881481, -2.032431, -0.360302]
  关节速度: [-0.106707, 0.330042, -0.138797, -0.435000, 0.081968, 0.058342]
  关节加速度: [-0.000000, 0.000000, -0.000000, -0.000000, 0.000000, 0.000000]
  笛卡尔位置: [0.409852, 0.767514, 0.016505]
  笛卡尔姿态: [-0.297964, 0.928746, 0.076874, 0.206734]

轨迹点 116:
  时间: 3.480000 秒
  关节位置: [-1.942750, 0.670220, 1.881956, -1.894531, -2.029972, -0.358552]
  关节速度: [-0.106707, 0.330042, -0.138797, -0.435000, 0.081968, 0.058342]
  关节加速度: [0.000000, -0.000000, 0.000000, 0.000000, -0.000000, -0.000000]
  笛卡尔位置: [0.412364, 0.769660, 0.016219]
  笛卡尔姿态: [-0.297265, 0.928329, 0.079403, 0.208647]

轨迹点 117:
  时间: 3.510000 秒
  关节位置: [-1.945947, 0.680110, 1.877797, -1.907567, -2.027516, -0.356804]
  关节速度: [-0.105693, 0.326908, -0.137479, -0.430869, 0.081190, 0.057788]
  关节加速度: [0.189413, -0.585852, 0.246376, 0.772160, -0.145501, -0.103562]
  笛卡尔位置: [0.414872, 0.771749, 0.015932]
  笛卡尔姿态: [-0.296569, 0.927898, 0.081918, 0.210573]

轨迹点 118:
  时间: 3.540000 秒
  关节位置: [-1.948987, 0.689511, 1.873843, -1.919958, -2.025181, -0.355142]
  关节速度: [-0.096022, 0.296996, -0.124900, -0.391445, 0.073761, 0.052500]
  关节加速度: [0.377822, -1.168599, 0.491446, 1.540228, -0.290230, -0.206574]
  笛卡尔位置: [0.417253, 0.773684, 0.015657]
  笛卡尔姿态: [-0.295907, 0.927476, 0.084296, 0.212418]

轨迹点 119:
  时间: 3.570000 秒
  关节位置: [-1.951707, 0.697924, 1.870305, -1.931046, -2.023092, -0.353655]
  关节速度: [-0.085787, 0.265337, -0.111586, -0.349718, 0.065899, 0.046904]
  关节加速度: [0.289949, -0.896810, 0.377147, 1.182006, -0.222729, -0.158530]
  笛卡尔位置: [0.419382, 0.775374, 0.015410]
  笛卡尔姿态: [-0.295317, 0.927087, 0.086415, 0.214082]

轨迹点 120:
  时间: 3.600000 秒
  关节位置: [-1.954158, 0.705507, 1.867116, -1.941040, -2.021208, -0.352314]
  关节速度: [-0.077615, 0.240063, -0.100957, -0.316406, 0.059621, 0.042436]
  关节加速度: [0.303105, -0.937500, 0.394259, 1.235636, -0.232835, -0.165723]
  笛卡尔位置: [0.421298, 0.776862, 0.015185]
  笛卡尔姿态: [-0.294785, 0.926727, 0.088317, 0.215590]

轨迹点 121:
  时间: 3.630000 秒
  关节位置: [-1.956350, 0.712287, 1.864265, -1.949976, -2.019525, -0.351116]
  关节速度: [-0.068522, 0.211938, -0.089129, -0.279337, 0.052636, 0.037464]
  关节加速度: [0.303105, -0.937500, 0.394259, 1.235636, -0.232835, -0.165723]
  笛卡尔位置: [0.423009, 0.778166, 0.014984]
  笛卡尔姿态: [-0.294310, 0.926398, 0.090012, 0.216947]

轨迹点 122:
  时间: 3.660000 秒
  关节位置: [-1.958270, 0.718223, 1.861769, -1.957800, -2.018050, -0.350067]
  关节速度: [-0.059429, 0.183813, -0.077301, -0.242267, 0.045651, 0.032493]
  关节加速度: [0.303105, -0.937500, 0.394259, 1.235636, -0.232835, -0.165723]
  笛卡尔位置: [0.424506, 0.779285, 0.014807]
  笛卡尔姿态: [-0.293895, 0.926105, 0.091490, 0.218141]

轨迹点 123:
  时间: 3.690000 秒
  关节位置: [-1.959916, 0.723316, 1.859627, -1.964512, -2.016785, -0.349166]
  关节速度: [-0.050336, 0.155688, -0.065473, -0.205198, 0.038666, 0.027521]
  关节加速度: [0.303105, -0.937500, 0.394259, 1.235636, -0.232835, -0.165723]
  笛卡尔位置: [0.425788, 0.780230, 0.014654]
  笛卡尔姿态: [-0.293539, 0.925849, 0.092755, 0.219169]

轨迹点 124:
  时间: 3.720000 秒
  关节位置: [-1.961290, 0.727564, 1.857840, -1.970112, -2.015730, -0.348415]
  关节速度: [-0.041243, 0.127563, -0.053646, -0.168129, 0.031681, 0.022549]
  关节加速度: [0.303105, -0.937500, 0.394259, 1.235636, -0.232835, -0.165723]
  笛卡尔位置: [0.426857, 0.781007, 0.014527]
  笛卡尔姿态: [-0.293242, 0.925633, 0.093808, 0.220030]

轨迹点 125:
  时间: 3.750000 秒
  关节位置: [-1.962391, 0.730969, 1.856408, -1.974600, -2.014885, -0.347813]
  关节速度: [-0.032149, 0.099438, -0.041818, -0.131060, 0.024696, 0.017578]
  关节加速度: [0.303105, -0.937500, 0.394259, 1.235636, -0.232835, -0.165723]
  笛卡尔位置: [0.427713, 0.781622, 0.014424]
  笛卡尔姿态: [-0.293004, 0.925458, 0.094650, 0.220722]

轨迹点 126:
  时间: 3.780000 秒
  关节位置: [-1.963219, 0.733531, 1.855331, -1.977976, -2.014249, -0.347361]
  关节速度: [-0.023056, 0.071313, -0.029990, -0.093991, 0.017711, 0.012606]
  关节加速度: [0.303105, -0.937500, 0.394259, 1.235636, -0.232835, -0.165723]
  笛卡尔位置: [0.428356, 0.782080, 0.014347]
  笛卡尔姿态: [-0.292825, 0.925325, 0.095282, 0.221244]

轨迹点 127:
  时间: 3.810000 秒
  关节位置: [-1.963774, 0.735248, 1.854609, -1.980240, -2.013822, -0.347057]
  关节速度: [-0.013963, 0.043188, -0.018162, -0.056922, 0.010726, 0.007634]
  关节加速度: [0.303105, -0.937500, 0.394259, 1.235636, -0.232835, -0.165723]
  笛卡尔位置: [0.428787, 0.782385, 0.014295]
  笛卡尔姿态: [-0.292706, 0.925235, 0.095706, 0.221595]

轨迹点 128:
  时间: 3.840000 秒
  关节位置: [-1.964056, 0.736122, 1.854241, -1.981391, -2.013605, -0.346903]
  关节速度: [-0.004870, 0.015063, -0.006335, -0.019853, 0.003741, 0.002663]
  关节加速度: [0.303105, -0.937500, 0.394259, 1.235636, -0.232835, -0.165723]
  笛卡尔位置: [0.429006, 0.782540, 0.014269]
  笛卡尔姿态: [-0.292645, 0.925189, 0.095921, 0.221773]

轨迹点 129:
  时间: 3.856067 秒
  关节位置: [-1.964096, 0.736243, 1.854191, -1.981551, -2.013575, -0.346881]
  关节速度: [0.000000, 0.000000, 0.000000, 0.000000, 0.000000, 0.000000]
  关节加速度: [0.000000, 0.000000, 0.000000, 0.000000, 0.000000, 0.000000]
  笛卡尔位置: [0.429037, 0.782561, 0.014265]
  笛卡尔姿态: [-0.292636, 0.925183, 0.095951, 0.221798]

