详细轨迹分析报告
====================
轨迹点数: 39
轨迹总时间: 3.757 秒
关节名称: 
  0: joint1
  1: joint2
  2: joint3
  3: joint4
  4: joint5
  5: joint6

详细轨迹点信息:
================
轨迹点 0:
  时间: 0.000000 秒
  关节位置: [-1.964527, 0.736876, 1.854068, -1.981494, -2.013977, -0.346122]
  关节速度: [0.000000, -0.000000, 0.000000, 0.000000, 0.000000, 0.000000]
  关节加速度: [0.000000, 0.000000, 0.000000, 0.000000, 0.000000, 0.000000]

轨迹点 1:
  时间: 0.100000 秒
  关节位置: [-1.963551, 0.732189, 1.854428, -1.973884, -2.012846, -0.343401]
  关节速度: [0.019528, -0.093750, 0.007207, 0.152198, 0.022636, 0.054412]
  关节加速度: [0.195280, -0.937500, 0.072065, 1.521982, 0.226360, 0.544116]

轨迹点 2:
  时间: 0.200000 秒
  关节位置: [-1.960621, 0.718126, 1.855509, -1.951055, -2.009450, -0.335240]
  关节速度: [0.039056, -0.187499, 0.014413, 0.304395, 0.045272, 0.108823]
  关节加速度: [0.195280, -0.937500, 0.072065, 1.521982, 0.226360, 0.544116]

轨迹点 3:
  时间: 0.300000 秒
  关节位置: [-1.955759, 0.694783, 1.857304, -1.913159, -2.003814, -0.321692]
  关节速度: [0.055813, -0.267948, 0.020597, 0.435000, 0.064696, 0.155515]
  关节加速度: [0.000000, -0.000000, 0.000000, 0.000000, 0.000000, 0.000000]

轨迹点 4:
  时间: 0.400000 秒
  关节位置: [-1.950178, 0.667988, 1.859363, -1.869659, -1.997344, -0.306140]
  关节速度: [0.055813, -0.267948, 0.020597, 0.435000, 0.064696, 0.155515]
  关节加速度: [0.000000, -0.000000, 0.000000, 0.000000, 0.000000, 0.000000]

轨迹点 5:
  时间: 0.500000 秒
  关节位置: [-1.944596, 0.641194, 1.861423, -1.826159, -1.990875, -0.290589]
  关节速度: [0.055813, -0.267948, 0.020597, 0.435000, 0.064696, 0.155515]
  关节加速度: [0.000000, -0.000000, 0.000000, 0.000000, 0.000000, 0.000000]

轨迹点 6:
  时间: 0.600000 秒
  关节位置: [-1.939015, 0.614399, 1.863483, -1.782659, -1.984405, -0.275037]
  关节速度: [0.055813, -0.267948, 0.020597, 0.435000, 0.064696, 0.155515]
  关节加速度: [-0.000000, 0.000000, -0.000000, -0.000000, -0.000000, -0.000000]

轨迹点 7:
  时间: 0.700000 秒
  关节位置: [-1.933434, 0.587604, 1.865542, -1.739159, -1.977936, -0.259486]
  关节速度: [0.055813, -0.267948, 0.020597, 0.435000, 0.064696, 0.155515]
  关节加速度: [-0.000000, 0.000000, -0.000000, -0.000000, -0.000000, -0.000000]

轨迹点 8:
  时间: 0.800000 秒
  关节位置: [-1.927852, 0.560809, 1.867602, -1.695659, -1.971466, -0.243935]
  关节速度: [0.055813, -0.267948, 0.020597, 0.435000, 0.064696, 0.155515]
  关节加速度: [-0.000000, 0.000000, -0.000000, -0.000000, -0.000000, -0.000000]

轨迹点 9:
  时间: 0.900000 秒
  关节位置: [-1.922271, 0.534014, 1.869662, -1.652159, -1.964996, -0.228383]
  关节速度: [0.055813, -0.267948, 0.020597, 0.435000, 0.064696, 0.155515]
  关节加速度: [-0.000000, 0.000000, -0.000000, -0.000000, -0.000000, -0.000000]

轨迹点 10:
  时间: 1.000000 秒
  关节位置: [-1.916690, 0.507219, 1.871722, -1.608659, -1.958527, -0.212832]
  关节速度: [0.055813, -0.267948, 0.020597, 0.435000, 0.064696, 0.155515]
  关节加速度: [0.000000, -0.000000, 0.000000, 0.000000, 0.000000, 0.000000]

轨迹点 11:
  时间: 1.100000 秒
  关节位置: [-1.911108, 0.480425, 1.873781, -1.565159, -1.952057, -0.197280]
  关节速度: [0.055813, -0.267948, 0.020597, 0.435000, 0.064696, 0.155515]
  关节加速度: [-0.000000, 0.000000, -0.000000, -0.000000, -0.000000, -0.000000]

轨迹点 12:
  时间: 1.200000 秒
  关节位置: [-1.905527, 0.453630, 1.875841, -1.521659, -1.945588, -0.181729]
  关节速度: [0.055813, -0.267948, 0.020597, 0.435000, 0.064696, 0.155515]
  关节加速度: [-0.000000, 0.000000, -0.000000, -0.000000, -0.000000, -0.000000]

轨迹点 13:
  时间: 1.300000 秒
  关节位置: [-1.899946, 0.426835, 1.877901, -1.478159, -1.939118, -0.166177]
  关节速度: [0.055813, -0.267948, 0.020597, 0.435000, 0.064696, 0.155515]
  关节加速度: [-0.000000, 0.000000, -0.000000, -0.000000, -0.000000, -0.000000]

轨迹点 14:
  时间: 1.400000 秒
  关节位置: [-1.894364, 0.400040, 1.879960, -1.434659, -1.932648, -0.150626]
  关节速度: [0.055813, -0.267948, 0.020597, 0.435000, 0.064696, 0.155515]
  关节加速度: [-0.000000, 0.000000, -0.000000, -0.000000, -0.000000, -0.000000]

轨迹点 15:
  时间: 1.500000 秒
  关节位置: [-1.888783, 0.373245, 1.882020, -1.391159, -1.926179, -0.135074]
  关节速度: [0.055813, -0.267948, 0.020597, 0.435000, 0.064696, 0.155515]
  关节加速度: [-0.000000, 0.000000, -0.000000, -0.000000, -0.000000, -0.000000]

轨迹点 16:
  时间: 1.600000 秒
  关节位置: [-1.883202, 0.346450, 1.884080, -1.347659, -1.919709, -0.119523]
  关节速度: [0.055813, -0.267948, 0.020597, 0.435000, 0.064696, 0.155515]
  关节加速度: [-0.000000, 0.000000, -0.000000, -0.000000, -0.000000, -0.000000]

轨迹点 17:
  时间: 1.700000 秒
  关节位置: [-1.877620, 0.319656, 1.886139, -1.304159, -1.913239, -0.103971]
  关节速度: [0.055813, -0.267948, 0.020597, 0.435000, 0.064696, 0.155515]
  关节加速度: [-0.000000, 0.000000, -0.000000, -0.000000, -0.000000, -0.000000]

轨迹点 18:
  时间: 1.800000 秒
  关节位置: [-1.872324, 0.294231, 1.888094, -1.262884, -1.907101, -0.089216]
  关节速度: [0.045254, -0.217253, 0.016700, 0.352699, 0.052456, 0.126091]
  关节加速度: [-0.195280, 0.937500, -0.072065, -1.521982, -0.226360, -0.544116]

轨迹点 19:
  时间: 1.900000 秒
  关节位置: [-1.868775, 0.277194, 1.889404, -1.235224, -1.902987, -0.079327]
  关节速度: [0.025768, -0.123708, 0.009509, 0.200833, 0.029869, 0.071799]
  关节加速度: [-0.002676, 0.012848, -0.000988, -0.020858, -0.003102, -0.007457]

轨迹点 20:
  时间: 2.000000 秒
  关节位置: [-1.862620, 0.267394, 1.884258, -1.214758, -1.895883, -0.075451]
  关节速度: [0.095322, -0.088874, -0.103287, 0.229337, 0.109898, 0.017753]
  关节加速度: [0.649440, -0.605511, -0.703709, 1.562500, 0.748750, 0.120956]

轨迹点 21:
  时间: 2.100000 秒
  关节位置: [-1.849840, 0.255479, 1.870411, -1.184012, -1.881150, -0.073071]
  关节速度: [0.160265, -0.149425, -0.173657, 0.385585, 0.184772, 0.029849]
  关节加速度: [0.649440, -0.605511, -0.703709, 1.562500, 0.748750, 0.120956]

轨迹点 22:
  时间: 2.200000 秒
  关节位置: [-1.832085, 0.238924, 1.851171, -1.141294, -1.860679, -0.069764]
  关节速度: [0.180804, -0.168574, -0.195913, 0.435000, 0.208452, 0.033674]
  关节加速度: [-0.000000, 0.000000, 0.000000, -0.000000, -0.000000, -0.000000]

轨迹点 23:
  时间: 2.300000 秒
  关节位置: [-1.814004, 0.222067, 1.831580, -1.097794, -1.839834, -0.066397]
  关节速度: [0.180804, -0.168574, -0.195913, 0.435000, 0.208452, 0.033674]
  关节加速度: [-0.000000, 0.000000, 0.000000, -0.000000, -0.000000, -0.000000]

轨迹点 24:
  时间: 2.400000 秒
  关节位置: [-1.795924, 0.205209, 1.811989, -1.054294, -1.818989, -0.063029]
  关节速度: [0.180804, -0.168574, -0.195913, 0.435000, 0.208452, 0.033674]
  关节加速度: [-0.000000, 0.000000, 0.000000, -0.000000, -0.000000, -0.000000]

轨迹点 25:
  时间: 2.500000 秒
  关节位置: [-1.777843, 0.188352, 1.792398, -1.010794, -1.798143, -0.059662]
  关节速度: [0.180804, -0.168574, -0.195913, 0.435000, 0.208452, 0.033674]
  关节加速度: [-0.000000, 0.000000, 0.000000, -0.000000, -0.000000, -0.000000]

轨迹点 26:
  时间: 2.600000 秒
  关节位置: [-1.759763, 0.171494, 1.772806, -0.967294, -1.777298, -0.056295]
  关节速度: [0.180804, -0.168574, -0.195913, 0.435000, 0.208452, 0.033674]
  关节加速度: [-0.000000, 0.000000, 0.000000, -0.000000, -0.000000, -0.000000]

轨迹点 27:
  时间: 2.700000 秒
  关节位置: [-1.741683, 0.154637, 1.753215, -0.923794, -1.756453, -0.052927]
  关节速度: [0.180804, -0.168574, -0.195913, 0.435000, 0.208452, 0.033674]
  关节加速度: [-0.000000, 0.000000, 0.000000, -0.000000, -0.000000, -0.000000]

轨迹点 28:
  时间: 2.800000 秒
  关节位置: [-1.723602, 0.137780, 1.733624, -0.880294, -1.735608, -0.049560]
  关节速度: [0.180804, -0.168574, -0.195913, 0.435000, 0.208452, 0.033674]
  关节加速度: [-0.000000, 0.000000, 0.000000, -0.000000, -0.000000, -0.000000]

轨迹点 29:
  时间: 2.900000 秒
  关节位置: [-1.705522, 0.120922, 1.714033, -0.836794, -1.714763, -0.046192]
  关节速度: [0.180804, -0.168574, -0.195913, 0.435000, 0.208452, 0.033674]
  关节加速度: [-0.000000, 0.000000, 0.000000, -0.000000, -0.000000, -0.000000]

轨迹点 30:
  时间: 3.000000 秒
  关节位置: [-1.687441, 0.104065, 1.694441, -0.793294, -1.693917, -0.042825]
  关节速度: [0.180804, -0.168574, -0.195913, 0.435000, 0.208452, 0.033674]
  关节加速度: [-0.000000, 0.000000, 0.000000, -0.000000, -0.000000, -0.000000]

轨迹点 31:
  时间: 3.100000 秒
  关节位置: [-1.669361, 0.087207, 1.674850, -0.749794, -1.673072, -0.039457]
  关节速度: [0.180804, -0.168574, -0.195913, 0.435000, 0.208452, 0.033674]
  关节加速度: [-0.000000, 0.000000, 0.000000, -0.000000, -0.000000, -0.000000]

轨迹点 32:
  时间: 3.200000 秒
  关节位置: [-1.651281, 0.070350, 1.655259, -0.706294, -1.652227, -0.036090]
  关节速度: [0.180804, -0.168574, -0.195913, 0.435000, 0.208452, 0.033674]
  关节加速度: [-0.000000, 0.000000, 0.000000, -0.000000, -0.000000, -0.000000]

轨迹点 33:
  时间: 3.300000 秒
  关节位置: [-1.633200, 0.053492, 1.635668, -0.662794, -1.631382, -0.032723]
  关节速度: [0.180804, -0.168574, -0.195913, 0.435000, 0.208452, 0.033674]
  关节加速度: [-0.000000, 0.000000, 0.000000, -0.000000, -0.000000, -0.000000]

轨迹点 34:
  时间: 3.400000 秒
  关节位置: [-1.615120, 0.036635, 1.616076, -0.619294, -1.610536, -0.029355]
  关节速度: [0.180804, -0.168574, -0.195913, 0.435000, 0.208452, 0.033674]
  关节加速度: [-0.000000, 0.000000, 0.000000, -0.000000, -0.000000, -0.000000]

轨迹点 35:
  时间: 3.500000 秒
  关节位置: [-1.597184, 0.019913, 1.596642, -0.576142, -1.589858, -0.026015]
  关节速度: [0.167080, -0.155779, -0.181042, 0.401982, 0.192630, 0.031118]
  关节加速度: [-0.649440, 0.605511, 0.703709, -1.562500, -0.748750, -0.120956]

轨迹点 36:
  时间: 3.600000 秒
  关节位置: [-1.583724, 0.007362, 1.582057, -0.543757, -1.574339, -0.023508]
  关节速度: [0.102136, -0.095228, -0.110671, 0.245732, 0.117755, 0.019023]
  关节加速度: [-0.649440, 0.605511, 0.703709, -1.562500, -0.748750, -0.120956]

轨迹点 37:
  时间: 3.700000 秒
  关节位置: [-1.576757, 0.000867, 1.574508, -0.526996, -1.566308, -0.022210]
  关节速度: [0.037192, -0.034677, -0.040300, 0.089482, 0.042880, 0.006927]
  关节加速度: [-0.649440, 0.605511, 0.703709, -1.562500, -0.748750, -0.120956]

轨迹点 38:
  时间: 3.757268 秒
  关节位置: [-1.575692, -0.000126, 1.573354, -0.524434, -1.565080, -0.022012]
  关节速度: [-0.000000, 0.000000, 0.000000, -0.000000, -0.000000, -0.000000]
  关节加速度: [-0.649440, 0.605511, 0.703709, -1.562500, -0.748750, -0.120956]

