详细轨迹分析报告
====================
轨迹点数: 66
轨迹总时间: 6.407 秒
关节名称: 
  0: joint1
  1: joint2
  2: joint3
  3: joint4
  4: joint5
  5: joint6

详细轨迹点信息:
================
轨迹点 0:
  时间: 0.000000 秒
  关节位置: [-1.575854, -0.000865, 1.572511, -0.526097, -1.563415, -0.022169]
  关节速度: [0.000000, -0.000000, 0.000000, -0.000000, -0.000000, -0.000000]
  关节加速度: [0.000000, 0.000000, 0.000000, 0.000000, 0.000000, 0.000000]

轨迹点 1:
  时间: 0.100000 秒
  关节位置: [-1.575566, -0.005552, 1.577066, -0.529699, -1.567275, -0.029893]
  关节速度: [0.005761, -0.093750, 0.091101, -0.072039, -0.077212, -0.154489]
  关节加速度: [0.057615, -0.937500, 0.911015, -0.720388, -0.772121, -1.544895]

轨迹点 2:
  时间: 0.200000 秒
  关节位置: [-1.574702, -0.019615, 1.590731, -0.540505, -1.578857, -0.053066]
  关节速度: [0.011523, -0.187499, 0.182202, -0.144077, -0.154423, -0.308977]
  关节加速度: [0.057615, -0.937500, 0.911015, -0.720388, -0.772121, -1.544895]

轨迹点 3:
  时间: 0.300000 秒
  关节位置: [-1.573433, -0.040253, 1.610786, -0.556363, -1.595854, -0.087076]
  关节速度: [0.010988, -0.178792, 0.173741, -0.137386, -0.147253, -0.294630]
  关节加速度: [-0.057615, 0.937500, -0.911015, 0.720388, 0.772121, 1.544895]

轨迹点 4:
  时间: 0.400000 秒
  关节位置: [-1.572623, -0.053445, 1.623605, -0.566500, -1.606719, -0.108814]
  关节速度: [0.005226, -0.085042, 0.082640, -0.065348, -0.070041, -0.140140]
  关节加速度: [-0.057615, 0.937500, -0.911015, 0.720388, 0.772121, 1.544895]

轨迹点 5:
  时间: 0.500000 秒
  关节位置: [-1.573197, -0.057289, 1.629696, -0.574224, -1.612382, -0.118780]
  关节速度: [-0.020115, 0.008350, 0.048820, -0.108897, -0.053486, -0.074014]
  关节加速度: [-0.268470, 0.937436, -0.298499, -0.520103, 0.122730, 0.600589]

轨迹点 6:
  时间: 0.600000 秒
  关节位置: [-1.576734, -0.053043, 1.635083, -0.590229, -1.618971, -0.126449]
  关节速度: [-0.052526, 0.066669, 0.075878, -0.233665, -0.094226, -0.106993]
  关节加速度: [-0.351235, 0.445812, 0.507388, -1.562500, -0.630085, -0.715453]

轨迹点 7:
  时间: 0.700000 秒
  关节位置: [-1.583742, -0.044147, 1.645208, -0.621408, -1.631544, -0.140726]
  关节速度: [-0.087649, 0.111250, 0.126616, -0.389914, -0.157234, -0.178538]
  关节加速度: [-0.351235, 0.445812, 0.507388, -1.562500, -0.630085, -0.715453]

轨迹点 8:
  时间: 0.800000 秒
  关节位置: [-1.593374, -0.031921, 1.659122, -0.664257, -1.648824, -0.160346]
  关节速度: [-0.097784, 0.124114, 0.141257, -0.435000, -0.175416, -0.199182]
  关节加速度: [0.000000, -0.000000, -0.000000, 0.000000, 0.000000, 0.000000]

轨迹点 9:
  时间: 0.900000 秒
  关节位置: [-1.603153, -0.019510, 1.673248, -0.707757, -1.666365, -0.180264]
  关节速度: [-0.097784, 0.124114, 0.141257, -0.435000, -0.175416, -0.199182]
  关节加速度: [0.000000, -0.000000, -0.000000, 0.000000, 0.000000, 0.000000]

轨迹点 10:
  时间: 1.000000 秒
  关节位置: [-1.612931, -0.007098, 1.687374, -0.751257, -1.683907, -0.200183]
  关节速度: [-0.097784, 0.124114, 0.141257, -0.435000, -0.175416, -0.199182]
  关节加速度: [-0.000000, 0.000000, 0.000000, -0.000000, -0.000000, -0.000000]

轨迹点 11:
  时间: 1.100000 秒
  关节位置: [-1.622709, 0.005313, 1.701500, -0.794757, -1.701448, -0.220101]
  关节速度: [-0.097784, 0.124114, 0.141257, -0.435000, -0.175416, -0.199182]
  关节加速度: [-0.000000, 0.000000, 0.000000, -0.000000, -0.000000, -0.000000]

轨迹点 12:
  时间: 1.200000 秒
  关节位置: [-1.632488, 0.017724, 1.715625, -0.838257, -1.718990, -0.240019]
  关节速度: [-0.097784, 0.124114, 0.141257, -0.435000, -0.175416, -0.199182]
  关节加速度: [-0.000000, 0.000000, 0.000000, -0.000000, -0.000000, -0.000000]

轨迹点 13:
  时间: 1.300000 秒
  关节位置: [-1.642266, 0.030136, 1.729751, -0.881757, -1.736531, -0.259937]
  关节速度: [-0.097784, 0.124114, 0.141257, -0.435000, -0.175416, -0.199182]
  关节加速度: [0.000000, -0.000000, -0.000000, 0.000000, 0.000000, 0.000000]

轨迹点 14:
  时间: 1.400000 秒
  关节位置: [-1.652045, 0.042547, 1.743877, -0.925257, -1.754073, -0.279855]
  关节速度: [-0.097784, 0.124114, 0.141257, -0.435000, -0.175416, -0.199182]
  关节加速度: [0.000000, -0.000000, -0.000000, 0.000000, 0.000000, 0.000000]

轨迹点 15:
  时间: 1.500000 秒
  关节位置: [-1.661823, 0.054959, 1.758002, -0.968757, -1.771614, -0.299774]
  关节速度: [-0.097784, 0.124114, 0.141257, -0.435000, -0.175416, -0.199182]
  关节加速度: [0.000000, -0.000000, -0.000000, 0.000000, 0.000000, 0.000000]

轨迹点 16:
  时间: 1.600000 秒
  关节位置: [-1.671601, 0.067370, 1.772128, -1.012257, -1.789156, -0.319692]
  关节速度: [-0.097784, 0.124114, 0.141257, -0.435000, -0.175416, -0.199182]
  关节加速度: [0.000000, -0.000000, -0.000000, 0.000000, 0.000000, 0.000000]

轨迹点 17:
  时间: 1.700000 秒
  关节位置: [-1.681380, 0.079781, 1.786254, -1.055757, -1.806698, -0.339610]
  关节速度: [-0.097784, 0.124114, 0.141257, -0.435000, -0.175416, -0.199182]
  关节加速度: [0.000000, -0.000000, -0.000000, 0.000000, 0.000000, 0.000000]

轨迹点 18:
  时间: 1.800000 秒
  关节位置: [-1.691158, 0.092193, 1.800379, -1.099257, -1.824239, -0.359528]
  关节速度: [-0.097784, 0.124114, 0.141257, -0.435000, -0.175416, -0.199182]
  关节加速度: [0.000000, -0.000000, -0.000000, 0.000000, 0.000000, 0.000000]

轨迹点 19:
  时间: 1.900000 秒
  关节位置: [-1.700936, 0.104604, 1.814505, -1.142757, -1.841781, -0.379446]
  关节速度: [-0.097784, 0.124114, 0.141257, -0.435000, -0.175416, -0.199182]
  关节加速度: [0.000000, -0.000000, -0.000000, 0.000000, 0.000000, 0.000000]

轨迹点 20:
  时间: 2.000000 秒
  关节位置: [-1.710715, 0.117016, 1.828631, -1.186257, -1.859322, -0.399365]
  关节速度: [-0.097784, 0.124114, 0.141257, -0.435000, -0.175416, -0.199182]
  关节加速度: [-0.000000, 0.000000, 0.000000, -0.000000, -0.000000, -0.000000]

轨迹点 21:
  时间: 2.100000 秒
  关节位置: [-1.720493, 0.129427, 1.842756, -1.229757, -1.876864, -0.419283]
  关节速度: [-0.097784, 0.124114, 0.141257, -0.435000, -0.175416, -0.199182]
  关节加速度: [0.000000, -0.000000, -0.000000, 0.000000, 0.000000, 0.000000]

轨迹点 22:
  时间: 2.200000 秒
  关节位置: [-1.730272, 0.141839, 1.856882, -1.273257, -1.894405, -0.439201]
  关节速度: [-0.097784, 0.124114, 0.141257, -0.435000, -0.175416, -0.199182]
  关节加速度: [0.000000, -0.000000, -0.000000, 0.000000, 0.000000, 0.000000]

轨迹点 23:
  时间: 2.300000 秒
  关节位置: [-1.740050, 0.154250, 1.871008, -1.316757, -1.911947, -0.459119]
  关节速度: [-0.097784, 0.124114, 0.141257, -0.435000, -0.175416, -0.199182]
  关节加速度: [0.000000, -0.000000, -0.000000, 0.000000, 0.000000, 0.000000]

轨迹点 24:
  时间: 2.400000 秒
  关节位置: [-1.749828, 0.166661, 1.885134, -1.360257, -1.929488, -0.479037]
  关节速度: [-0.097784, 0.124114, 0.141257, -0.435000, -0.175416, -0.199182]
  关节加速度: [0.000000, -0.000000, -0.000000, 0.000000, 0.000000, 0.000000]

轨迹点 25:
  时间: 2.500000 秒
  关节位置: [-1.759607, 0.179073, 1.899259, -1.403757, -1.947030, -0.498956]
  关节速度: [-0.097784, 0.124114, 0.141257, -0.435000, -0.175416, -0.199182]
  关节加速度: [0.000000, -0.000000, -0.000000, 0.000000, 0.000000, 0.000000]

轨迹点 26:
  时间: 2.600000 秒
  关节位置: [-1.769385, 0.191484, 1.913385, -1.447257, -1.964572, -0.518874]
  关节速度: [-0.097784, 0.124114, 0.141257, -0.435000, -0.175416, -0.199182]
  关节加速度: [0.000000, -0.000000, -0.000000, 0.000000, 0.000000, 0.000000]

轨迹点 27:
  时间: 2.700000 秒
  关节位置: [-1.779163, 0.203896, 1.927511, -1.490757, -1.982113, -0.538792]
  关节速度: [-0.097784, 0.124114, 0.141257, -0.435000, -0.175416, -0.199182]
  关节加速度: [0.000000, -0.000000, -0.000000, 0.000000, 0.000000, 0.000000]

轨迹点 28:
  时间: 2.800000 秒
  关节位置: [-1.788506, 0.215753, 1.941006, -1.532317, -1.998872, -0.557822]
  关节速度: [-0.080279, 0.101896, 0.115970, -0.357128, -0.144013, -0.163525]
  关节加速度: [0.351235, -0.445812, -0.507388, 1.562500, 0.630085, 0.715453]

轨迹点 29:
  时间: 2.900000 秒
  关节位置: [-1.794777, 0.223714, 1.950066, -1.560217, -2.010123, -0.570597]
  关节速度: [-0.045155, 0.057314, 0.065231, -0.200878, -0.081005, -0.091980]
  关节加速度: [0.351235, -0.445812, -0.507388, 1.562500, 0.630085, 0.715453]

轨迹点 30:
  时间: 3.000000 秒
  关节位置: [-1.800969, 0.225747, 1.958846, -1.579680, -2.009610, -0.579187]
  关节速度: [-0.082213, -0.009744, 0.115550, -0.207472, 0.080104, -0.088701]
  关节加速度: [-0.619158, -0.073386, 0.870223, -1.562500, 0.603276, -0.668021]

轨迹点 31:
  时间: 3.100000 秒
  关节位置: [-1.812286, 0.224406, 1.974752, -1.608240, -1.998583, -0.591398]
  关节速度: [-0.144128, -0.017083, 0.202571, -0.363720, 0.140431, -0.155503]
  关节加速度: [-0.619158, -0.073386, 0.870223, -1.562500, 0.603276, -0.668021]

轨迹点 32:
  时间: 3.200000 秒
  关节位置: [-1.828879, 0.222439, 1.998074, -1.650114, -1.982416, -0.609300]
  关节速度: [-0.172374, -0.020431, 0.242270, -0.435000, 0.167952, -0.185977]
  关节加速度: [0.000000, 0.000000, -0.000000, 0.000000, -0.000000, 0.000000]

轨迹点 33:
  时间: 3.300000 秒
  关节位置: [-1.846116, 0.220396, 2.022301, -1.693614, -1.965620, -0.627898]
  关节速度: [-0.172374, -0.020431, 0.242270, -0.435000, 0.167952, -0.185977]
  关节加速度: [0.000000, 0.000000, -0.000000, 0.000000, -0.000000, 0.000000]

轨迹点 34:
  时间: 3.400000 秒
  关节位置: [-1.863354, 0.218353, 2.046528, -1.737114, -1.948825, -0.646496]
  关节速度: [-0.172374, -0.020431, 0.242270, -0.435000, 0.167952, -0.185977]
  关节加速度: [0.000000, 0.000000, -0.000000, 0.000000, -0.000000, 0.000000]

轨迹点 35:
  时间: 3.500000 秒
  关节位置: [-1.880591, 0.216310, 2.070755, -1.780614, -1.932030, -0.665093]
  关节速度: [-0.172374, -0.020431, 0.242270, -0.435000, 0.167952, -0.185977]
  关节加速度: [0.000000, 0.000000, -0.000000, 0.000000, -0.000000, 0.000000]

轨迹点 36:
  时间: 3.600000 秒
  关节位置: [-1.897828, 0.214267, 2.094982, -1.824114, -1.915235, -0.683691]
  关节速度: [-0.172374, -0.020431, 0.242270, -0.435000, 0.167952, -0.185977]
  关节加速度: [0.000000, 0.000000, -0.000000, 0.000000, -0.000000, 0.000000]

轨迹点 37:
  时间: 3.700000 秒
  关节位置: [-1.915066, 0.212224, 2.119209, -1.867614, -1.898440, -0.702289]
  关节速度: [-0.172374, -0.020431, 0.242270, -0.435000, 0.167952, -0.185977]
  关节加速度: [0.000000, 0.000000, -0.000000, 0.000000, -0.000000, 0.000000]

轨迹点 38:
  时间: 3.800000 秒
  关节位置: [-1.932303, 0.210181, 2.143436, -1.911114, -1.881644, -0.720886]
  关节速度: [-0.172374, -0.020431, 0.242270, -0.435000, 0.167952, -0.185977]
  关节加速度: [0.000000, 0.000000, -0.000000, 0.000000, -0.000000, 0.000000]

轨迹点 39:
  时间: 3.900000 秒
  关节位置: [-1.949540, 0.208138, 2.167663, -1.954614, -1.864849, -0.739484]
  关节速度: [-0.172374, -0.020431, 0.242270, -0.435000, 0.167952, -0.185977]
  关节加速度: [0.000000, 0.000000, -0.000000, 0.000000, -0.000000, 0.000000]

轨迹点 40:
  时间: 4.000000 秒
  关节位置: [-1.966778, 0.206095, 2.191890, -1.998114, -1.848054, -0.758082]
  关节速度: [-0.172374, -0.020431, 0.242270, -0.435000, 0.167952, -0.185977]
  关节加速度: [0.000000, 0.000000, -0.000000, 0.000000, -0.000000, 0.000000]

轨迹点 41:
  时间: 4.100000 秒
  关节位置: [-1.984015, 0.204052, 2.216117, -2.041614, -1.831259, -0.776680]
  关节速度: [-0.172374, -0.020431, 0.242270, -0.435000, 0.167952, -0.185977]
  关节加速度: [0.000000, 0.000000, -0.000000, 0.000000, -0.000000, 0.000000]

轨迹点 42:
  时间: 4.200000 秒
  关节位置: [-2.001252, 0.202009, 2.240344, -2.085114, -1.814464, -0.795277]
  关节速度: [-0.172374, -0.020431, 0.242270, -0.435000, 0.167952, -0.185977]
  关节加速度: [0.000000, 0.000000, -0.000000, 0.000000, -0.000000, 0.000000]

轨迹点 43:
  时间: 4.300000 秒
  关节位置: [-2.018490, 0.199965, 2.264571, -2.128614, -1.797668, -0.813875]
  关节速度: [-0.172374, -0.020431, 0.242270, -0.435000, 0.167952, -0.185977]
  关节加速度: [0.000000, 0.000000, -0.000000, 0.000000, -0.000000, 0.000000]

轨迹点 44:
  时间: 4.400000 秒
  关节位置: [-2.035726, 0.197923, 2.288796, -2.172112, -1.780874, -0.832472]
  关节速度: [-0.171320, -0.020306, 0.240789, -0.432341, 0.166926, -0.184840]
  关节加速度: [0.619158, 0.073386, -0.870223, 1.562500, -0.603276, 0.668021]

轨迹点 45:
  时间: 4.500000 秒
  关节位置: [-2.049762, 0.196259, 2.308524, -2.207533, -1.767198, -0.847616]
  关节速度: [-0.109404, -0.012967, 0.153767, -0.276091, 0.106598, -0.118038]
  关节加速度: [0.619158, 0.073386, -0.870223, 1.562500, -0.603276, 0.668021]

轨迹点 46:
  时间: 4.600000 秒
  关节位置: [-2.057607, 0.195329, 2.319550, -2.227330, -1.759554, -0.856079]
  关节速度: [-0.047488, -0.005629, 0.066745, -0.119841, 0.046270, -0.051236]
  关节加速度: [0.619158, 0.073386, -0.870223, 1.562500, -0.603276, 0.668021]

轨迹点 47:
  时间: 4.700000 秒
  关节位置: [-2.060396, 0.196516, 2.322511, -2.234335, -1.757307, -0.857915]
  关节速度: [-0.022315, 0.050541, -0.002231, -0.055146, 0.005255, 0.017044]
  关节加速度: [0.160078, 0.932978, -0.802313, 0.424039, -0.439309, 0.879371]

轨迹点 48:
  时间: 4.800000 秒
  关节位置: [-2.060465, 0.202914, 2.318562, -2.234368, -1.759226, -0.853037]
  关节速度: [0.015585, 0.086688, -0.075493, 0.041192, -0.041485, 0.082409]
  关节加速度: [0.168542, 0.937500, -0.816431, 0.445475, -0.448647, 0.891223]

轨迹点 49:
  时间: 4.900000 秒
  关节位置: [-2.058064, 0.216270, 2.306930, -2.228021, -1.765618, -0.840340]
  关节速度: [0.032439, 0.180437, -0.157135, 0.085739, -0.086349, 0.171530]
  关节加速度: [0.168542, 0.937500, -0.816431, 0.445475, -0.448647, 0.891223]

轨迹点 50:
  时间: 5.000000 秒
  关节位置: [-2.053977, 0.239001, 2.287135, -2.217220, -1.776496, -0.818731]
  关节速度: [0.049293, 0.274186, -0.238777, 0.130286, -0.131213, 0.260651]
  关节加速度: [0.168542, 0.937500, -0.816431, 0.445475, -0.448647, 0.891223]

轨迹点 51:
  时间: 5.100000 秒
  关节位置: [-2.048205, 0.271107, 2.259175, -2.201964, -1.791860, -0.788210]
  关节速度: [0.066147, 0.367935, -0.320420, 0.174833, -0.176078, 0.349773]
  关节加速度: [0.168542, 0.937500, -0.816431, 0.445475, -0.448647, 0.891223]

轨迹点 52:
  时间: 5.200000 秒
  关节位置: [-2.040816, 0.312208, 2.223382, -2.182434, -1.811530, -0.749137]
  关节速度: [0.078203, 0.435000, -0.378824, 0.206701, -0.208172, 0.413527]
  关节加速度: [-0.000000, -0.000000, 0.000000, -0.000000, 0.000000, -0.000000]

轨迹点 53:
  时间: 5.300000 秒
  关节位置: [-2.032996, 0.355708, 2.185499, -2.161764, -1.832347, -0.707785]
  关节速度: [0.078203, 0.435000, -0.378824, 0.206701, -0.208172, 0.413527]
  关节加速度: [-0.000000, -0.000000, 0.000000, -0.000000, 0.000000, -0.000000]

轨迹点 54:
  时间: 5.400000 秒
  关节位置: [-2.025176, 0.399208, 2.147617, -2.141094, -1.853164, -0.666432]
  关节速度: [0.078203, 0.435000, -0.378824, 0.206701, -0.208172, 0.413527]
  关节加速度: [-0.000000, -0.000000, 0.000000, -0.000000, 0.000000, -0.000000]

轨迹点 55:
  时间: 5.500000 秒
  关节位置: [-2.017355, 0.442708, 2.109734, -2.120424, -1.873981, -0.625079]
  关节速度: [0.078203, 0.435000, -0.378824, 0.206701, -0.208172, 0.413527]
  关节加速度: [-0.000000, -0.000000, 0.000000, -0.000000, 0.000000, -0.000000]

轨迹点 56:
  时间: 5.600000 秒
  关节位置: [-2.009535, 0.486208, 2.071852, -2.099754, -1.894798, -0.583726]
  关节速度: [0.078203, 0.435000, -0.378824, 0.206701, -0.208172, 0.413527]
  关节加速度: [-0.000000, -0.000000, 0.000000, -0.000000, 0.000000, -0.000000]

轨迹点 57:
  时间: 5.700000 秒
  关节位置: [-2.001715, 0.529708, 2.033970, -2.079084, -1.915616, -0.542374]
  关节速度: [0.078203, 0.435000, -0.378824, 0.206701, -0.208172, 0.413527]
  关节加速度: [-0.000000, -0.000000, 0.000000, -0.000000, 0.000000, -0.000000]

轨迹点 58:
  时间: 5.800000 秒
  关节位置: [-1.993894, 0.573208, 1.996087, -2.058414, -1.936433, -0.501021]
  关节速度: [0.078203, 0.435000, -0.378824, 0.206701, -0.208172, 0.413527]
  关节加速度: [-0.000000, -0.000000, 0.000000, -0.000000, 0.000000, -0.000000]

轨迹点 59:
  时间: 5.900000 秒
  关节位置: [-1.986074, 0.616708, 1.958205, -2.037744, -1.957250, -0.459668]
  关节速度: [0.078203, 0.435000, -0.378824, 0.206701, -0.208172, 0.413527]
  关节加速度: [0.000000, 0.000000, -0.000000, 0.000000, -0.000000, 0.000000]

轨迹点 60:
  时间: 6.000000 秒
  关节位置: [-1.978532, 0.658659, 1.921671, -2.017810, -1.977326, -0.419788]
  关节速度: [0.068515, 0.381106, -0.331890, 0.181092, -0.182381, 0.362294]
  关节加速度: [-0.168542, -0.937500, 0.816431, -0.445475, 0.448647, -0.891223]

轨迹点 61:
  时间: 6.100000 秒
  关节位置: [-1.972523, 0.692082, 1.892565, -2.001928, -1.993321, -0.388015]
  关节速度: [0.051660, 0.287356, -0.250247, 0.136544, -0.137516, 0.273172]
  关节加速度: [-0.168542, -0.937500, 0.816431, -0.445475, 0.448647, -0.891223]

轨迹点 62:
  时间: 6.200000 秒
  关节位置: [-1.968200, 0.716131, 1.871622, -1.990501, -2.004829, -0.365154]
  关节速度: [0.034806, 0.193606, -0.168604, 0.091997, -0.092652, 0.184050]
  关节加速度: [-0.168542, -0.937500, 0.816431, -0.445475, 0.448647, -0.891223]

轨迹点 63:
  时间: 6.300000 秒
  关节位置: [-1.965562, 0.730804, 1.858844, -1.983529, -2.011851, -0.351205]
  关节速度: [0.017952, 0.099856, -0.086961, 0.047449, -0.047787, 0.094927]
  关节加速度: [-0.168542, -0.937500, 0.816431, -0.445475, 0.448647, -0.891223]

轨迹点 64:
  时间: 6.400000 秒
  关节位置: [-1.964610, 0.736102, 1.854230, -1.981011, -2.014387, -0.346168]
  关节速度: [0.001098, 0.006106, -0.005318, 0.002902, -0.002922, 0.005805]
  关节加速度: [-0.168542, -0.937500, 0.816431, -0.445475, 0.448647, -0.891223]

轨迹点 65:
  时间: 6.406514 秒
  关节位置: [-1.964606, 0.736122, 1.854212, -1.981002, -2.014396, -0.346149]
  关节速度: [0.000000, 0.000000, -0.000000, 0.000000, -0.000000, 0.000000]
  关节加速度: [-0.168542, -0.937500, 0.816431, -0.445475, 0.448647, -0.891223]

