详细轨迹分析报告
====================
轨迹点数: 27
轨迹总时间: 2.518 秒
关节名称: 
  0: joint1
  1: joint2
  2: joint3
  3: joint4
  4: joint5
  5: joint6

详细轨迹点信息:
================
轨迹点 0:
  时间: 0.000000 秒
  关节位置: [-1.964522, 0.302905, 1.078700, -0.772151, -2.013980, -0.346127]
  关节速度: [0.000000, -0.000000, 0.000000, 0.000000, -0.000000, 0.000000]
  关节加速度: [0.000000, 0.000000, 0.000000, 0.000000, 0.000000, 0.000000]

轨迹点 1:
  时间: 0.100000 秒
  关节位置: [-1.959650, 0.298218, 1.079604, -0.770981, -2.015695, -0.345091]
  关节速度: [0.097443, -0.093750, 0.018084, 0.023390, -0.034301, 0.020723]
  关节加速度: [0.974434, -0.937500, 0.180840, 0.233901, -0.343009, 0.207225]

轨迹点 2:
  时间: 0.200000 秒
  关节位置: [-1.945034, 0.284155, 1.082316, -0.767473, -2.020841, -0.341982]
  关节速度: [0.194887, -0.187500, 0.036168, 0.046780, -0.068602, 0.041445]
  关节加速度: [0.974434, -0.937500, 0.180840, 0.233901, -0.343009, 0.207225]

轨迹点 3:
  时间: 0.300000 秒
  关节位置: [-1.920673, 0.260718, 1.086837, -0.761625, -2.029416, -0.336802]
  关节速度: [0.292330, -0.281250, 0.054252, 0.070170, -0.102903, 0.062168]
  关节加速度: [0.974434, -0.937500, 0.180840, 0.233901, -0.343009, 0.207225]

轨迹点 4:
  时间: 0.400000 秒
  关节位置: [-1.886567, 0.227905, 1.093167, -0.753439, -2.041421, -0.329549]
  关节速度: [0.389774, -0.375000, 0.072336, 0.093560, -0.137203, 0.082890]
  关节加速度: [0.974434, -0.937500, 0.180840, 0.233901, -0.343009, 0.207225]

轨迹点 5:
  时间: 0.500000 秒
  关节位置: [-1.844117, 0.187064, 1.101045, -0.743249, -2.056364, -0.320521]
  关节速度: [0.435000, -0.418512, 0.080729, 0.104416, -0.153124, 0.092508]
  关节加速度: [-0.000000, 0.000000, -0.000000, -0.000000, 0.000000, -0.000000]

轨迹点 6:
  时间: 0.600000 秒
  关节位置: [-1.800617, 0.145213, 1.109118, -0.732808, -2.071676, -0.311270]
  关节速度: [0.435000, -0.418512, 0.080729, 0.104416, -0.153124, 0.092508]
  关节加速度: [0.000000, -0.000000, 0.000000, 0.000000, -0.000000, 0.000000]

轨迹点 7:
  时间: 0.700000 秒
  关节位置: [-1.757117, 0.103361, 1.117191, -0.722366, -2.086989, -0.302020]
  关节速度: [0.435000, -0.418512, 0.080729, 0.104416, -0.153124, 0.092508]
  关节加速度: [0.000000, -0.000000, 0.000000, 0.000000, -0.000000, 0.000000]

轨迹点 8:
  时间: 0.800000 秒
  关节位置: [-1.713617, 0.061510, 1.125264, -0.711924, -2.102301, -0.292769]
  关节速度: [0.435000, -0.418512, 0.080729, 0.104416, -0.153124, 0.092508]
  关节加速度: [0.000000, -0.000000, 0.000000, 0.000000, -0.000000, 0.000000]

轨迹点 9:
  时间: 0.900000 秒
  关节位置: [-1.671733, 0.021214, 1.133037, -0.701871, -2.117045, -0.283862]
  关节速度: [0.378880, -0.364520, 0.070314, 0.090945, -0.133369, 0.080573]
  关节加速度: [-0.974434, 0.937500, -0.180840, -0.233901, 0.343009, -0.207225]

轨迹点 10:
  时间: 1.000000 秒
  关节位置: [-1.638416, -0.010768, 1.139661, -0.693712, -2.128158, -0.276524]
  关节速度: [0.305056, -0.287966, 0.089916, 0.085413, -0.060934, 0.083904]
  关节加速度: [-0.033557, 0.240721, 1.249630, 0.451552, 1.763388, 0.710489]

轨迹点 11:
  时间: 1.100000 秒
  关节位置: [-1.611263, -0.035501, 1.153076, -0.684129, -2.126033, -0.265963]
  关节速度: [0.230151, -0.200831, 0.166805, 0.100659, 0.092060, 0.119854]
  关节加速度: [-0.861414, 0.936364, 0.488443, 0.030490, 1.207436, 0.187267]

轨迹点 12:
  时间: 1.200000 秒
  关节位置: [-1.592662, -0.050900, 1.171572, -0.674158, -2.111599, -0.253412]
  关节速度: [0.140919, -0.107134, 0.197532, 0.096546, 0.189423, 0.127898]
  关节加速度: [-0.918637, 0.937144, 0.150815, -0.102921, 0.771491, -0.011762]

轨迹点 13:
  时间: 1.300000 秒
  关节位置: [-1.583240, -0.056927, 1.191626, -0.665197, -2.089385, -0.240948]
  关节速度: [0.046797, -0.013397, 0.199234, 0.080968, 0.249290, 0.118836]
  关节加速度: [-0.962337, 0.937464, -0.108691, -0.205414, 0.436247, -0.164708]

轨迹点 14:
  时间: 1.400000 秒
  关节位置: [-1.581931, -0.054701, 1.212863, -0.657200, -2.060564, -0.228673]
  关节速度: [0.003852, 0.039362, 0.260206, 0.095891, 0.360563, 0.149098]
  关节加速度: [0.018502, 0.189092, 1.250000, 0.460648, 1.732103, 0.716250]

轨迹点 15:
  时间: 1.500000 秒
  关节位置: [-1.581454, -0.049824, 1.245105, -0.645318, -2.015887, -0.210198]
  关节速度: [0.005576, 0.056986, 0.376710, 0.138824, 0.522000, 0.215855]
  关节加速度: [0.000000, 0.000000, 0.000000, 0.000000, 0.000000, 0.000000]

轨迹点 16:
  时间: 1.600000 秒
  关节位置: [-1.580896, -0.044125, 1.282776, -0.631436, -1.963687, -0.188613]
  关节速度: [0.005576, 0.056986, 0.376710, 0.138824, 0.522000, 0.215855]
  关节加速度: [0.000000, 0.000000, 0.000000, 0.000000, 0.000000, 0.000000]

轨迹点 17:
  时间: 1.700000 秒
  关节位置: [-1.580339, -0.038427, 1.320447, -0.617553, -1.911487, -0.167027]
  关节速度: [0.005576, 0.056986, 0.376710, 0.138824, 0.522000, 0.215855]
  关节加速度: [0.000000, 0.000000, 0.000000, 0.000000, 0.000000, 0.000000]

轨迹点 18:
  时间: 1.800000 秒
  关节位置: [-1.579781, -0.032728, 1.358118, -0.603671, -1.859287, -0.145442]
  关节速度: [0.005576, 0.056986, 0.376710, 0.138824, 0.522000, 0.215855]
  关节加速度: [0.000000, 0.000000, 0.000000, 0.000000, 0.000000, 0.000000]

轨迹点 19:
  时间: 1.900000 秒
  关节位置: [-1.579224, -0.027030, 1.395789, -0.589788, -1.807087, -0.123856]
  关节速度: [0.005576, 0.056986, 0.376710, 0.138824, 0.522000, 0.215855]
  关节加速度: [0.000000, 0.000000, 0.000000, 0.000000, 0.000000, 0.000000]

轨迹点 20:
  时间: 2.000000 秒
  关节位置: [-1.578666, -0.021331, 1.433460, -0.575906, -1.754887, -0.102271]
  关节速度: [0.005576, 0.056986, 0.376710, 0.138824, 0.522000, 0.215855]
  关节加速度: [-0.000000, -0.000000, -0.000000, -0.000000, -0.000000, -0.000000]

轨迹点 21:
  时间: 2.100000 秒
  关节位置: [-1.578108, -0.015632, 1.471131, -0.562023, -1.702687, -0.080685]
  关节速度: [0.005576, 0.056986, 0.376710, 0.138824, 0.522000, 0.215855]
  关节加速度: [-0.000000, -0.000000, -0.000000, -0.000000, -0.000000, -0.000000]

轨迹点 22:
  时间: 2.200000 秒
  关节位置: [-1.577551, -0.009934, 1.508802, -0.548141, -1.650487, -0.059100]
  关节速度: [0.005576, 0.056986, 0.376710, 0.138824, 0.522000, 0.215855]
  关节加速度: [-0.000000, -0.000000, -0.000000, -0.000000, -0.000000, -0.000000]

轨迹点 23:
  时间: 2.300000 秒
  关节位置: [-1.577058, -0.004895, 1.542107, -0.535867, -1.604336, -0.040016]
  关节速度: [0.004030, 0.041183, 0.272241, 0.100326, 0.377239, 0.155994]
  关节加速度: [-0.018502, -0.189092, -1.250000, -0.460648, -1.732103, -0.716250]

轨迹点 24:
  时间: 2.400000 秒
  关节位置: [-1.576747, -0.001723, 1.563081, -0.528138, -1.575273, -0.027998]
  关节速度: [0.002179, 0.022274, 0.147241, 0.054261, 0.204029, 0.084369]
  关节加速度: [-0.018502, -0.189092, -1.250000, -0.460648, -1.732103, -0.716250]

轨迹点 25:
  时间: 2.500000 秒
  关节位置: [-1.576622, -0.000441, 1.571555, -0.525015, -1.563530, -0.023142]
  关节速度: [0.000329, 0.003364, 0.022241, 0.008196, 0.030819, 0.012744]
  关节加速度: [-0.018502, -0.189092, -1.250000, -0.460648, -1.732103, -0.716250]

轨迹点 26:
  时间: 2.517793 秒
  关节位置: [-1.576619, -0.000411, 1.571753, -0.524942, -1.563256, -0.023029]
  关节速度: [-0.000000, -0.000000, -0.000000, -0.000000, -0.000000, -0.000000]
  关节加速度: [-0.018502, -0.189092, -1.250000, -0.460648, -1.732103, -0.716250]

