详细轨迹分析报告
====================
轨迹点数: 56
轨迹总时间: 5.459 秒
关节名称: 
  0: joint1
  1: joint2
  2: joint3
  3: joint4
  4: joint5
  5: joint6

详细轨迹点信息:
================
轨迹点 0:
  时间: 0.000000 秒
  关节位置: [-1.570000, -0.523000, 1.570000, 0.000000, -1.570000, 0.000000]
  关节速度: [0.000000, 0.000000, 0.000000, -0.000000, -0.000000, 0.000000]
  关节加速度: [0.000000, 0.000000, 0.000000, 0.000000, 0.000000, 0.000000]

轨迹点 1:
  时间: 0.100000 秒
  关节位置: [-1.567797, -0.521183, 1.575256, -0.007812, -1.570332, 0.000515]
  关节速度: [0.044060, 0.036347, 0.105116, -0.156250, -0.006630, 0.010305]
  关节加速度: [0.440605, 0.363474, 1.051163, -1.562500, -0.066304, 0.103053]

轨迹点 2:
  时间: 0.200000 秒
  关节位置: [-1.561188, -0.515731, 1.591023, -0.031250, -1.571326, 0.002061]
  关节速度: [0.088121, 0.072695, 0.210233, -0.312500, -0.013261, 0.020611]
  关节加速度: [0.440605, 0.363474, 1.051163, -1.562500, -0.066304, 0.103053]

轨迹点 3:
  时间: 0.300000 秒
  关节位置: [-1.550276, -0.506729, 1.617057, -0.069948, -1.572968, 0.004613]
  关节速度: [0.122664, 0.101191, 0.292644, -0.435000, -0.018459, 0.028690]
  关节加速度: [0.000000, 0.000000, 0.000000, -0.000000, -0.000000, 0.000000]

轨迹点 4:
  时间: 0.400000 秒
  关节位置: [-1.538009, -0.496609, 1.646321, -0.113448, -1.574814, 0.007482]
  关节速度: [0.122664, 0.101191, 0.292644, -0.435000, -0.018459, 0.028690]
  关节加速度: [0.000000, 0.000000, 0.000000, -0.000000, -0.000000, 0.000000]

轨迹点 5:
  时间: 0.500000 秒
  关节位置: [-1.525743, -0.486490, 1.675586, -0.156948, -1.576660, 0.010351]
  关节速度: [0.122664, 0.101191, 0.292644, -0.435000, -0.018459, 0.028690]
  关节加速度: [-0.000000, -0.000000, -0.000000, 0.000000, 0.000000, -0.000000]

轨迹点 6:
  时间: 0.600000 秒
  关节位置: [-1.513476, -0.476371, 1.704850, -0.200448, -1.578506, 0.013220]
  关节速度: [0.122664, 0.101191, 0.292644, -0.435000, -0.018459, 0.028690]
  关节加速度: [-0.000000, -0.000000, -0.000000, 0.000000, 0.000000, -0.000000]

轨迹点 7:
  时间: 0.700000 秒
  关节位置: [-1.501210, -0.466252, 1.734114, -0.243948, -1.580352, 0.016089]
  关节速度: [0.122664, 0.101191, 0.292644, -0.435000, -0.018459, 0.028690]
  关节加速度: [-0.000000, -0.000000, -0.000000, 0.000000, 0.000000, -0.000000]

轨迹点 8:
  时间: 0.800000 秒
  关节位置: [-1.488943, -0.456133, 1.763379, -0.287448, -1.582198, 0.018958]
  关节速度: [0.122664, 0.101191, 0.292644, -0.435000, -0.018459, 0.028690]
  关节加速度: [-0.000000, -0.000000, -0.000000, 0.000000, 0.000000, -0.000000]

轨迹点 9:
  时间: 0.900000 秒
  关节位置: [-1.476677, -0.446014, 1.792643, -0.330948, -1.584044, 0.021827]
  关节速度: [0.122664, 0.101191, 0.292644, -0.435000, -0.018459, 0.028690]
  关节加速度: [-0.000000, -0.000000, -0.000000, 0.000000, 0.000000, -0.000000]

轨迹点 10:
  时间: 1.000000 秒
  关节位置: [-1.464411, -0.435895, 1.821908, -0.374448, -1.585890, 0.024696]
  关节速度: [0.122664, 0.101191, 0.292644, -0.435000, -0.018459, 0.028690]
  关节加速度: [-0.000000, -0.000000, -0.000000, 0.000000, 0.000000, -0.000000]

轨迹点 11:
  时间: 1.100000 秒
  关节位置: [-1.452144, -0.425776, 1.851172, -0.417948, -1.587735, 0.027565]
  关节速度: [0.122664, 0.101191, 0.292644, -0.435000, -0.018459, 0.028690]
  关节加速度: [0.000000, 0.000000, 0.000000, -0.000000, -0.000000, 0.000000]

轨迹点 12:
  时间: 1.200000 秒
  关节位置: [-1.439878, -0.415657, 1.880436, -0.461448, -1.589581, 0.030434]
  关节速度: [0.122664, 0.101191, 0.292644, -0.435000, -0.018459, 0.028690]
  关节加速度: [0.000000, 0.000000, 0.000000, -0.000000, -0.000000, 0.000000]

轨迹点 13:
  时间: 1.300000 秒
  关节位置: [-1.427611, -0.405538, 1.909701, -0.504948, -1.591427, 0.033303]
  关节速度: [0.122664, 0.101191, 0.292644, -0.435000, -0.018459, 0.028690]
  关节加速度: [0.000000, 0.000000, 0.000000, -0.000000, -0.000000, 0.000000]

轨迹点 14:
  时间: 1.400000 秒
  关节位置: [-1.415346, -0.395415, 1.938960, -0.548448, -1.593273, 0.036172]
  关节速度: [0.121909, 0.103213, 0.289720, -0.435000, -0.018345, 0.028437]
  关节加速度: [-0.222757, 0.596837, -0.862650, -0.000673, 0.033629, -0.074663]

轨迹点 15:
  时间: 1.500000 秒
  关节位置: [-1.404203, -0.382290, 1.963877, -0.591948, -1.594949, 0.038665]
  关节速度: [0.101502, 0.157828, 0.210718, -0.435000, -0.015264, 0.021599]
  关节加速度: [-0.189848, 0.508660, -0.735204, -0.000571, 0.028661, -0.063632]

轨迹点 16:
  时间: 1.600000 秒
  关节位置: [-1.394976, -0.364035, 1.981372, -0.635448, -1.596336, 0.040515]
  关节速度: [0.083208, 0.206790, 0.139894, -0.435000, -0.012502, 0.015468]
  关节加速度: [-0.178693, 0.478799, -0.692016, -0.000566, 0.026977, -0.059894]

轨迹点 17:
  时间: 1.700000 秒
  关节位置: [-1.387551, -0.340959, 1.991894, -0.678948, -1.597451, 0.041762]
  关节速度: [0.065215, 0.254946, 0.070236, -0.435000, -0.009786, 0.009439]
  关节加速度: [-0.183643, 0.491491, -0.710944, -0.000001, 0.027724, -0.061537]

轨迹点 18:
  时间: 1.800000 秒
  关节位置: [-1.381850, -0.313268, 1.995741, -0.722448, -1.598306, 0.042431]
  关节速度: [0.053071, 0.287446, 0.023224, -0.435000, -0.007953, 0.005370]
  关节加速度: [-0.000000, -0.000000, -0.000000, 0.000000, 0.000000, -0.000000]

轨迹点 19:
  时间: 1.900000 秒
  关节位置: [-1.376543, -0.284524, 1.998064, -0.765948, -1.599101, 0.042968]
  关节速度: [0.053071, 0.287446, 0.023224, -0.435000, -0.007953, 0.005370]
  关节加速度: [-0.000000, -0.000000, -0.000000, 0.000000, 0.000000, -0.000000]

轨迹点 20:
  时间: 2.000000 秒
  关节位置: [-1.371236, -0.255779, 2.000386, -0.809448, -1.599897, 0.043505]
  关节速度: [0.053071, 0.287446, 0.023224, -0.435000, -0.007953, 0.005370]
  关节加速度: [0.000000, 0.000000, 0.000000, -0.000000, -0.000000, 0.000000]

轨迹点 21:
  时间: 2.100000 秒
  关节位置: [-1.365929, -0.227035, 2.002709, -0.852948, -1.600692, 0.044042]
  关节速度: [0.053071, 0.287446, 0.023224, -0.435000, -0.007953, 0.005370]
  关节加速度: [0.000000, 0.000000, 0.000000, -0.000000, -0.000000, 0.000000]

轨迹点 22:
  时间: 2.200000 秒
  关节位置: [-1.360622, -0.198290, 2.005031, -0.896448, -1.601487, 0.044579]
  关节速度: [0.053071, 0.287446, 0.023224, -0.435000, -0.007953, 0.005370]
  关节加速度: [0.000000, 0.000000, 0.000000, -0.000000, -0.000000, 0.000000]

轨迹点 23:
  时间: 2.300000 秒
  关节位置: [-1.355315, -0.169545, 2.007354, -0.939948, -1.602283, 0.045116]
  关节速度: [0.053071, 0.287446, 0.023224, -0.435000, -0.007953, 0.005370]
  关节加速度: [0.000000, 0.000000, 0.000000, -0.000000, -0.000000, 0.000000]

轨迹点 24:
  时间: 2.400000 秒
  关节位置: [-1.350008, -0.140801, 2.009676, -0.983448, -1.603078, 0.045653]
  关节速度: [0.053071, 0.287446, 0.023224, -0.435000, -0.007953, 0.005370]
  关节加速度: [0.000000, 0.000000, 0.000000, -0.000000, -0.000000, 0.000000]

轨迹点 25:
  时间: 2.500000 秒
  关节位置: [-1.344700, -0.112056, 2.011999, -1.026948, -1.603873, 0.046190]
  关节速度: [0.053071, 0.287446, 0.023224, -0.435000, -0.007953, 0.005370]
  关节加速度: [0.000000, 0.000000, 0.000000, -0.000000, -0.000000, 0.000000]

轨迹点 26:
  时间: 2.600000 秒
  关节位置: [-1.339393, -0.083312, 2.014321, -1.070448, -1.604668, 0.046727]
  关节速度: [0.053071, 0.287446, 0.023224, -0.435000, -0.007953, 0.005370]
  关节加速度: [0.000000, 0.000000, 0.000000, -0.000000, -0.000000, 0.000000]

轨迹点 27:
  时间: 2.700000 秒
  关节位置: [-1.334086, -0.054567, 2.016643, -1.113948, -1.605464, 0.047264]
  关节速度: [0.053071, 0.287446, 0.023224, -0.435000, -0.007953, 0.005370]
  关节加速度: [0.000000, 0.000000, 0.000000, -0.000000, -0.000000, 0.000000]

轨迹点 28:
  时间: 2.800000 秒
  关节位置: [-1.328779, -0.025822, 2.018966, -1.157448, -1.606259, 0.047801]
  关节速度: [0.053071, 0.287446, 0.023224, -0.435000, -0.007953, 0.005370]
  关节加速度: [0.000000, 0.000000, 0.000000, -0.000000, -0.000000, 0.000000]

轨迹点 29:
  时间: 2.900000 秒
  关节位置: [-1.323472, 0.002922, 2.021288, -1.200948, -1.607054, 0.048338]
  关节速度: [0.053071, 0.287446, 0.023224, -0.435000, -0.007953, 0.005370]
  关节加速度: [0.000000, 0.000000, 0.000000, -0.000000, -0.000000, 0.000000]

轨迹点 30:
  时间: 3.000000 秒
  关节位置: [-1.318165, 0.031667, 2.023611, -1.244448, -1.607850, 0.048875]
  关节速度: [0.053071, 0.287446, 0.023224, -0.435000, -0.007953, 0.005370]
  关节加速度: [0.000000, 0.000000, 0.000000, -0.000000, -0.000000, 0.000000]

轨迹点 31:
  时间: 3.100000 秒
  关节位置: [-1.312858, 0.060411, 2.025933, -1.287948, -1.608645, 0.049412]
  关节速度: [0.053071, 0.287446, 0.023224, -0.435000, -0.007953, 0.005370]
  关节加速度: [0.000000, 0.000000, 0.000000, -0.000000, -0.000000, 0.000000]

轨迹点 32:
  时间: 3.200000 秒
  关节位置: [-1.307551, 0.089156, 2.028256, -1.331448, -1.609440, 0.049949]
  关节速度: [0.053071, 0.287446, 0.023224, -0.435000, -0.007953, 0.005370]
  关节加速度: [0.000000, 0.000000, 0.000000, -0.000000, -0.000000, 0.000000]

轨迹点 33:
  时间: 3.300000 秒
  关节位置: [-1.302244, 0.117901, 2.030578, -1.374948, -1.610235, 0.050486]
  关节速度: [0.053071, 0.287446, 0.023224, -0.435000, -0.007953, 0.005370]
  关节加速度: [0.000000, 0.000000, 0.000000, -0.000000, -0.000000, 0.000000]

轨迹点 34:
  时间: 3.400000 秒
  关节位置: [-1.296936, 0.146645, 2.032901, -1.418448, -1.611031, 0.051023]
  关节速度: [0.053071, 0.287446, 0.023224, -0.435000, -0.007953, 0.005370]
  关节加速度: [0.000000, 0.000000, 0.000000, -0.000000, -0.000000, 0.000000]

轨迹点 35:
  时间: 3.500000 秒
  关节位置: [-1.291629, 0.175390, 2.035223, -1.461948, -1.611826, 0.051560]
  关节速度: [0.053071, 0.287446, 0.023224, -0.435000, -0.007953, 0.005370]
  关节加速度: [0.000000, 0.000000, 0.000000, -0.000000, -0.000000, 0.000000]

轨迹点 36:
  时间: 3.600000 秒
  关节位置: [-1.286322, 0.204134, 2.037545, -1.505448, -1.612621, 0.052097]
  关节速度: [0.053071, 0.287446, 0.023224, -0.435000, -0.007953, 0.005370]
  关节加速度: [0.000000, 0.000000, 0.000000, -0.000000, -0.000000, 0.000000]

轨迹点 37:
  时间: 3.700000 秒
  关节位置: [-1.281015, 0.232879, 2.039868, -1.548948, -1.613417, 0.052634]
  关节速度: [0.053071, 0.287446, 0.023224, -0.435000, -0.007953, 0.005370]
  关节加速度: [0.000000, 0.000000, 0.000000, -0.000000, -0.000000, 0.000000]

轨迹点 38:
  时间: 3.800000 秒
  关节位置: [-1.275708, 0.261623, 2.042190, -1.592448, -1.614212, 0.053171]
  关节速度: [0.053071, 0.287446, 0.023224, -0.435000, -0.007953, 0.005370]
  关节加速度: [0.000000, 0.000000, 0.000000, -0.000000, -0.000000, 0.000000]

轨迹点 39:
  时间: 3.900000 秒
  关节位置: [-1.270401, 0.290368, 2.044513, -1.635948, -1.615007, 0.053708]
  关节速度: [0.053071, 0.287446, 0.023224, -0.435000, -0.007953, 0.005370]
  关节加速度: [0.000000, 0.000000, 0.000000, -0.000000, -0.000000, 0.000000]

轨迹点 40:
  时间: 4.000000 秒
  关节位置: [-1.265094, 0.319113, 2.046835, -1.679448, -1.615802, 0.054245]
  关节速度: [0.053071, 0.287446, 0.023224, -0.435000, -0.007953, 0.005370]
  关节加速度: [-0.000000, -0.000000, -0.000000, 0.000000, 0.000000, -0.000000]

轨迹点 41:
  时间: 4.100000 秒
  关节位置: [-1.259787, 0.347857, 2.049158, -1.722948, -1.616598, 0.054782]
  关节速度: [0.053071, 0.287446, 0.023224, -0.435000, -0.007953, 0.005370]
  关节加速度: [-0.000000, -0.000000, -0.000000, 0.000000, 0.000000, -0.000000]

轨迹点 42:
  时间: 4.200000 秒
  关节位置: [-1.254480, 0.376602, 2.051480, -1.766448, -1.617393, 0.055319]
  关节速度: [0.053071, 0.287446, 0.023224, -0.435000, -0.007953, 0.005370]
  关节加速度: [-0.000000, -0.000000, -0.000000, 0.000000, 0.000000, -0.000000]

轨迹点 43:
  时间: 4.300000 秒
  关节位置: [-1.249173, 0.405346, 2.053803, -1.809948, -1.618188, 0.055856]
  关节速度: [0.053071, 0.287446, 0.023224, -0.435000, -0.007953, 0.005370]
  关节加速度: [-0.000000, -0.000000, -0.000000, 0.000000, 0.000000, -0.000000]

轨迹点 44:
  时间: 4.400000 秒
  关节位置: [-1.243865, 0.434091, 2.056125, -1.853448, -1.618984, 0.056393]
  关节速度: [0.053071, 0.287446, 0.023224, -0.435000, -0.007953, 0.005370]
  关节加速度: [-0.000000, -0.000000, -0.000000, 0.000000, 0.000000, -0.000000]

轨迹点 45:
  时间: 4.500000 秒
  关节位置: [-1.238558, 0.462836, 2.058447, -1.896948, -1.619779, 0.056930]
  关节速度: [0.053071, 0.287446, 0.023224, -0.435000, -0.007953, 0.005370]
  关节加速度: [-0.000000, -0.000000, -0.000000, 0.000000, 0.000000, -0.000000]

轨迹点 46:
  时间: 4.600000 秒
  关节位置: [-1.233251, 0.491580, 2.060770, -1.940448, -1.620574, 0.057467]
  关节速度: [0.053071, 0.287446, 0.023224, -0.435000, -0.007953, 0.005370]
  关节加速度: [-0.000000, -0.000000, -0.000000, 0.000000, 0.000000, -0.000000]

轨迹点 47:
  时间: 4.700000 秒
  关节位置: [-1.227944, 0.520325, 2.063092, -1.983948, -1.621369, 0.058004]
  关节速度: [0.053071, 0.287446, 0.023224, -0.435000, -0.007953, 0.005370]
  关节加速度: [-0.000000, -0.000000, -0.000000, 0.000000, 0.000000, -0.000000]

轨迹点 48:
  时间: 4.800000 秒
  关节位置: [-1.222637, 0.549069, 2.065415, -2.027448, -1.622165, 0.058541]
  关节速度: [0.053071, 0.287446, 0.023224, -0.435000, -0.007953, 0.005370]
  关节加速度: [-0.000000, -0.000000, -0.000000, 0.000000, 0.000000, -0.000000]

轨迹点 49:
  时间: 4.900000 秒
  关节位置: [-1.217330, 0.577814, 2.067737, -2.070948, -1.622960, 0.059078]
  关节速度: [0.053071, 0.287446, 0.023224, -0.435000, -0.007953, 0.005370]
  关节加速度: [-0.000000, -0.000000, -0.000000, 0.000000, 0.000000, -0.000000]

轨迹点 50:
  时间: 5.000000 秒
  关节位置: [-1.212023, 0.606559, 2.070060, -2.114448, -1.623755, 0.059615]
  关节速度: [0.053071, 0.287446, 0.023224, -0.435000, -0.007953, 0.005370]
  关节加速度: [-0.000000, -0.000000, -0.000000, 0.000000, 0.000000, -0.000000]

轨迹点 51:
  时间: 5.100000 秒
  关节位置: [-1.206716, 0.635303, 2.072382, -2.157948, -1.624551, 0.060152]
  关节速度: [0.053071, 0.287446, 0.023224, -0.435000, -0.007953, 0.005370]
  关节加速度: [-0.000000, -0.000000, -0.000000, 0.000000, 0.000000, -0.000000]

轨迹点 52:
  时间: 5.200000 秒
  关节位置: [-1.201607, 0.662974, 2.074618, -2.199823, -1.625316, 0.060669]
  关节速度: [0.044787, 0.242575, 0.019599, -0.367096, -0.006711, 0.004532]
  关节加速度: [-0.173090, -0.937500, -0.075746, 1.418745, 0.025938, -0.017514]

轨迹点 53:
  时间: 5.300000 秒
  关节位置: [-1.197994, 0.682544, 2.076199, -2.229439, -1.625858, 0.061034]
  关节速度: [0.027478, 0.148825, 0.012024, -0.225221, -0.004118, 0.002780]
  关节加速度: [-0.173090, -0.937500, -0.075746, 1.418745, 0.025938, -0.017514]

轨迹点 54:
  时间: 5.400000 秒
  关节位置: [-1.196111, 0.692739, 2.077023, -2.244867, -1.626140, 0.061225]
  关节速度: [0.010168, 0.055075, 0.004450, -0.083347, -0.001524, 0.001029]
  关节加速度: [-0.173090, -0.937500, -0.075746, 1.418745, 0.025938, -0.017514]

轨迹点 55:
  时间: 5.458747 秒
  关节位置: [-1.195813, 0.694357, 2.077153, -2.247315, -1.626185, 0.061255]
  关节速度: [-0.000000, -0.000000, -0.000000, 0.000000, 0.000000, -0.000000]
  关节加速度: [-0.173090, -0.937500, -0.075746, 1.418745, 0.025938, -0.017514]

