详细轨迹分析报告
====================
轨迹点数: 53
轨迹总时间: 5.180 秒
关节名称: 
  0: joint1
  1: joint2
  2: joint3
  3: joint4
  4: joint5
  5: joint6

详细轨迹点信息:
================
轨迹点 0:
  时间: 0.000000 秒
  关节位置: [-1.195968, 0.693368, 2.078613, -2.245569, -1.626215, 0.061435]
  关节速度: [0.000000, 0.000000, 0.000000, 0.000000, 0.000000, 0.000000]
  关节加速度: [0.000000, 0.000000, 0.000000, 0.000000, 0.000000, 0.000000]

轨迹点 1:
  时间: 0.100000 秒
  关节位置: [-1.199330, 0.691688, 2.084317, -2.257998, -1.620704, 0.062936]
  关节速度: [-0.033617, -0.016798, 0.057045, -0.124282, 0.055114, 0.015006]
  关节加速度: [-0.336171, -0.167983, 0.570455, -1.242821, 0.551144, 0.150064]

轨迹点 2:
  时间: 0.200000 秒
  关节位置: [-1.205465, 0.688878, 2.094232, -2.280189, -1.610645, 0.065498]
  关节速度: [-0.061349, -0.028100, 0.099150, -0.221917, 0.100593, 0.025621]
  关节加速度: [-0.277317, -0.113014, 0.421047, -0.976345, 0.454788, 0.106147]

轨迹点 3:
  时间: 0.300000 秒
  关节位置: [-1.211704, 0.686338, 2.103692, -2.302147, -1.600412, 0.067875]
  关节速度: [-0.062393, -0.025397, 0.094597, -0.219573, 0.102326, 0.023774]
  关节加速度: [-0.010446, 0.027024, -0.045533, 0.023436, 0.017332, -0.018473]

轨迹点 4:
  时间: 0.400000 秒
  关节位置: [-1.218044, 0.684063, 2.112695, -2.323865, -1.590012, 0.070061]
  关节速度: [-0.063396, -0.022750, 0.090026, -0.217180, 0.103995, 0.021857]
  关节加速度: [-0.010027, 0.026470, -0.045712, 0.023935, 0.016687, -0.019170]

轨迹点 5:
  时间: 0.500000 秒
  关节位置: [-1.224479, 0.682047, 2.121238, -2.345338, -1.579453, 0.072048]
  关节速度: [-0.064353, -0.020161, 0.085433, -0.214733, 0.105593, 0.019870]
  关节加速度: [-0.009564, 0.025896, -0.045931, 0.024464, 0.015979, -0.019865]

轨迹点 6:
  时间: 0.600000 秒
  关节位置: [-1.231005, 0.680284, 2.129319, -2.366561, -1.568742, 0.073830]
  关节速度: [-0.065258, -0.017631, 0.080814, -0.212231, 0.107114, 0.017815]
  关节加速度: [-0.009057, 0.025301, -0.046189, 0.025020, 0.015208, -0.020554]

轨迹点 7:
  时间: 0.700000 秒
  关节位置: [-1.237616, 0.678768, 2.136936, -2.387528, -1.557887, 0.075399]
  关节速度: [-0.066109, -0.015162, 0.076165, -0.209671, 0.108551, 0.015691]
  关节加速度: [-0.008506, 0.024685, -0.046483, 0.025602, 0.014371, -0.021237]

轨迹点 8:
  时间: 0.800000 秒
  关节位置: [-1.244306, 0.677492, 2.144084, -2.408233, -1.546897, 0.076749]
  关节速度: [-0.066900, -0.012757, 0.071484, -0.207050, 0.109898, 0.013500]
  关节加速度: [-0.007912, 0.024047, -0.046811, 0.026208, 0.013470, -0.021911]

轨迹点 9:
  时间: 0.900000 秒
  关节位置: [-1.251068, 0.676450, 2.150761, -2.428670, -1.535782, 0.077873]
  关节速度: [-0.067627, -0.010419, 0.066767, -0.204367, 0.111148, 0.011243]
  关节加速度: [-0.007273, 0.023387, -0.047171, 0.026835, 0.012504, -0.022574]

轨迹点 10:
  时间: 1.000000 秒
  关节位置: [-1.257897, 0.675636, 2.156962, -2.448832, -1.524552, 0.078765]
  关节速度: [-0.068286, -0.008148, 0.062011, -0.201618, 0.112296, 0.008920]
  关节加速度: [-0.006590, 0.022706, -0.047561, 0.027482, 0.011473, -0.023224]

轨迹点 11:
  时间: 1.100000 秒
  关节位置: [-1.264784, 0.675041, 2.162683, -2.468712, -1.513219, 0.079418]
  关节速度: [-0.068873, -0.005948, 0.057213, -0.198804, 0.113333, 0.006534]
  关节加速度: [-0.005864, 0.022005, -0.047978, 0.028146, 0.010378, -0.023858]

轨迹点 12:
  时间: 1.200000 秒
  关节位置: [-1.271723, 0.674659, 2.167920, -2.488304, -1.501793, 0.079827]
  关节速度: [-0.069382, -0.003819, 0.052371, -0.195921, 0.114255, 0.004087]
  关节加速度: [-0.005096, 0.021285, -0.048420, 0.028824, 0.009219, -0.024474]

轨迹点 13:
  时间: 1.300000 秒
  关节位置: [-1.278704, 0.674482, 2.172669, -2.507601, -1.490288, 0.079985]
  关节速度: [-0.069811, -0.001764, 0.047483, -0.192970, 0.115055, 0.001580]
  关节加速度: [-0.004287, 0.020548, -0.048884, 0.029514, 0.007998, -0.025069]

轨迹点 14:
  时间: 1.400000 秒
  关节位置: [-1.285719, 0.674504, 2.176923, -2.526596, -1.478715, 0.079887]
  关节速度: [-0.070155, 0.000215, 0.042546, -0.189949, 0.115727, -0.000984]
  关节加速度: [-0.003439, 0.019796, -0.049367, 0.030213, 0.006718, -0.025639]

轨迹点 15:
  时间: 1.500000 秒
  关节位置: [-1.292760, 0.674716, 2.180679, -2.545282, -1.467089, 0.079526]
  关节速度: [-0.070410, 0.002118, 0.037559, -0.186857, 0.116265, -0.003602]
  关节加速度: [-0.002553, 0.019031, -0.049866, 0.030916, 0.005380, -0.026183]

轨迹点 16:
  时间: 1.600000 秒
  关节位置: [-1.299818, 0.675110, 2.183931, -2.563651, -1.455422, 0.078899]
  关节速度: [-0.070574, 0.003944, 0.032522, -0.183695, 0.116664, -0.006272]
  关节加速度: [-0.001633, 0.018255, -0.050378, 0.031622, 0.003988, -0.026696]

轨迹点 17:
  时间: 1.700000 秒
  关节位置: [-1.306882, 0.675679, 2.186675, -2.581697, -1.443731, 0.078000]
  关节速度: [-0.070642, 0.005691, 0.027432, -0.180462, 0.116918, -0.008989]
  关节加速度: [-0.000681, 0.017472, -0.050899, 0.032326, 0.002545, -0.027176]

轨迹点 18:
  时间: 1.800000 秒
  关节位置: [-1.313943, 0.676415, 2.188903, -2.599413, -1.432028, 0.076825]
  关节速度: [-0.070612, 0.007360, 0.022289, -0.177160, 0.117024, -0.011751]
  关节加速度: [0.000299, 0.016685, -0.051426, 0.033024, 0.001054, -0.027620]

轨迹点 19:
  时间: 1.900000 秒
  关节位置: [-1.320991, 0.677310, 2.190613, -2.616792, -1.420331, 0.075370]
  关节速度: [-0.070481, 0.008949, 0.017094, -0.173789, 0.116976, -0.014554]
  关节加速度: [0.001305, 0.015898, -0.051955, 0.033712, -0.000479, -0.028023]

轨迹点 20:
  时间: 2.000000 秒
  关节位置: [-1.328016, 0.678356, 2.191797, -2.633827, -1.408653, 0.073631]
  关节速度: [-0.070248, 0.010461, 0.011845, -0.170350, 0.116771, -0.017392]
  关节加速度: [0.002332, 0.015115, -0.052483, 0.034388, -0.002050, -0.028382]

轨迹点 21:
  时间: 2.100000 秒
  关节位置: [-1.335007, 0.679546, 2.192452, -2.650512, -1.397013, 0.071605]
  关节速度: [-0.069910, 0.011895, 0.006545, -0.166845, 0.116405, -0.020261]
  关节加速度: [0.003376, 0.014340, -0.053006, 0.035046, -0.003654, -0.028694]

轨迹点 22:
  时间: 2.200000 秒
  关节位置: [-1.341954, 0.680871, 2.192571, -2.666840, -1.385425, 0.069289]
  关节速度: [-0.069467, 0.013253, 0.001193, -0.163277, 0.115877, -0.023157]
  关节加速度: [0.004433, 0.013578, -0.053520, 0.035684, -0.005285, -0.028956]

轨迹点 23:
  时间: 2.300000 秒
  关节位置: [-1.348845, 0.682325, 2.192150, -2.682804, -1.373907, 0.066682]
  关节速度: [-0.068917, 0.014536, -0.004209, -0.159647, 0.115183, -0.026073]
  关节加速度: [0.005498, 0.012833, -0.054021, 0.036297, -0.006936, -0.029163]

轨迹点 24:
  时间: 2.400000 秒
  关节位置: [-1.355671, 0.683899, 2.191184, -2.698400, -1.362475, 0.063781]
  关节速度: [-0.068261, 0.015747, -0.009660, -0.155959, 0.114323, -0.029004]
  关节加速度: [0.006566, 0.012110, -0.054506, 0.036882, -0.008601, -0.029312]

轨迹点 25:
  时间: 2.500000 秒
  关节位置: [-1.362421, 0.685588, 2.189669, -2.713622, -1.351145, 0.060587]
  关节速度: [-0.067498, 0.016888, -0.015157, -0.152216, 0.113296, -0.031944]
  关节加速度: [0.007631, 0.011414, -0.054972, 0.037436, -0.010273, -0.029400]

轨迹点 26:
  时间: 2.600000 秒
  关节位置: [-1.369084, 0.687385, 2.187599, -2.728464, -1.339935, 0.057098]
  关节速度: [-0.066629, 0.017963, -0.020699, -0.148420, 0.112101, -0.034887]
  关节加速度: [0.008690, 0.010750, -0.055416, 0.037956, -0.011946, -0.029424]

轨迹点 27:
  时间: 2.700000 秒
  关节位置: [-1.375650, 0.689282, 2.184971, -2.742921, -1.328861, 0.053316]
  关节速度: [-0.065655, 0.018976, -0.026282, -0.144576, 0.110740, -0.037825]
  关节加速度: [0.009735, 0.010121, -0.055833, 0.038439, -0.013610, -0.029380]

轨迹点 28:
  时间: 2.800000 秒
  关节位置: [-1.382107, 0.691275, 2.181780, -2.756990, -1.317939, 0.049241]
  关节速度: [-0.064579, 0.019929, -0.031904, -0.140688, 0.109214, -0.040751]
  关节加速度: [0.010763, 0.009532, -0.056222, 0.038884, -0.015260, -0.029266]

轨迹点 29:
  时间: 2.900000 秒
  关节位置: [-1.388448, 0.693358, 2.178024, -2.770666, -1.307187, 0.044875]
  关节速度: [-0.063402, 0.020828, -0.037562, -0.136759, 0.107526, -0.043659]
  关节加速度: [0.011767, 0.008988, -0.056579, 0.039290, -0.016887, -0.029079]

轨迹点 30:
  时间: 3.000000 秒
  关节位置: [-1.394660, 0.695525, 2.173699, -2.783945, -1.296619, 0.040221]
  关节速度: [-0.062128, 0.021677, -0.043252, -0.132793, 0.105677, -0.046541]
  关节加速度: [0.012744, 0.008492, -0.056904, 0.039655, -0.018484, -0.028817]

轨迹点 31:
  时间: 3.100000 秒
  关节位置: [-1.400736, 0.697774, 2.168802, -2.796825, -1.286252, 0.035282]
  关节速度: [-0.060759, 0.022482, -0.048972, -0.128795, 0.103673, -0.049389]
  关节加速度: [0.013687, 0.008048, -0.057194, 0.039978, -0.020043, -0.028478]

轨迹点 32:
  时间: 3.200000 秒
  关节位置: [-1.406666, 0.700098, 2.163330, -2.809302, -1.276100, 0.030062]
  关节速度: [-0.059300, 0.023247, -0.054716, -0.124769, 0.101517, -0.052195]
  关节加速度: [0.014592, 0.007658, -0.057448, 0.040261, -0.021558, -0.028062]

轨迹点 33:
  时间: 3.300000 秒
  关节位置: [-1.412442, 0.702496, 2.157282, -2.821374, -1.266179, 0.024567]
  关节速度: [-0.057754, 0.023980, -0.060483, -0.120719, 0.099215, -0.054951]
  关节加速度: [0.015455, 0.007325, -0.057665, 0.040504, -0.023020, -0.027566]

轨迹点 34:
  时间: 3.400000 秒
  关节位置: [-1.418054, 0.704965, 2.150655, -2.833038, -1.256501, 0.018802]
  关节速度: [-0.056127, 0.024685, -0.066267, -0.116648, 0.096773, -0.057650]
  关节加速度: [0.016272, 0.007051, -0.057845, 0.040708, -0.024423, -0.026991]

轨迹点 35:
  时间: 3.500000 秒
  关节位置: [-1.423497, 0.707502, 2.143448, -2.844294, -1.247082, 0.012774]
  关节速度: [-0.054423, 0.025369, -0.072066, -0.112560, 0.094197, -0.060284]
  关节加速度: [0.017038, 0.006837, -0.057989, 0.040875, -0.025761, -0.026337]

轨迹点 36:
  时间: 3.600000 秒
  关节位置: [-1.428762, 0.710105, 2.135661, -2.855140, -1.237932, 0.006489]
  关节速度: [-0.052648, 0.026037, -0.077876, -0.108460, 0.091494, -0.062845]
  关节加速度: [0.017751, 0.006685, -0.058097, 0.041008, -0.027027, -0.025605]

轨迹点 37:
  时间: 3.700000 秒
  关节位置: [-1.433842, 0.712775, 2.127291, -2.865575, -1.229065, -0.000043]
  关节速度: [-0.050807, 0.026697, -0.083693, -0.104349, 0.088672, -0.065324]
  关节加速度: [0.018408, 0.006595, -0.058171, 0.041109, -0.028216, -0.024797]

轨迹点 38:
  时间: 3.800000 秒
  关节位置: [-1.438733, 0.715510, 2.118340, -2.875598, -1.220491, -0.006815]
  关节速度: [-0.048907, 0.027353, -0.089514, -0.100231, 0.085740, -0.067716]
  关节加速度: [0.019006, 0.006567, -0.058213, 0.041182, -0.029322, -0.023914]

轨迹点 39:
  时间: 3.900000 秒
  关节位置: [-1.443428, 0.718312, 2.108806, -2.885209, -1.212220, -0.013816]
  关节速度: [-0.046952, 0.028013, -0.095337, -0.096107, 0.082706, -0.070012]
  关节加速度: [0.019544, 0.006600, -0.058226, 0.041231, -0.030343, -0.022959]

轨迹点 40:
  时间: 4.000000 秒
  关节位置: [-1.447923, 0.721180, 2.098690, -2.894407, -1.204263, -0.021037]
  关节速度: [-0.044951, 0.028683, -0.101158, -0.091982, 0.079579, -0.072205]
  关节加速度: [0.020019, 0.006693, -0.058213, 0.041259, -0.031273, -0.021936]

轨迹点 41:
  时间: 4.100000 秒
  关节位置: [-1.452214, 0.724117, 2.087993, -2.903193, -1.196626, -0.028466]
  关节速度: [-0.042907, 0.029367, -0.106976, -0.087854, 0.076368, -0.074290]
  关节加速度: [0.020432, 0.006846, -0.058177, 0.041271, -0.032110, -0.020848]

轨迹点 42:
  时间: 4.200000 秒
  关节位置: [-1.456297, 0.727124, 2.076714, -2.911565, -1.189318, -0.036092]
  关节速度: [-0.040829, 0.030073, -0.112789, -0.083727, 0.073083, -0.076260]
  关节加速度: [0.020781, 0.007056, -0.058124, 0.041271, -0.032851, -0.019701]

轨迹点 43:
  时间: 4.300000 秒
  关节位置: [-1.460169, 0.730205, 2.064854, -2.919526, -1.182344, -0.043903]
  关节速度: [-0.038723, 0.030805, -0.118594, -0.079601, 0.069733, -0.078110]
  关节加速度: [0.021067, 0.007322, -0.058058, 0.041263, -0.033494, -0.018499]

轨迹点 44:
  时间: 4.400000 秒
  关节位置: [-1.463829, 0.733361, 2.052415, -2.927073, -1.175711, -0.051886]
  关节速度: [-0.036593, 0.031569, -0.124393, -0.075476, 0.066329, -0.079835]
  关节加速度: [0.021291, 0.007642, -0.057984, 0.041252, -0.034039, -0.017249]

轨迹点 45:
  时间: 4.500000 秒
  关节位置: [-1.467273, 0.736599, 2.039397, -2.934208, -1.169423, -0.060029]
  关节速度: [-0.034448, 0.032371, -0.130184, -0.071352, 0.062881, -0.081430]
  关节加速度: [0.021452, 0.008013, -0.057908, 0.041242, -0.034485, -0.015956]

轨迹点 46:
  时间: 4.600000 秒
  关节位置: [-1.470503, 0.739920, 2.025800, -2.940931, -1.163483, -0.068318]
  关节速度: [-0.032293, 0.033214, -0.135967, -0.067228, 0.059398, -0.082893]
  关节加速度: [0.021553, 0.008433, -0.057837, 0.041238, -0.034832, -0.014626]

轨迹点 47:
  时间: 4.700000 秒
  关节位置: [-1.473516, 0.743330, 2.011626, -2.947241, -1.157895, -0.076740]
  关节速度: [-0.030134, 0.034104, -0.141745, -0.063103, 0.055889, -0.084220]
  关节加速度: [0.021595, 0.008901, -0.057777, 0.041244, -0.035082, -0.013267]

轨迹点 48:
  时间: 4.800000 秒
  关节位置: [-1.476314, 0.746835, 1.996874, -2.953139, -1.152658, -0.085281]
  关节速度: [-0.027976, 0.035045, -0.147518, -0.058977, 0.052366, -0.085408]
  关节加速度: [0.021580, 0.009413, -0.057735, 0.041264, -0.035236, -0.011886]

轨迹点 49:
  时间: 4.900000 秒
  关节位置: [-1.478896, 0.750439, 1.981545, -2.958624, -1.147774, -0.093927]
  关节速度: [-0.025824, 0.036042, -0.153290, -0.054847, 0.048836, -0.086457]
  关节加速度: [0.021511, 0.009968, -0.057719, 0.041302, -0.035297, -0.010490]

轨迹点 50:
  时间: 5.000000 秒
  关节位置: [-1.481265, 0.754149, 1.965638, -2.963695, -1.143243, -0.102664]
  关节速度: [-0.023685, 0.037099, -0.159064, -0.050711, 0.045309, -0.087366]
  关节加速度: [0.021390, 0.010565, -0.057736, 0.041363, -0.035266, -0.009086]

轨迹点 51:
  时间: 5.100000 秒
  关节位置: [-1.483411, 0.757953, 1.949232, -2.968331, -1.139083, -0.111436]
  关节速度: [-0.021468, 0.038039, -0.164065, -0.046359, 0.041609, -0.087723]
  关节加速度: [0.022172, 0.009399, -0.050008, 0.043515, -0.037007, -0.003573]

轨迹点 52:
  时间: 5.179804 秒
  关节位置: [-1.484133, 0.759350, 1.943187, -2.969899, -1.137670, -0.114609]
  关节速度: [0.000000, 0.000000, 0.000000, 0.000000, 0.000000, 0.000000]
  关节加速度: [0.000000, 0.000000, 0.000000, 0.000000, 0.000000, 0.000000]

