详细轨迹分析报告
====================
轨迹点数: 101
轨迹总时间: 3.000 秒
关节名称: 
  0: joint1
  1: joint2
  2: joint3
  3: joint4
  4: joint5
  5: joint6

详细轨迹点信息:
================
轨迹点 0:
  时间: 0.000000 秒
  关节位置: [-1.964954, 0.736809, 1.853523, -1.982416, -2.013583, -0.345723]
  关节速度: [0.000000, 0.000000, 0.000000, 0.000000, 0.000000, 0.000000]
  关节加速度: [0.000000, 0.000000, 0.000000, 0.000000, 0.000000, 0.000000]

轨迹点 1:
  时间: 0.030000 秒
  关节位置: [-1.964952, 0.732661, 1.853199, -1.977937, -2.013585, -0.345725]
  关节速度: [0.000838, -1.818113, -0.141951, 1.963049, -0.000772, -0.000783]
  关节加速度: [0.109574, -237.837516, -18.569443, 256.797404, -0.100965, -0.102402]

轨迹点 2:
  时间: 0.060000 秒
  关节位置: [-1.964948, 0.724617, 1.852571, -1.969252, -2.013588, -0.345728]
  关节速度: [0.000369, -0.800455, -0.062496, 0.864265, -0.000340, -0.000345]
  关节加速度: [-0.214504, 465.593845, 36.351786, -502.709970, 0.197649, 0.200464]

轨迹点 3:
  时间: 0.090000 秒
  关节位置: [-1.964947, 0.721597, 1.852283, -1.965939, -2.013590, -0.345729]
  关节速度: [0.000440, -0.942612, -0.101366, 1.045544, -0.000405, -0.000411]
  关节加速度: [0.110074, -235.481577, -26.501386, 262.375192, -0.101420, -0.102875]

轨迹点 4:
  时间: 0.120000 秒
  关节位置: [-1.964940, 0.707421, 1.850725, -1.950181, -2.013596, -0.345736]
  关节速度: [0.000757, -1.621400, -0.179418, 1.803517, -0.000698, -0.000708]
  关节加速度: [-0.066313, 142.010472, 15.629607, -157.876373, 0.061100, 0.061976]

轨迹点 5:
  时间: 0.150000 秒
  关节位置: [-1.964937, 0.700392, 1.849947, -1.942363, -2.013599, -0.345739]
  关节速度: [0.000126, -0.268781, -0.031207, 0.300437, -0.000116, -0.000118]
  关节加速度: [0.037700, -79.048923, -12.510147, 91.693414, -0.034733, -0.035239]

轨迹点 6:
  时间: 0.180000 秒
  关节位置: [-1.964932, 0.691169, 1.848584, -1.931761, -2.013603, -0.345743]
  关节速度: [0.000812, -1.706927, -0.260983, 1.970804, -0.000748, -0.000759]
  关节加速度: [0.026481, -55.280154, -9.311207, 64.685726, -0.024397, -0.024753]

轨迹点 7:
  时间: 0.210000 秒
  关节位置: [-1.964927, 0.678998, 1.846712, -1.917698, -2.013608, -0.345748]
  关节速度: [0.000281, -0.591302, -0.090738, 0.683043, -0.000259, -0.000263]
  关节加速度: [-0.091605, 192.328979, 29.849871, -222.505282, 0.084397, 0.085625]

轨迹点 8:
  时间: 0.240000 秒
  关节位置: [-1.964925, 0.674465, 1.845919, -1.912364, -2.013610, -0.345750]
  关节速度: [0.000542, -1.118498, -0.214825, 1.335254, -0.000499, -0.000507]
  关节加速度: [0.094941, -194.999541, -39.588246, 234.926111, -0.087465, -0.088750]

轨迹点 9:
  时间: 0.270000 秒
  关节位置: [-1.964918, 0.660662, 1.843213, -1.895831, -2.013616, -0.345756]
  关节速度: [0.000663, -1.364488, -0.269442, 1.636291, -0.000610, -0.000619]
  关节加速度: [-0.078895, 162.487011, 32.008546, -194.776702, 0.072684, 0.073750]

轨迹点 10:
  时间: 0.300000 秒
  关节位置: [-1.964915, 0.655091, 1.842113, -1.889150, -2.013619, -0.345759]
  关节速度: [0.000171, -0.349667, -0.074775, 0.425052, -0.000158, -0.000160]
  关节加速度: [0.064040, -128.739784, -31.917039, 160.885037, -0.058995, -0.059870]

轨迹点 11:
  时间: 0.330000 秒
  关节位置: [-1.964910, 0.645043, 1.839725, -1.876698, -2.013623, -0.345764]
  关节速度: [0.000819, -1.651050, -0.399362, 2.053331, -0.000754, -0.000766]
  关节加速度: [0.005610, -10.991769, -3.335472, 14.347234, -0.005168, -0.005245]

轨迹点 12:
  时间: 0.360000 秒
  关节位置: [-1.964905, 0.634402, 1.837145, -1.863457, -2.013628, -0.345769]
  关节速度: [0.000205, -0.413437, -0.099766, 0.513933, -0.000189, -0.000192]
  关节加速度: [-0.075255, 151.565104, 36.973664, -188.806947, 0.069326, 0.070354]

轨迹点 13:
  时间: 0.390000 秒
  关节位置: [-1.964902, 0.629457, 1.835802, -1.857160, -2.013631, -0.345771]
  关节速度: [0.000618, -1.218400, -0.348381, 1.568982, -0.000569, -0.000577]
  关节加速度: [0.084056, -164.947552, -48.994248, 214.241346, -0.077428, -0.078588]

轨迹点 14:
  时间: 0.420000 秒
  关节位置: [-1.964896, 0.616197, 1.831968, -1.840042, -2.013637, -0.345777]
  关节速度: [0.000582, -1.145219, -0.332494, 1.479786, -0.000536, -0.000544]
  关节加速度: [-0.088793, 174.796387, 50.773942, -225.886758, 0.081793, 0.083017]

轨迹点 15:
  时间: 0.450000 秒
  关节位置: [-1.964893, 0.611607, 1.830627, -1.834103, -2.013639, -0.345779]
  关节速度: [0.000236, -0.458920, -0.146224, 0.605987, -0.000218, -0.000221]
  关节加速度: [0.081500, -156.045052, -53.997665, 210.333162, -0.075071, -0.076205]

轨迹点 16:
  时间: 0.480000 秒
  关节位置: [-1.964888, 0.600978, 1.827057, -1.819884, -2.013644, -0.345784]
  关节速度: [0.000808, -1.551281, -0.526960, 2.081120, -0.000744, -0.000755]
  关节加速度: [-0.014856, 28.799408, 9.241818, -38.094166, 0.013684, 0.013890]

轨迹点 17:
  时间: 0.510000 秒
  关节位置: [-1.964883, 0.591950, 1.823987, -1.807770, -2.013648, -0.345789]
  关节速度: [0.000147, -0.281947, -0.095169, 0.377638, -0.000135, -0.000137]
  关节加速度: [-0.051625, 99.067583, 33.826532, -133.078094, 0.047553, 0.048271]

轨迹点 18:
  时间: 0.540000 秒
  关节位置: [-1.964880, 0.586440, 1.821907, -1.800169, -2.013651, -0.345792]
  关节速度: [0.000682, -1.277371, -0.497664, 1.777465, -0.000628, -0.000638]
  关节加速度: [0.069819, -129.942045, -52.204983, 182.395847, -0.064307, -0.065288]

轨迹点 19:
  时间: 0.570000 秒
  关节位置: [-1.964874, 0.574052, 1.817048, -1.782898, -2.013657, -0.345798]
  关节速度: [0.000494, -0.924149, -0.363340, 1.289252, -0.000455, -0.000462]
  关节加速度: [-0.094253, 176.106114, 69.370236, -245.812246, 0.086813, 0.088136]

轨迹点 20:
  时间: 0.600000 秒
  关节位置: [-1.964871, 0.570140, 1.815484, -1.777414, -2.013659, -0.345800]
  关节速度: [0.000314, -0.574790, -0.248586, 0.824494, -0.000289, -0.000293]
  关节加速度: [0.091061, -164.822675, -75.147972, 240.295174, -0.083867, -0.085159]

轨迹点 21:
  时间: 0.630000 秒
  关节位置: [-1.964865, 0.559234, 1.810626, -1.761630, -2.013665, -0.345805]
  关节速度: [0.000779, -1.414953, -0.635186, 2.052915, -0.000717, -0.000728]
  关节加速度: [-0.034071, 62.097002, 27.460719, -89.679143, 0.031380, 0.031862]

轨迹点 22:
  时间: 0.660000 秒
  关节位置: [-1.964861, 0.551795, 1.807287, -1.750837, -2.013668, -0.345809]
  关节速度: [0.000113, -0.206073, -0.091698, 0.298175, -0.000104, -0.000106]
  关节加速度: [-0.020295, 36.865481, 16.547865, -53.485675, 0.018692, 0.018980]

轨迹点 23:
  时间: 0.690000 秒
  关节位置: [-1.964858, 0.545665, 1.804249, -1.741656, -2.013672, -0.345812]
  关节速度: [0.000733, -1.292562, -0.654194, 1.949368, -0.000675, -0.000685]
  关节加速度: [0.053101, -92.960552, -48.418384, 141.568183, -0.048903, -0.049664]

轨迹点 24:
  时间: 0.720000 秒
  关节位置: [-1.964851, 0.534418, 1.798532, -1.724669, -2.013677, -0.345818]
  关节速度: [0.000405, -0.713025, -0.362818, 1.077286, -0.000373, -0.000379]
  关节加速度: [-0.094676, 166.624405, 85.034613, -251.996435, 0.087193, 0.088546]

轨迹点 25:
  时间: 0.750000 秒
  关节位置: [-1.964849, 0.530888, 1.796681, -1.719282, -2.013679, -0.345820]
  关节速度: [0.000397, -0.680530, -0.380757, 1.062701, -0.000365, -0.000371]
  关节加速度: [0.093841, -159.279792, -92.553467, 252.167706, -0.086418, -0.087773]

轨迹点 26:
  时间: 0.780000 秒
  关节位置: [-1.964843, 0.520036, 1.790498, -1.702223, -2.013685, -0.345826]
  关节速度: [0.000734, -1.250742, -0.716599, 1.969957, -0.000676, -0.000686]
  关节加速度: [-0.051334, 87.635174, 49.916784, -137.734909, 0.047274, 0.048014]

轨迹点 27:
  时间: 0.810000 秒
  关节位置: [-1.964840, 0.514062, 1.787078, -1.692817, -2.013688, -0.345830]
  关节速度: [0.000112, -0.190718, -0.108882, 0.299999, -0.000103, -0.000105]
  关节加速度: [0.017044, -27.889682, -18.218687, 46.169113, -0.015695, -0.015943]

轨迹点 28:
  时间: 0.840000 秒
  关节位置: [-1.964836, 0.507361, 1.782858, -1.681881, -2.013692, -0.345833]
  关节速度: [0.000767, -1.264304, -0.808510, 2.075549, -0.000707, -0.000718]
  关节加速度: [0.034733, -56.629609, -37.400756, 94.154154, -0.031983, -0.032490]

轨迹点 29:
  时间: 0.870000 秒
  关节位置: [-1.964830, 0.497449, 1.776501, -1.665591, -2.013698, -0.345839]
  关节速度: [0.000318, -0.522833, -0.335215, 0.859180, -0.000292, -0.000297]
  关节加速度: [-0.089454, 147.066692, 94.669571, -242.055081, 0.082374, 0.083676]

轨迹点 30:
  时间: 0.900000 秒
  关节位置: [-1.964827, 0.494047, 1.774220, -1.659901, -2.013700, -0.345841]
  关节速度: [0.000479, -0.763567, -0.538211, 1.303485, -0.000441, -0.000448]
  关节加速度: [0.090839, -143.304328, -104.071214, 247.699301, -0.083644, -0.084979]

轨迹点 31:
  时间: 0.930000 秒
  关节位置: [-1.964821, 0.483571, 1.766746, -1.641928, -2.013706, -0.345847]
  关节速度: [0.000674, -1.068592, -0.765474, 1.836468, -0.000621, -0.000631]
  关节加速度: [-0.065917, 104.577147, 74.745073, -179.557157, 0.060697, 0.061665]

轨迹点 32:
  时间: 0.960000 秒
  关节位置: [-1.964818, 0.478858, 1.763372, -1.633830, -2.013708, -0.345850]
  关节速度: [0.000142, -0.223002, -0.163463, 0.386971, -0.000131, -0.000133]
  关节加速度: [0.046697, -70.796000, -57.153307, 128.115744, -0.042996, -0.043688]

轨迹点 33:
  时间: 0.990000 秒
  关节位置: [-1.964813, 0.471734, 1.757773, -1.621090, -2.013713, -0.345854]
  关节速度: [0.000784, -1.195822, -0.950789, 2.149405, -0.000722, -0.000734]
  关节加速度: [0.015548, -23.216694, -19.482284, 42.754393, -0.014315, -0.014547]

轨迹点 34:
  时间: 1.020000 秒
  关节位置: [-1.964808, 0.463267, 1.751028, -1.605859, -2.013718, -0.345859]
  关节速度: [0.000238, -0.363083, -0.288692, 0.652625, -0.000219, -0.000223]
  关节加速度: [-0.078016, 118.724637, 94.908701, -213.911399, 0.071833, 0.072988]

轨迹点 35:
  时间: 1.050000 秒
  关节位置: [-1.964805, 0.459800, 1.748104, -1.599460, -2.013720, -0.345862]
  关节速度: [0.000556, -0.815405, -0.713686, 1.531072, -0.000512, -0.000520]
  关节加速度: [0.082997, -120.484932, -108.202492, 228.983245, -0.076415, -0.077656]

轨迹点 36:
  时间: 1.080000 秒
  关节位置: [-1.964799, 0.449995, 1.739450, -1.580977, -2.013726, -0.345868]
  关节速度: [0.000602, -0.879148, -0.778383, 1.659676, -0.000554, -0.000563]
  关节加速度: [-0.077079, 112.574477, 99.638750, -212.487953, 0.070967, 0.072118]

轨迹点 37:
  时间: 1.110000 秒
  关节位置: [-1.964796, 0.446289, 1.736165, -1.573976, -2.013728, -0.345870]
  关节速度: [0.000195, -0.278847, -0.258955, 0.538497, -0.000179, -0.000182]
  关节加速度: [0.067071, -93.127747, -92.569313, 185.936120, -0.061748, -0.062760]

轨迹点 38:
  时间: 1.140000 秒
  关节位置: [-1.964791, 0.438960, 1.729043, -1.559506, -2.013733, -0.345875]
  关节速度: [0.000782, -1.092873, -1.071511, 2.167172, -0.000720, -0.000732]
  关节加速度: [-0.003590, 5.411142, 4.436158, -9.860094, 0.003305, 0.003359]

轨迹点 39:
  时间: 1.170000 秒
  关节位置: [-1.964786, 0.431960, 1.722173, -1.545619, -2.013738, -0.345880]
  关节速度: [0.000172, -0.241016, -0.235629, 0.477259, -0.000159, -0.000161]
  关节加速度: [-0.059898, 83.517587, 82.244891, -165.975973, 0.055145, 0.056048]

轨迹点 40:
  时间: 1.200000 秒
  关节位置: [-1.964783, 0.428313, 1.718342, -1.538132, -2.013740, -0.345882]
  关节速度: [0.000622, -0.831479, -0.897902, 1.731599, -0.000573, -0.000582]
  关节加速度: [0.071260, -94.098753, -104.103215, 198.455964, -0.065601, -0.066685]

轨迹点 41:
  时间: 1.230000 秒
  关节位置: [-1.964776, 0.419425, 1.708685, -1.519562, -2.013747, -0.345889]
  关节速度: [0.000521, -0.693093, -0.754765, 1.449715, -0.000480, -0.000487]
  关节加速度: [-0.084091, 111.834482, 121.905798, -234.040011, 0.077414, 0.078692]

轨迹点 42:
  时间: 1.260000 秒
  关节位置: [-1.964774, 0.416463, 1.705437, -1.513345, -2.013749, -0.345891]
  关节速度: [0.000263, -0.338517, -0.393461, 0.732914, -0.000242, -0.000246]
  关节加速度: [0.079159, -99.436419, -121.582536, 221.301110, -0.072869, -0.074083]

轨迹点 43:
  时间: 1.290000 秒
  关节位置: [-1.964769, 0.409184, 1.696717, -1.497325, -2.013754, -0.345896]
  关节速度: [0.000762, -0.963262, -1.162163, 2.128141, -0.000701, -0.000713]
  关节加速度: [-0.021786, 27.855085, 32.889128, -60.821865, 0.020055, 0.020388]

轨迹点 44:
  时间: 1.320000 秒
  关节位置: [-1.964764, 0.403590, 1.689967, -1.484966, -2.013758, -0.345900]
  关节速度: [0.000127, -0.160786, -0.192805, 0.354043, -0.000117, -0.000119]
  关节加速度: [-0.034836, 43.997310, 53.228097, -97.349577, 0.032068, 0.032602]

轨迹点 45:
  时间: 1.350000 秒
  关节位置: [-1.964761, 0.399734, 1.684939, -1.476070, -2.013761, -0.345903]
  关节速度: [0.000675, -0.810902, -1.080309, 1.893619, -0.000622, -0.000632]
  关节加速度: [0.056610, -67.060512, -91.609703, 158.872000, -0.052108, -0.052984]

轨迹点 46:
  时间: 1.380000 秒
  关节位置: [-1.964754, 0.391945, 1.674515, -1.457833, -2.013767, -0.345909]
  关节速度: [0.000435, -0.520378, -0.697449, 1.219377, -0.000400, -0.000407]
  关节加速度: [-0.086302, 103.171371, 138.580211, -242.059206, 0.079441, 0.080774]

轨迹点 47:
  时间: 1.410000 秒
  关节位置: [-1.964752, 0.389485, 1.671160, -1.452011, -2.013769, -0.345911]
  关节速度: [0.000338, -0.387109, -0.561246, 0.949558, -0.000311, -0.000316]
  关节加速度: [0.083958, -94.033960, -142.033969, 236.367203, -0.077278, -0.078588]

轨迹点 48:
  时间: 1.440000 秒
  关节位置: [-1.964746, 0.382518, 1.660843, -1.434706, -2.013774, -0.345917]
  关节速度: [0.000723, -0.816228, -1.215961, 2.034766, -0.000666, -0.000677]
  关节加速度: [-0.038135, 43.261070, 63.888146, -107.285151, 0.035102, 0.035695]

轨迹点 49:
  时间: 1.470000 秒
  关节位置: [-1.964742, 0.378198, 1.654409, -1.423938, -2.013778, -0.345921]
  关节速度: [0.000108, -0.122715, -0.181348, 0.304449, -0.000100, -0.000101]
  关节加速度: [-0.002852, 3.282716, 4.725294, -8.018177, 0.002626, 0.002670]

轨迹点 50:
  时间: 1.500000 秒
  关节位置: [-1.964739, 0.374188, 1.647898, -1.413403, -2.013781, -0.345924]
  关节速度: [0.000712, -0.756088, -1.249901, 2.008526, -0.000655, -0.000666]
  关节加速度: [0.040083, -41.840891, -71.253238, 113.237010, -0.036892, -0.037522]

轨迹点 51:
  时间: 1.530000 秒
  关节位置: [-1.964732, 0.367609, 1.636983, -1.395888, -2.013787, -0.345930]
  关节速度: [0.000348, -0.369405, -0.613041, 0.983688, -0.000321, -0.000326]
  关节加速度: [-0.083204, 88.016257, 146.592797, -234.905644, 0.076580, 0.077887]

轨迹点 52:
  时间: 1.560000 秒
  关节位置: [-1.964730, 0.365457, 1.633288, -1.390033, -2.013789, -0.345932]
  关节速度: [0.000413, -0.414457, -0.753548, 1.169477, -0.000380, -0.000387]
  关节加速度: [0.082525, -80.929102, -152.548325, 233.771603, -0.075951, -0.077259]

轨迹点 53:
  时间: 1.590000 秒
  关节位置: [-1.964724, 0.359050, 1.621453, -1.371767, -2.013795, -0.345938]
  关节速度: [0.000668, -0.661702, -1.228528, 1.892613, -0.000615, -0.000626]
  关节加速度: [-0.051772, 51.381733, 95.014030, -146.580313, 0.047648, 0.048467]

轨迹点 54:
  时间: 1.620000 秒
  关节位置: [-1.964721, 0.355812, 1.615448, -1.362513, -2.013798, -0.345941]
  关节速度: [0.000121, -0.119494, -0.223298, 0.343224, -0.000112, -0.000113]
  关节加速度: [0.027965, -25.437373, -53.917181, 79.454242, -0.025736, -0.026183]

轨迹点 55:
  时间: 1.650000 秒
  关节位置: [-1.964716, 0.351783, 1.607208, -1.350229, -2.013802, -0.345945]
  关节速度: [0.000729, -0.672208, -1.396059, 2.070867, -0.000671, -0.000683]
  关节加速度: [0.022756, -20.373246, -44.239300, 64.693666, -0.020942, -0.021306]

轨迹点 56:
  时间: 1.680000 秒
  关节位置: [-1.964711, 0.346451, 1.596105, -1.333774, -2.013807, -0.345950]
  关节速度: [0.000267, -0.246235, -0.512127, 0.759315, -0.000246, -0.000250]
  关节加速度: [-0.074510, 68.367529, 142.993984, -211.627123, 0.068571, 0.069761]

轨迹点 57:
  时间: 1.710000 秒
  关节位置: [-1.964708, 0.344475, 1.591761, -1.327445, -2.013809, -0.345952]
  关节速度: [0.000483, -0.414883, -0.959460, 1.376066, -0.000445, -0.000453]
  关节加速度: [0.076000, -63.724057, -152.580606, 216.575590, -0.069938, -0.071162]

轨迹点 58:
  时间: 1.740000 秒
  关节位置: [-1.964702, 0.338839, 1.578561, -1.308586, -2.013815, -0.345959]
  关节速度: [0.000600, -0.509501, -1.198488, 1.710129, -0.000552, -0.000562]
  关节加速度: [-0.061925, 52.601103, 123.564437, -176.386292, 0.056986, 0.057983]

轨迹点 59:
  时间: 1.770000 秒
  关节位置: [-1.964699, 0.336469, 1.572990, -1.300634, -2.013818, -0.345961]
  关节速度: [0.000159, -0.131482, -0.321617, 0.453666, -0.000146, -0.000149]
  关节加速度: [0.048808, -37.474243, -101.860709, 139.508946, -0.044912, -0.045705]

轨迹点 60:
  时间: 1.800000 秒
  关节位置: [-1.964694, 0.332608, 1.562844, -1.286610, -2.013822, -0.345966]
  关节速度: [0.000728, -0.566505, -1.509390, 2.078488, -0.000669, -0.000681]
  关节加速度: [0.005709, -3.972909, -12.375715, 16.368977, -0.005253, -0.005347]

轨迹点 61:
  时间: 1.830000 秒
  关节位置: [-1.964689, 0.328491, 1.551853, -1.271483, -2.013827, -0.345971]
  关节速度: [0.000197, -0.153898, -0.409230, 0.563832, -0.000182, -0.000185]
  关节加速度: [-0.060228, 46.674240, 125.209655, -172.098599, 0.055421, 0.056398]

轨迹点 62:
  时间: 1.860000 秒
  关节位置: [-1.964686, 0.326634, 1.546496, -1.264260, -2.013830, -0.345973]
  关节速度: [0.000543, -0.386774, -1.166879, 1.555588, -0.000500, -0.000508]
  关节加速度: [0.065606, -45.495010, -142.423174, 188.152065, -0.060366, -0.061440]

轨迹点 63:
  时间: 1.890000 秒
  关节位置: [-1.964679, 0.321930, 1.532152, -1.245189, -2.013836, -0.345979]
  关节速度: [0.000523, -0.368487, -1.127888, 1.498239, -0.000481, -0.000489]
  关节加速度: [-0.067991, 47.905865, 146.748896, -194.897146, 0.062561, 0.063673]

轨迹点 64:
  时间: 1.920000 秒
  关节位置: [-1.964677, 0.320221, 1.526902, -1.238221, -2.013838, -0.345982]
  关节速度: [0.000213, -0.141941, -0.468208, 0.610907, -0.000196, -0.000199]
  关节加速度: [0.060849, -37.882648, -137.009034, 175.108610, -0.055986, -0.056990]

轨迹点 65:
  时间: 1.950000 秒
  关节位置: [-1.964672, 0.316740, 1.514754, -1.222573, -2.013843, -0.345987]
  关节速度: [0.000707, -0.447497, -1.582482, 2.032498, -0.000650, -0.000662]
  关节加速度: [-0.010029, 6.708216, 22.054107, -28.798077, 0.009228, 0.009393]

轨迹点 66:
  时间: 1.980000 秒
  关节位置: [-1.964667, 0.313744, 1.504145, -1.208950, -2.013847, -0.345991]
  关节速度: [0.000144, -0.091877, -0.322517, 0.414909, -0.000133, -0.000135]
  关节加速度: [-0.040709, 25.658374, 91.304816, -117.108319, 0.037456, 0.038127]

轨迹点 67:
  时间: 2.010000 秒
  关节位置: [-1.964664, 0.312026, 1.497381, -1.200458, -2.013850, -0.345994]
  关节速度: [0.000588, -0.331971, -1.363465, 1.697532, -0.000541, -0.000551]
  关节加速度: [0.052615, -28.684100, -123.156736, 152.028414, -0.048407, -0.049282]

轨迹点 68:
  时间: 2.040000 秒
  关节位置: [-1.964657, 0.308357, 1.482168, -1.181553, -2.013856, -0.346000]
  关节速度: [0.000440, -0.245807, -1.022426, 1.269801, -0.000405, -0.000412]
  关节加速度: [-0.069594, 38.797750, 161.913999, -200.959856, 0.064029, 0.065185]

轨迹点 69:
  时间: 2.070000 秒
  关节位置: [-1.964655, 0.307138, 1.477013, -1.175171, -2.013858, -0.346002]
  关节速度: [0.000274, -0.139539, -0.651875, 0.792390, -0.000252, -0.000256]
  关节加速度: [0.065415, -31.017202, -158.539207, 189.789621, -0.060180, -0.061276]

轨迹点 70:
  时间: 2.100000 秒
  关节位置: [-1.964649, 0.304249, 1.462848, -1.158096, -2.013864, -0.346008]
  关节速度: [0.000668, -0.324131, -1.610540, 1.937052, -0.000615, -0.000626]
  关节加速度: [-0.023544, 11.676554, 56.464577, -68.225069, 0.021660, 0.022054]

轨迹点 71:
  时间: 2.130000 秒
  关节位置: [-1.964645, 0.302233, 1.452831, -1.146049, -2.013867, -0.346012]
  关节速度: [0.000114, -0.055814, -0.273244, 0.329463, -0.000105, -0.000106]
  关节加速度: [-0.016686, 8.093044, 40.230953, -48.383486, 0.015351, 0.015631]

轨迹点 72:
  时间: 2.160000 秒
  关节位置: [-1.964642, 0.300749, 1.444265, -1.135985, -2.013871, -0.346015]
  关节速度: [0.000616, -0.255025, -1.537554, 1.794776, -0.000567, -0.000577]
  关节加速度: [0.038301, -15.027214, -96.542519, 111.706286, -0.035234, -0.035881]

轨迹点 73:
  时间: 2.190000 秒
  关节位置: [-1.964635, 0.298157, 1.428493, -1.117599, -2.013876, -0.346021]
  关节速度: [0.000357, -0.146236, -0.891458, 1.038966, -0.000328, -0.000334]
  关节加速度: [-0.066638, 27.152932, 166.777175, -194.167686, 0.061302, 0.062427]

轨迹点 74:
  时间: 2.220000 秒
  关节位置: [-1.964633, 0.297313, 1.423101, -1.111356, -2.013878, -0.346023]
  关节速度: [0.000335, -0.117862, -0.859404, 0.978459, -0.000308, -0.000313]
  关节加速度: [0.063942, -20.580376, -166.625679, 187.434025, -0.058818, -0.059906]

轨迹点 75:
  时间: 2.250000 秒
  关节位置: [-1.964627, 0.295207, 1.406985, -1.093111, -2.013884, -0.346029]
  关节速度: [0.000614, -0.204958, -1.591844, 1.798992, -0.000565, -0.000575]
  关节加速度: [-0.034095, 11.536738, 88.170974, -99.829270, 0.031364, 0.031943]

轨迹点 76:
  时间: 2.280000 秒
  关节位置: [-1.964623, 0.294004, 1.397671, -1.082582, -2.013887, -0.346032]
  关节速度: [0.000110, -0.037247, -0.284702, 0.322342, -0.000101, -0.000103]
  关节加速度: [0.009377, -2.231764, -25.402613, 27.667808, -0.008625, -0.008786]

轨迹点 77:
  时间: 2.310000 秒
  关节位置: [-1.964619, 0.292908, 1.386942, -1.070743, -2.013891, -0.346036]
  关节速度: [0.000626, -0.162362, -1.678968, 1.843561, -0.000576, -0.000586]
  关节加速度: [0.023874, -5.532735, -64.865618, 70.483473, -0.021960, -0.022369]

轨迹点 78:
  时间: 2.340000 秒
  关节位置: [-1.964613, 0.291377, 1.370937, -1.053185, -2.013897, -0.346041]
  关节速度: [0.000278, -0.071714, -0.747788, 0.820495, -0.000256, -0.000261]
  关节加速度: [-0.059343, 15.043002, 159.649673, -174.904253, 0.054585, 0.055602]

轨迹点 79:
  时间: 2.370000 秒
  关节位置: [-1.964611, 0.290865, 1.364881, -1.046609, -2.013899, -0.346043]
  关节速度: [0.000389, -0.074746, -1.076610, 1.152743, -0.000358, -0.000365]
  关节加速度: [0.057928, -9.515803, -162.347503, 172.069844, -0.053281, -0.054281]

轨迹点 80:
  时间: 2.400000 秒
  关节位置: [-1.964605, 0.289696, 1.346954, -1.027490, -2.013905, -0.346049]
  关节速度: [0.000548, -0.097388, -1.528034, 1.627377, -0.000504, -0.000514]
  关节加速度: [-0.041170, 7.382411, 114.601979, -122.131176, 0.037867, 0.038577]

轨迹点 81:
  时间: 2.430000 秒
  关节位置: [-1.964602, 0.289142, 1.338314, -1.018284, -2.013907, -0.346052]
  关节速度: [0.000131, -0.021839, -0.366698, 0.389004, -0.000120, -0.000123]
  关节加速度: [0.027231, -2.273097, -79.163739, 81.533929, -0.025045, -0.025519]

轨迹点 82:
  时间: 2.460000 秒
  关节位置: [-1.964597, 0.288634, 1.325133, -1.004579, -2.013912, -0.346057]
  关节速度: [0.000617, -0.061426, -1.779682, 1.843306, -0.000567, -0.000578]
  关节加速度: [0.010419, -0.514898, -30.747879, 31.299927, -0.009583, -0.009765]

轨迹点 83:
  时间: 2.490000 秒
  关节位置: [-1.964592, 0.288094, 1.309208, -0.988095, -2.013917, -0.346062]
  关节速度: [0.000210, -0.021059, -0.607269, 0.629078, -0.000194, -0.000197]
  关节加速度: [-0.048257, 4.535503, 139.637243, -144.344805, 0.044383, 0.045222]

轨迹点 84:
  时间: 2.520000 秒
  关节位置: [-1.964589, 0.287947, 1.301980, -0.980712, -2.013919, -0.346064]
  关节速度: [0.000432, -0.011480, -1.289296, 1.302317, -0.000397, -0.000405]
  关节加速度: [0.048867, 0.042441, -147.541239, 147.673033, -0.044941, -0.045798]

轨迹点 85:
  时间: 2.550000 秒
  关节位置: [-1.964583, 0.287830, 1.282442, -0.961033, -2.013925, -0.346070]
  关节速度: [0.000475, -0.007066, -1.424211, 1.432970, -0.000437, -0.000445]
  关节加速度: [-0.044519, 0.651122, 133.504144, -134.314001, 0.040943, 0.041723]

轨迹点 86:
  时间: 2.580000 秒
  关节位置: [-1.964580, 0.287789, 1.274297, -0.952837, -2.013927, -0.346073]
  关节速度: [0.000166, 0.002546, -0.506102, 0.504150, -0.000153, -0.000156]
  关节加速度: [0.036562, 3.090129, -114.576795, 111.617032, -0.033623, -0.034269]

轨迹点 87:
  时间: 2.610000 秒
  关节位置: [-1.964575, 0.288088, 1.258449, -0.937270, -2.013932, -0.346078]
  关节速度: [0.000590, 0.040135, -1.834327, 1.796294, -0.000542, -0.000553]
  关节加速度: [-0.001156, 0.324862, 3.048792, -3.377776, 0.001064, 0.001083]

轨迹点 88:
  时间: 2.640000 秒
  关节位置: [-1.964570, 0.288433, 1.242878, -0.922025, -2.013937, -0.346082]
  关节速度: [0.000157, 0.010119, -0.488223, 0.478664, -0.000145, -0.000147]
  关节加速度: [-0.034253, -2.510227, 106.818548, -104.430453, 0.031500, 0.032104]

轨迹点 89:
  时间: 2.670000 秒
  关节位置: [-1.964567, 0.288768, 1.233907, -0.913380, -2.013939, -0.346085]
  关节速度: [0.000460, 0.068054, -1.484080, 1.417668, -0.000423, -0.000432]
  关节加速度: [0.038177, 6.762398, -124.621271, 117.994998, -0.035106, -0.035785]

轨迹点 90:
  时间: 2.700000 秒
  关节位置: [-1.964560, 0.289770, 1.212997, -0.893449, -2.013945, -0.346091]
  关节速度: [0.000398, 0.062605, -1.288923, 1.227738, -0.000366, -0.000373]
  关节加速度: [-0.044183, -7.041096, 143.127870, -136.244315, 0.040629, 0.041414]

轨迹点 91:
  时间: 2.730000 秒
  关节位置: [-1.964558, 0.290165, 1.205011, -0.885849, -2.013948, -0.346093]
  关节速度: [0.000208, 0.042571, -0.686243, 0.644412, -0.000191, -0.000195]
  关节加速度: [0.039150, 10.398842, -132.844502, 122.585258, -0.035999, -0.036700]

轨迹点 92:
  时间: 2.760000 秒
  关节位置: [-1.964552, 0.291492, 1.186351, -0.868497, -2.013953, -0.346098]
  关节速度: [0.000547, 0.135202, -1.840558, 1.707305, -0.000503, -0.000512]
  关节加速度: [-0.010170, -2.218131, 33.810358, -31.628489, 0.009351, 0.009533]

轨迹点 93:
  时间: 2.790000 秒
  关节位置: [-1.964548, 0.292596, 1.171321, -0.854554, -2.013957, -0.346103]
  关节速度: [0.000122, 0.029318, -0.410675, 0.381793, -0.000113, -0.000115]
  关节加速度: [-0.018510, -4.643370, 62.414640, -57.837270, 0.017020, 0.017352]

轨迹点 94:
  时间: 2.820000 秒
  关节位置: [-1.964545, 0.293609, 1.159991, -0.844226, -2.013960, -0.346106]
  关节速度: [0.000471, 0.158229, -1.649036, 1.492488, -0.000433, -0.000442]
  关节加速度: [0.027147, 10.057056, -96.391138, 86.430882, -0.024960, -0.025450]

轨迹点 95:
  时间: 2.850000 秒
  关节位置: [-1.964538, 0.295755, 1.137965, -0.824324, -2.013966, -0.346112]
  关节速度: [0.000323, 0.110808, -1.134046, 1.024390, -0.000297, -0.000303]
  关节加速度: [-0.040493, -14.072100, 142.394016, -128.466306, 0.037232, 0.037962]

轨迹点 96:
  时间: 2.880000 秒
  关节位置: [-1.964536, 0.296590, 1.129646, -0.816831, -2.013968, -0.346114]
  关节速度: [0.000246, 0.100538, -0.889838, 0.790179, -0.000227, -0.000231]
  关节加速度: [0.036918, 17.183690, -136.550810, 119.498766, -0.033943, -0.034614]

轨迹点 97:
  时间: 2.910000 秒
  关节位置: [-1.964530, 0.299151, 1.108153, -0.797878, -2.013973, -0.346119]
  关节速度: [0.000491, 0.217777, -1.799645, 1.583619, -0.000451, -0.000460]
  关节加速度: [-0.016280, -7.022438, 59.358757, -52.394370, 0.014968, 0.015263]

轨迹点 98:
  时间: 2.940000 秒
  关节位置: [-1.964526, 0.300887, 1.093775, -0.785222, -2.013977, -0.346123]
  关节速度: [0.000108, 0.046696, -0.393902, 0.347591, -0.000099, -0.000101]
  关节加速度: [-0.002499, -1.027209, 9.033970, -8.015672, 0.002298, 0.002343]

轨迹点 99:
  时间: 2.970000 秒
  关节位置: [-1.964524, 0.301979, 1.085527, -0.778058, -2.013979, -0.346125]
  关节速度: [0.000548, 0.279363, -2.065933, 1.788524, -0.000504, -0.000514]
  关节加速度: [-0.010334, -4.282139, 37.400208, -33.154917, 0.009501, 0.009688]

轨迹点 100:
  时间: 3.000000 秒
  关节位置: [-1.964522, 0.302905, 1.078700, -0.772151, -2.013980, -0.346127]
  关节速度: [0.000000, 0.000000, 0.000000, 0.000000, 0.000000, 0.000000]
  关节加速度: [0.000000, 0.000000, 0.000000, 0.000000, 0.000000, 0.000000]

