详细轨迹分析报告
====================
轨迹点数: 88
轨迹总时间: 8.674 秒
关节名称: 
  0: joint1
  1: joint2
  2: joint3
  3: joint4
  4: joint5
  5: joint6

详细轨迹点信息:
================
轨迹点 0:
  时间: 0.000000 秒
  关节位置: [-1.197135, 0.693458, 2.078395, -2.245854, -1.625866, 0.062199]
  关节速度: [0.000000, 0.000000, 0.000000, 0.000000, 0.000000, 0.000000]
  关节加速度: [0.000000, 0.000000, 0.000000, 0.000000, 0.000000, 0.000000]

轨迹点 1:
  时间: 0.100000 秒
  关节位置: [-1.200457, 0.691517, 2.086505, -2.252298, -1.629894, 0.058958]
  关节速度: [-0.033218, -0.019406, 0.081099, -0.064444, -0.040281, -0.032413]
  关节加速度: [-0.332184, -0.194063, 0.810989, -0.644438, -0.402813, -0.324131]

轨迹点 2:
  时间: 0.200000 秒
  关节位置: [-1.206530, 0.688161, 2.100797, -2.263692, -1.637064, 0.053168]
  关节速度: [-0.060729, -0.033557, 0.142915, -0.113946, -0.071699, -0.057900]
  关节加速度: [-0.275106, -0.141509, 0.618158, -0.495018, -0.314176, -0.254865]

轨迹点 3:
  时间: 0.300000 秒
  关节位置: [-1.212725, 0.684977, 2.114699, -2.274823, -1.644128, 0.047435]
  关节速度: [-0.061954, -0.031838, 0.139017, -0.111310, -0.070639, -0.057324]
  关节加速度: [-0.012246, 0.017196, -0.038980, 0.026356, 0.010596, 0.005759]

轨迹点 4:
  时间: 0.400000 秒
  关节位置: [-1.219046, 0.681960, 2.128215, -2.285691, -1.651084, 0.041761]
  关节速度: [-0.063202, -0.030173, 0.135163, -0.108676, -0.069555, -0.056742]
  关节加速度: [-0.012489, 0.016644, -0.038537, 0.026336, 0.010839, 0.005817]

轨迹点 5:
  时间: 0.500000 秒
  关节位置: [-1.225493, 0.679104, 2.141350, -2.296295, -1.657929, 0.036146]
  关节速度: [-0.064474, -0.028564, 0.131349, -0.106041, -0.068448, -0.056155]
  关节加速度: [-0.012719, 0.016095, -0.038135, 0.026354, 0.011070, 0.005874]

轨迹点 6:
  时间: 0.600000 秒
  关节位置: [-1.232070, 0.676403, 2.154107, -2.306635, -1.664661, 0.030589]
  关节速度: [-0.065768, -0.027009, 0.127572, -0.103400, -0.067320, -0.055562]
  关节加速度: [-0.012936, 0.015547, -0.037771, 0.026410, 0.011287, 0.005928]

轨迹点 7:
  时间: 0.700000 秒
  关节位置: [-1.238778, 0.673852, 2.166490, -2.316710, -1.671278, 0.025093]
  关节速度: [-0.067082, -0.025509, 0.123828, -0.100750, -0.066171, -0.054964]
  关节加速度: [-0.013138, 0.015000, -0.037444, 0.026503, 0.011490, 0.005979]

轨迹点 8:
  时间: 0.800000 秒
  关节位置: [-1.245619, 0.671446, 2.178501, -2.326519, -1.677778, 0.019657]
  关节速度: [-0.068414, -0.024064, 0.120112, -0.098086, -0.065003, -0.054361]
  关节加速度: [-0.013323, 0.014454, -0.037154, 0.026632, 0.011678, 0.006027]

轨迹点 9:
  时间: 0.900000 秒
  关节位置: [-1.252596, 0.669178, 2.190143, -2.336059, -1.684160, 0.014282]
  关节速度: [-0.069763, -0.022673, 0.116423, -0.095407, -0.063818, -0.053754]
  关节加速度: [-0.013490, 0.013907, -0.036899, 0.026798, 0.011848, 0.006069]

轨迹点 10:
  时间: 1.000000 秒
  关节位置: [-1.259708, 0.667045, 2.201419, -2.345330, -1.690422, 0.008967]
  关节速度: [-0.071127, -0.021337, 0.112755, -0.092707, -0.062618, -0.053144]
  关节加速度: [-0.013638, 0.013360, -0.036678, 0.026999, 0.012000, 0.006107]

轨迹点 11:
  时间: 1.100000 秒
  关节位置: [-1.266959, 0.665039, 2.212329, -2.354328, -1.696562, 0.003714]
  关节速度: [-0.072504, -0.020055, 0.109106, -0.089983, -0.061405, -0.052530]
  关节加速度: [-0.013766, 0.012813, -0.036490, 0.027237, 0.012132, 0.006138]

轨迹点 12:
  时间: 1.200000 秒
  关节位置: [-1.274348, 0.663156, 2.222877, -2.363052, -1.702580, -0.001477]
  关节速度: [-0.073891, -0.018829, 0.105472, -0.087232, -0.060180, -0.051914]
  关节加速度: [-0.013871, 0.012265, -0.036335, 0.027510, 0.012244, 0.006162]

轨迹点 13:
  时间: 1.300000 秒
  关节位置: [-1.281876, 0.661390, 2.233062, -2.371497, -1.708475, -0.006607]
  关节速度: [-0.075286, -0.017657, 0.101851, -0.084450, -0.058947, -0.051296]
  关节加速度: [-0.013952, 0.011717, -0.036212, 0.027818, 0.012334, 0.006178]

轨迹点 14:
  时间: 1.400000 秒
  关节位置: [-1.289545, 0.659736, 2.242886, -2.379660, -1.714246, -0.011674]
  关节速度: [-0.076687, -0.016541, 0.098239, -0.081634, -0.057707, -0.050677]
  关节加速度: [-0.014008, 0.011168, -0.036120, 0.028160, 0.012400, 0.006186]

轨迹点 15:
  时间: 1.500000 秒
  关节位置: [-1.297354, 0.658189, 2.252349, -2.387538, -1.719892, -0.016680]
  关节速度: [-0.078090, -0.015479, 0.094633, -0.078781, -0.056463, -0.050059]
  关节加速度: [-0.014038, 0.010620, -0.036058, 0.028536, 0.012443, 0.006184]

轨迹点 16:
  时间: 1.600000 秒
  关节位置: [-1.305304, 0.656741, 2.261452, -2.395127, -1.725414, -0.021624]
  关节速度: [-0.079494, -0.014471, 0.091031, -0.075886, -0.055217, -0.049442]
  关节加速度: [-0.014040, 0.010073, -0.036026, 0.028945, 0.012459, 0.006171]

轨迹点 17:
  时间: 1.700000 秒
  关节位置: [-1.313393, 0.655390, 2.270195, -2.402422, -1.730811, -0.026507]
  关节速度: [-0.080896, -0.013519, 0.087428, -0.072948, -0.053972, -0.048827]
  关节加速度: [-0.014013, 0.009527, -0.036023, 0.029386, 0.012449, 0.006147]

轨迹点 18:
  时间: 1.800000 秒
  关节位置: [-1.321622, 0.654128, 2.278577, -2.409418, -1.736084, -0.031329]
  关节速度: [-0.082291, -0.012620, 0.083823, -0.069962, -0.052731, -0.048216]
  关节加速度: [-0.013956, 0.008984, -0.036048, 0.029857, 0.012412, 0.006111]

轨迹点 19:
  时间: 1.900000 秒
  关节位置: [-1.329990, 0.652950, 2.286598, -2.416110, -1.741233, -0.036090]
  关节速度: [-0.083678, -0.011776, 0.080213, -0.066926, -0.051496, -0.047610]
  关节加速度: [-0.013867, 0.008445, -0.036101, 0.030357, 0.012346, 0.006062]

轨迹点 20:
  时间: 2.000000 秒
  关节位置: [-1.338495, 0.651852, 2.294258, -2.422494, -1.746260, -0.040791]
  关节速度: [-0.085053, -0.010985, 0.076595, -0.063838, -0.050271, -0.047010]
  关节加速度: [-0.013746, 0.007910, -0.036180, 0.030886, 0.012251, 0.006000]

轨迹点 21:
  时间: 2.100000 秒
  关节位置: [-1.347137, 0.650827, 2.301555, -2.428564, -1.751166, -0.045432]
  关节速度: [-0.086412, -0.010246, 0.072967, -0.060694, -0.049058, -0.046417]
  关节加速度: [-0.013592, 0.007382, -0.036286, 0.031440, 0.012126, 0.005923]

轨迹点 22:
  时间: 2.200000 秒
  关节位置: [-1.355912, 0.649871, 2.308487, -2.434313, -1.755952, -0.050016]
  关节速度: [-0.087752, -0.009560, 0.069325, -0.057492, -0.047861, -0.045834]
  关节加速度: [-0.013403, 0.006862, -0.036416, 0.032017, 0.011970, 0.005832]

轨迹点 23:
  时间: 2.300000 秒
  关节位置: [-1.364819, 0.648978, 2.315054, -2.439736, -1.760621, -0.054542]
  关节速度: [-0.089070, -0.008925, 0.065668, -0.054230, -0.046683, -0.045262]
  关节加速度: [-0.013180, 0.006352, -0.036570, 0.032616, 0.011783, 0.005725]

轨迹点 24:
  时间: 2.400000 秒
  关节位置: [-1.373855, 0.648144, 2.321253, -2.444826, -1.765173, -0.059012]
  关节速度: [-0.090362, -0.008339, 0.061993, -0.050907, -0.045527, -0.044701]
  关节加速度: [-0.012922, 0.005854, -0.036748, 0.033234, 0.011565, 0.005602]

轨迹点 25:
  时间: 2.500000 秒
  关节位置: [-1.383018, 0.647364, 2.327083, -2.449578, -1.769613, -0.063428]
  关节速度: [-0.091625, -0.007802, 0.058299, -0.047520, -0.044395, -0.044155]
  关节加速度: [-0.012628, 0.005370, -0.036948, 0.033867, 0.011315, 0.005463]

轨迹点 26:
  时间: 2.600000 秒
  关节位置: [-1.392303, 0.646633, 2.332541, -2.453985, -1.773942, -0.067790]
  关节速度: [-0.092855, -0.007312, 0.054582, -0.044069, -0.043292, -0.043624]
  关节加速度: [-0.012299, 0.004902, -0.037168, 0.034513, 0.011034, 0.005307]

轨迹点 27:
  时间: 2.700000 秒
  关节位置: [-1.401708, 0.645946, 2.337625, -2.458041, -1.778164, -0.072101]
  关节速度: [-0.094048, -0.006867, 0.050841, -0.040552, -0.042220, -0.043111]
  关节加速度: [-0.011934, 0.004453, -0.037409, 0.035167, 0.010721, 0.005134]

轨迹点 28:
  时间: 2.800000 秒
  关节位置: [-1.411228, 0.645300, 2.342333, -2.461737, -1.782282, -0.076363]
  关节速度: [-0.095202, -0.006464, 0.047074, -0.036969, -0.041182, -0.042617]
  关节加速度: [-0.011534, 0.004026, -0.037668, 0.035827, 0.010377, 0.004944]

轨迹点 29:
  时间: 2.900000 秒
  关节位置: [-1.420859, 0.644690, 2.346661, -2.465070, -1.786300, -0.080577]
  关节速度: [-0.096312, -0.006102, 0.043280, -0.033321, -0.040182, -0.042143]
  关节加速度: [-0.011100, 0.003624, -0.037945, 0.036489, 0.010002, 0.004737]

轨迹点 30:
  时间: 3.000000 秒
  关节位置: [-1.430597, 0.644112, 2.350606, -2.468030, -1.790223, -0.084746]
  关节速度: [-0.097375, -0.005777, 0.039456, -0.029606, -0.039222, -0.041692]
  关节加速度: [-0.010631, 0.003248, -0.038237, 0.037147, 0.009598, 0.004513]

轨迹点 31:
  时间: 3.100000 秒
  关节位置: [-1.440436, 0.643563, 2.354167, -2.470613, -1.794053, -0.088873]
  关节速度: [-0.098388, -0.005487, 0.035602, -0.025826, -0.038305, -0.041264]
  关节加速度: [-0.010130, 0.002903, -0.038543, 0.037798, 0.009165, 0.004272]

轨迹点 32:
  时间: 3.200000 秒
  关节位置: [-1.450370, 0.643041, 2.357338, -2.472811, -1.797797, -0.092959]
  关节速度: [-0.099348, -0.005228, 0.031715, -0.021982, -0.037435, -0.040863]
  关节加速度: [-0.009597, 0.002591, -0.038863, 0.038438, 0.008704, 0.004016]

轨迹点 33:
  时间: 3.300000 秒
  关节位置: [-1.460395, 0.642541, 2.360118, -2.474619, -1.801458, -0.097008]
  关节速度: [-0.100251, -0.004996, 0.027796, -0.018076, -0.036613, -0.040489]
  关节加速度: [-0.009034, 0.002315, -0.039194, 0.039062, 0.008216, 0.003743]

轨迹点 34:
  时间: 3.400000 秒
  关节位置: [-1.470505, 0.642062, 2.362502, -2.476030, -1.805042, -0.101022]
  关节速度: [-0.101095, -0.004788, 0.023842, -0.014110, -0.035843, -0.040143]
  关节加速度: [-0.008442, 0.002078, -0.039535, 0.039664, 0.007704, 0.003455]

轨迹点 35:
  时间: 3.500000 秒
  关节位置: [-1.480693, 0.641602, 2.364487, -2.477038, -1.808555, -0.105005]
  关节速度: [-0.101877, -0.004600, 0.019854, -0.010086, -0.035126, -0.039828]
  关节加速度: [-0.007823, 0.001883, -0.039884, 0.040242, 0.007169, 0.003152]

轨迹点 36:
  时间: 3.600000 秒
  关节位置: [-1.490952, 0.641159, 2.366070, -2.477639, -1.812001, -0.108960]
  关节速度: [-0.102595, -0.004427, 0.015830, -0.006007, -0.034465, -0.039544]
  关节加速度: [-0.007180, 0.001733, -0.040240, 0.040789, 0.006612, 0.002836]

轨迹点 37:
  时间: 3.700000 秒
  关节位置: [-1.501277, 0.640733, 2.367247, -2.477826, -1.815387, -0.112889]
  关节速度: [-0.103247, -0.004264, 0.011770, -0.001876, -0.033861, -0.039294]
  关节加速度: [-0.006515, 0.001630, -0.040600, 0.041302, 0.006036, 0.002507]

轨迹点 38:
  时间: 3.800000 秒
  关节位置: [-1.511660, 0.640322, 2.368015, -2.477596, -1.818719, -0.116797]
  关节速度: [-0.103830, -0.004106, 0.007674, 0.002301, -0.033317, -0.039077]
  关节加速度: [-0.005830, 0.001576, -0.040964, 0.041777, 0.005444, 0.002167]

轨迹点 39:
  时间: 3.900000 秒
  关节位置: [-1.522094, 0.639927, 2.368369, -2.476944, -1.822002, -0.120686]
  关节速度: [-0.104343, -0.003949, 0.003541, 0.006522, -0.032833, -0.038895]
  关节加速度: [-0.005128, 0.001574, -0.041329, 0.042210, 0.004837, 0.001815]

轨迹点 40:
  时间: 4.000000 秒
  关节位置: [-1.532573, 0.639549, 2.368306, -2.475866, -1.825243, -0.124561]
  关节速度: [-0.104784, -0.003786, -0.000629, 0.010782, -0.032411, -0.038750]
  关节加速度: [-0.004411, 0.001625, -0.041695, 0.042596, 0.004218, 0.001455]

轨迹点 41:
  时间: 4.100000 秒
  关节位置: [-1.543088, 0.639188, 2.367822, -2.474358, -1.828449, -0.128425]
  关节速度: [-0.105152, -0.003613, -0.004835, 0.015075, -0.032052, -0.038641]
  关节加速度: [-0.003683, 0.001731, -0.042059, 0.042933, 0.003590, 0.001087]

轨迹点 42:
  时间: 4.200000 秒
  关节位置: [-1.553632, 0.638845, 2.366915, -2.472419, -1.831624, -0.132282]
  关节速度: [-0.105447, -0.003424, -0.009077, 0.019397, -0.031757, -0.038570]
  关节加速度: [-0.002947, 0.001892, -0.042421, 0.043219, 0.002955, 0.000711]

轨迹点 43:
  时间: 4.300000 秒
  关节位置: [-1.564199, 0.638524, 2.365579, -2.470044, -1.834777, -0.136136]
  关节速度: [-0.105667, -0.003213, -0.013355, 0.023742, -0.031525, -0.038537]
  关节加速度: [-0.002206, 0.002109, -0.042778, 0.043450, 0.002317, 0.000331]

轨迹点 44:
  时间: 4.400000 秒
  关节位置: [-1.574781, 0.638226, 2.363812, -2.467234, -1.837913, -0.139990]
  关节速度: [-0.105814, -0.002975, -0.017668, 0.028105, -0.031357, -0.038542]
  关节加速度: [-0.001462, 0.002383, -0.043130, 0.043625, 0.001678, -0.000053]

轨迹点 45:
  时间: 4.500000 秒
  关节位置: [-1.585369, 0.637956, 2.361611, -2.463986, -1.841038, -0.143849]
  关节速度: [-0.105886, -0.002703, -0.022015, 0.032479, -0.031253, -0.038586]
  关节加速度: [-0.000720, 0.002712, -0.043476, 0.043742, 0.001041, -0.000439]

轨迹点 46:
  时间: 4.600000 秒
  关节位置: [-1.595957, 0.637717, 2.358971, -2.460300, -1.844159, -0.147716]
  关节速度: [-0.105884, -0.002394, -0.026397, 0.036859, -0.031212, -0.038669]
  关节加速度: [0.000018, 0.003096, -0.043814, 0.043802, 0.000409, -0.000827]

轨迹点 47:
  时间: 4.700000 秒
  关节位置: [-1.606538, 0.637513, 2.355890, -2.456176, -1.847282, -0.151595]
  关节速度: [-0.105809, -0.002040, -0.030811, 0.041240, -0.031234, -0.038790]
  关节加速度: [0.000748, 0.003534, -0.044143, 0.043805, -0.000215, -0.001213]

轨迹点 48:
  时间: 4.800000 秒
  关节位置: [-1.617105, 0.637349, 2.352364, -2.451615, -1.850414, -0.155490]
  关节速度: [-0.105662, -0.001638, -0.035257, 0.045615, -0.031317, -0.038950]
  关节加速度: [0.001467, 0.004024, -0.044464, 0.043750, -0.000829, -0.001598]

轨迹点 49:
  时间: 4.900000 秒
  关节位置: [-1.627649, 0.637231, 2.348391, -2.446617, -1.853560, -0.159404]
  关节速度: [-0.105445, -0.001182, -0.039735, 0.049978, -0.031460, -0.039148]
  关节加速度: [0.002173, 0.004564, -0.044775, 0.043639, -0.001430, -0.001979]

轨迹点 50:
  时间: 5.000000 秒
  关节位置: [-1.638165, 0.637164, 2.343967, -2.441184, -1.856726, -0.163343]
  关节速度: [-0.105159, -0.000667, -0.044242, 0.054326, -0.031661, -0.039383]
  关节加速度: [0.002863, 0.005150, -0.045076, 0.043475, -0.002016, -0.002356]

轨迹点 51:
  时间: 5.100000 秒
  关节位置: [-1.648645, 0.637155, 2.339089, -2.435319, -1.859918, -0.167308]
  关节速度: [-0.104805, -0.000088, -0.048779, 0.058652, -0.031920, -0.039656]
  关节加速度: [0.003533, 0.005781, -0.045368, 0.043259, -0.002583, -0.002726]

轨迹点 52:
  时间: 5.200000 秒
  关节位置: [-1.659084, 0.637211, 2.333754, -2.429024, -1.863141, -0.171305]
  关节速度: [-0.104387, 0.000557, -0.053344, 0.062951, -0.032233, -0.039965]
  关节加速度: [0.004182, 0.006453, -0.045649, 0.042995, -0.003130, -0.003089]

轨迹点 53:
  时间: 5.300000 秒
  关节位置: [-1.669475, 0.637338, 2.327961, -2.422302, -1.866401, -0.175336]
  关节速度: [-0.103906, 0.001273, -0.057936, 0.067220, -0.032598, -0.040309]
  关节加速度: [0.004807, 0.007162, -0.045921, 0.042686, -0.003655, -0.003444]

轨迹点 54:
  时间: 5.400000 秒
  关节位置: [-1.679811, 0.637545, 2.321705, -2.415157, -1.869703, -0.179405]
  关节速度: [-0.103366, 0.002063, -0.062555, 0.071454, -0.033014, -0.040688]
  关节加速度: [0.005406, 0.007904, -0.046184, 0.042336, -0.004156, -0.003790]

轨迹点 55:
  时间: 5.500000 秒
  关节位置: [-1.690088, 0.637838, 2.314985, -2.407592, -1.873050, -0.183515]
  关节速度: [-0.102768, 0.002931, -0.067198, 0.075648, -0.033477, -0.041101]
  关节加速度: [0.005977, 0.008676, -0.046438, 0.041949, -0.004631, -0.004126]

轨迹点 56:
  时间: 5.600000 秒
  关节位置: [-1.700300, 0.638226, 2.307799, -2.399612, -1.876449, -0.187669]
  关节速度: [-0.102116, 0.003878, -0.071867, 0.079801, -0.033985, -0.041546]
  关节加速度: [0.006519, 0.009473, -0.046684, 0.041530, -0.005079, -0.004451]

轨迹点 57:
  时间: 5.700000 秒
  关节位置: [-1.710441, 0.638716, 2.300143, -2.391221, -1.879902, -0.191872]
  关节速度: [-0.101413, 0.004907, -0.076559, 0.083910, -0.034535, -0.042022]
  关节加速度: [0.007030, 0.010290, -0.046924, 0.041085, -0.005498, -0.004764]

轨迹点 58:
  时间: 5.800000 秒
  关节位置: [-1.720507, 0.639318, 2.292015, -2.382423, -1.883415, -0.196124]
  关节速度: [-0.100662, 0.006020, -0.081275, 0.087972, -0.035123, -0.042529]
  关节加速度: [0.007509, 0.011125, -0.047157, 0.040617, -0.005888, -0.005065]

轨迹点 59:
  时间: 5.900000 秒
  关节位置: [-1.730494, 0.640040, 2.283414, -2.373225, -1.886989, -0.200431]
  关节速度: [-0.099867, 0.007217, -0.086014, 0.091985, -0.035748, -0.043064]
  关节加速度: [0.007955, 0.011973, -0.047387, 0.040133, -0.006248, -0.005354]

轨迹点 60:
  时间: 6.000000 秒
  关节位置: [-1.740397, 0.640890, 2.274336, -2.363630, -1.890630, -0.204794]
  关节速度: [-0.099030, 0.008500, -0.090775, 0.095949, -0.036406, -0.043627]
  关节加速度: [0.008368, 0.012829, -0.047615, 0.039638, -0.006577, -0.005629]

轨迹点 61:
  时间: 6.100000 秒
  关节位置: [-1.750213, 0.641877, 2.264781, -2.353644, -1.894339, -0.209215]
  关节速度: [-0.098155, 0.009869, -0.095559, 0.099863, -0.037093, -0.044216]
  关节加速度: [0.008747, 0.013691, -0.047841, 0.039137, -0.006875, -0.005892]

轨迹点 62:
  时间: 6.200000 秒
  关节位置: [-1.759937, 0.643009, 2.254744, -2.343271, -1.898120, -0.213698]
  关节速度: [-0.097246, 0.011325, -0.100366, 0.103726, -0.037807, -0.044831]
  关节加速度: [0.009091, 0.014554, -0.048068, 0.038636, -0.007141, -0.006142]

轨迹点 63:
  时间: 6.300000 秒
  关节位置: [-1.769568, 0.644296, 2.244224, -2.332517, -1.901975, -0.218245]
  关节速度: [-0.096306, 0.012866, -0.105196, 0.107540, -0.038545, -0.045469]
  关节加速度: [0.009402, 0.015416, -0.048299, 0.038139, -0.007376, -0.006379]

轨迹点 64:
  时间: 6.400000 秒
  关节位置: [-1.779102, 0.645745, 2.233219, -2.321387, -1.905905, -0.222858]
  关节速度: [-0.095338, 0.014493, -0.110049, 0.111305, -0.039303, -0.046129]
  关节加速度: [0.009680, 0.016272, -0.048535, 0.037651, -0.007581, -0.006602]

轨迹点 65:
  时间: 6.500000 秒
  关节位置: [-1.788536, 0.647366, 2.221727, -2.309884, -1.909913, -0.227539]
  关节速度: [-0.094346, 0.016206, -0.114927, 0.115023, -0.040079, -0.046810]
  关节加速度: [0.009924, 0.017122, -0.048778, 0.037179, -0.007755, -0.006813]

轨迹点 66:
  时间: 6.600000 秒
  关节位置: [-1.797869, 0.649166, 2.209744, -2.298015, -1.914000, -0.232290]
  关节速度: [-0.093332, 0.018002, -0.119830, 0.118695, -0.040868, -0.047511]
  关节加速度: [0.010135, 0.017962, -0.049032, 0.036725, -0.007898, -0.007012]

轨迹点 67:
  时间: 6.700000 秒
  关节位置: [-1.807099, 0.651154, 2.197268, -2.285782, -1.918167, -0.237113]
  关节速度: [-0.092300, 0.019881, -0.124760, 0.122325, -0.041670, -0.048231]
  关节加速度: [0.010315, 0.018791, -0.049299, 0.036295, -0.008013, -0.007198]

轨迹点 68:
  时间: 6.800000 秒
  关节位置: [-1.816225, 0.653338, 2.184296, -2.273191, -1.922415, -0.242010]
  关节速度: [-0.091254, 0.021842, -0.129718, 0.125914, -0.042480, -0.048968]
  关节加速度: [0.010465, 0.019607, -0.049581, 0.035894, -0.008099, -0.007373]

轨迹点 69:
  时间: 6.900000 秒
  关节位置: [-1.825244, 0.655727, 2.170825, -2.260244, -1.926744, -0.246982]
  关节速度: [-0.090196, 0.023883, -0.134707, 0.129467, -0.043296, -0.049722]
  关节加速度: [0.010584, 0.020410, -0.049882, 0.035524, -0.008158, -0.007536]

轨迹点 70:
  时间: 7.000000 秒
  关节位置: [-1.834157, 0.658327, 2.156852, -2.246946, -1.931156, -0.252031]
  关节速度: [-0.089128, 0.026002, -0.139727, 0.132986, -0.044115, -0.050491]
  关节加速度: [0.010676, 0.021198, -0.050205, 0.035191, -0.008191, -0.007689]

轨迹点 71:
  时间: 7.100000 秒
  关节位置: [-1.842963, 0.661147, 2.142374, -2.233298, -1.935649, -0.257159]
  关节速度: [-0.088054, 0.028199, -0.144782, 0.136476, -0.044934, -0.051274]
  关节加速度: [0.010740, 0.021971, -0.050553, 0.034896, -0.008198, -0.007831]

轨迹点 72:
  时间: 7.200000 秒
  关节位置: [-1.851660, 0.664194, 2.127387, -2.219304, -1.940224, -0.262366]
  关节速度: [-0.086976, 0.030472, -0.149875, 0.139940, -0.045753, -0.052070]
  关节加速度: [0.010778, 0.022730, -0.050930, 0.034645, -0.008181, -0.007965]

轨迹点 73:
  时间: 7.300000 秒
  关节位置: [-1.860250, 0.667476, 2.111886, -2.204966, -1.944881, -0.267654]
  关节速度: [-0.085897, 0.032820, -0.155009, 0.143384, -0.046567, -0.052879]
  关节加速度: [0.010792, 0.023475, -0.051340, 0.034439, -0.008141, -0.008089]

轨迹点 74:
  时间: 7.400000 秒
  关节位置: [-1.868732, 0.671000, 2.095867, -2.190284, -1.949618, -0.273024]
  关节速度: [-0.084819, 0.035241, -0.160188, 0.146812, -0.047375, -0.053700]
  关节加速度: [0.010783, 0.024208, -0.051785, 0.034282, -0.008080, -0.008205]

轨迹点 75:
  时间: 7.500000 秒
  关节位置: [-1.877106, 0.674773, 2.079325, -2.175262, -1.954436, -0.278477]
  关节速度: [-0.083743, 0.037734, -0.165415, 0.150230, -0.048174, -0.054531]
  关节加速度: [0.010752, 0.024929, -0.052272, 0.034177, -0.007998, -0.008314]

轨迹点 76:
  时间: 7.600000 秒
  关节位置: [-1.885373, 0.678803, 2.062256, -2.159897, -1.959332, -0.284014]
  关节速度: [-0.082673, 0.040298, -0.170695, 0.153642, -0.048964, -0.055373]
  关节加速度: [0.010702, 0.025641, -0.052803, 0.034126, -0.007898, -0.008416]

轨迹点 77:
  时间: 7.700000 秒
  关节位置: [-1.893534, 0.683096, 2.044652, -2.144192, -1.964307, -0.289636]
  关节速度: [-0.081610, 0.042932, -0.176034, 0.157055, -0.049742, -0.056224]
  关节加速度: [0.010633, 0.026345, -0.053385, 0.034132, -0.007779, -0.008511]

轨迹点 78:
  时间: 7.800000 秒
  关节位置: [-1.901590, 0.687660, 2.026509, -2.128144, -1.969357, -0.295345]
  关节速度: [-0.080555, 0.045637, -0.181436, 0.160475, -0.050507, -0.057084]
  关节加速度: [0.010546, 0.027045, -0.054022, 0.034198, -0.007645, -0.008601]

轨迹点 79:
  时间: 7.900000 秒
  关节位置: [-1.909541, 0.692501, 2.007818, -2.111753, -1.974483, -0.301140]
  关节速度: [-0.079511, 0.048411, -0.186908, 0.163908, -0.051256, -0.057952]
  关节加速度: [0.010445, 0.027743, -0.054719, 0.034327, -0.007495, -0.008686]

轨迹点 80:
  时间: 8.000000 秒
  关节位置: [-1.917389, 0.697627, 1.988572, -2.095017, -1.979682, -0.307023]
  关节速度: [-0.078478, 0.051255, -0.192456, 0.167360, -0.051989, -0.058829]
  关节加速度: [0.010328, 0.028442, -0.055484, 0.034522, -0.007331, -0.008767]

轨迹点 81:
  时间: 8.100000 秒
  关节位置: [-1.925135, 0.703044, 1.968764, -2.077934, -1.984952, -0.312994]
  关节速度: [-0.077458, 0.054170, -0.198089, 0.170839, -0.052705, -0.059714]
  关节加速度: [0.010199, 0.029146, -0.056322, 0.034785, -0.007154, -0.008844]

轨迹点 82:
  时间: 8.200000 秒
  关节位置: [-1.932780, 0.708759, 1.948382, -2.060498, -1.990292, -0.319055]
  关节速度: [-0.076452, 0.057156, -0.203813, 0.174351, -0.053401, -0.060605]
  关节加速度: [0.010059, 0.029860, -0.057241, 0.035120, -0.006966, -0.008918]

轨迹点 83:
  时间: 8.300000 秒
  关节位置: [-1.940326, 0.714781, 1.927419, -2.042708, -1.995700, -0.325205]
  关节速度: [-0.075462, 0.060215, -0.209638, 0.177904, -0.054078, -0.061504]
  关节加速度: [0.009908, 0.030588, -0.058250, 0.035530, -0.006767, -0.008990]

轨迹点 84:
  时间: 8.400000 秒
  关节位置: [-1.947775, 0.721116, 1.905861, -2.024557, -2.001173, -0.331446]
  关节速度: [-0.074487, 0.063348, -0.215573, 0.181506, -0.054734, -0.062410]
  关节加速度: [0.009747, 0.031334, -0.059356, 0.036020, -0.006559, -0.009060]

轨迹点 85:
  时间: 8.500000 秒
  关节位置: [-1.955128, 0.727772, 1.883698, -2.006041, -2.006710, -0.337779]
  关节速度: [-0.073529, 0.066559, -0.221630, 0.185165, -0.055368, -0.063323]
  关节加速度: [0.009579, 0.032106, -0.060571, 0.036594, -0.006342, -0.009128]

轨迹点 86:
  时间: 8.600000 秒
  关节位置: [-1.962298, 0.734669, 1.861200, -1.987386, -2.012239, -0.344124]
  关节速度: [-0.071703, 0.068972, -0.224985, 0.186548, -0.055289, -0.063448]
  关节加速度: [0.018262, 0.024128, -0.033548, 0.013833, 0.000793, -0.001251]

轨迹点 87:
  时间: 8.674114 秒
  关节位置: [-1.964527, 0.736877, 1.854066, -1.981493, -2.013978, -0.346122]
  关节速度: [0.000000, 0.000000, 0.000000, 0.000000, 0.000000, 0.000000]
  关节加速度: [0.000000, 0.000000, 0.000000, 0.000000, 0.000000, 0.000000]

