详细轨迹分析报告
====================
轨迹点数: 53
轨迹总时间: 5.167 秒
关节名称: 
  0: joint1
  1: joint2
  2: joint3
  3: joint4
  4: joint5
  5: joint6

详细轨迹点信息:
================
轨迹点 0:
  时间: 0.000000 秒
  关节位置: [-1.195798, 0.693644, 2.077295, -2.246796, -1.627027, 0.060506]
  关节速度: [0.000000, 0.000000, 0.000000, 0.000000, 0.000000, 0.000000]
  关节加速度: [0.000000, 0.000000, 0.000000, 0.000000, 0.000000, 0.000000]

轨迹点 1:
  时间: 0.100000 秒
  关节位置: [-1.199162, 0.691972, 2.082996, -2.259227, -1.621501, 0.062011]
  关节速度: [-0.033642, -0.016717, 0.057002, -0.124309, 0.055261, 0.015047]
  关节加速度: [-0.336419, -0.167171, 0.570024, -1.243091, 0.552614, 0.150474]

轨迹点 2:
  时间: 0.200000 秒
  关节位置: [-1.205302, 0.689176, 2.092903, -2.281423, -1.611415, 0.064580]
  关节速度: [-0.061396, -0.027957, 0.099070, -0.221957, 0.100861, 0.025690]
  关节加速度: [-0.277542, -0.112403, 0.420680, -0.976482, 0.455992, 0.106428]

轨迹点 3:
  时间: 0.300000 秒
  关节位置: [-1.211546, 0.686650, 2.102354, -2.303383, -1.601155, 0.066964]
  关节速度: [-0.062444, -0.025260, 0.094514, -0.219604, 0.102597, 0.023837]
  关节加速度: [-0.010480, 0.026973, -0.045563, 0.023538, 0.017366, -0.018533]

轨迹点 4:
  时间: 0.400000 秒
  关节位置: [-1.217891, 0.684389, 2.111348, -2.325103, -1.590728, 0.069155]
  关节速度: [-0.063450, -0.022618, 0.089940, -0.217200, 0.104269, 0.021914]
  关节加速度: [-0.010059, 0.026418, -0.045742, 0.024037, 0.016719, -0.019230]

轨迹点 5:
  时间: 0.500000 秒
  关节位置: [-1.224332, 0.682385, 2.119882, -2.346578, -1.580141, 0.071147]
  关节速度: [-0.064410, -0.020034, 0.085344, -0.214743, 0.105870, 0.019921]
  关节加速度: [-0.009595, 0.025843, -0.045963, 0.024567, 0.016008, -0.019925]

轨迹点 6:
  时间: 0.600000 秒
  关节位置: [-1.230864, 0.680634, 2.127955, -2.367801, -1.569402, 0.072933]
  关节速度: [-0.065318, -0.017509, 0.080721, -0.212231, 0.107393, 0.017860]
  关节加速度: [-0.009088, 0.025247, -0.046221, 0.025123, 0.015234, -0.020614]

轨迹点 7:
  时间: 0.700000 秒
  关节位置: [-1.237481, 0.679130, 2.135562, -2.388767, -1.558519, 0.074506]
  关节速度: [-0.066172, -0.015046, 0.076070, -0.209660, 0.108833, 0.015730]
  关节加速度: [-0.008536, 0.024630, -0.046516, 0.025705, 0.014395, -0.021297]

轨迹点 8:
  时间: 0.800000 秒
  关节位置: [-1.244178, 0.677865, 2.142700, -2.409470, -1.547501, 0.075860]
  关节速度: [-0.066966, -0.012647, 0.071385, -0.207029, 0.110182, 0.013533]
  关节加速度: [-0.007941, 0.023991, -0.046845, 0.026311, 0.013491, -0.021970]

轨迹点 9:
  时间: 0.900000 秒
  关节位置: [-1.250947, 0.676834, 2.149367, -2.429903, -1.536357, 0.076987]
  关节速度: [-0.067696, -0.010314, 0.066665, -0.204335, 0.111434, 0.011270]
  关节加速度: [-0.007301, 0.023330, -0.047206, 0.026937, 0.012523, -0.022633]

轨迹点 10:
  时间: 1.000000 秒
  关节位置: [-1.257783, 0.676029, 2.155557, -2.450061, -1.525099, 0.077881]
  关节速度: [-0.068358, -0.008049, 0.061905, -0.201577, 0.112583, 0.008942]
  关节加速度: [-0.006617, 0.022649, -0.047596, 0.027583, 0.011489, -0.023282]

轨迹点 11:
  时间: 1.100000 秒
  关节位置: [-1.264678, 0.675443, 2.161267, -2.469936, -1.513737, 0.078536]
  关节速度: [-0.068947, -0.005854, 0.057104, -0.198752, 0.113622, 0.006550]
  关节加速度: [-0.005889, 0.021948, -0.048014, 0.028246, 0.010390, -0.023915]

轨迹点 12:
  时间: 1.200000 秒
  关节位置: [-1.271624, 0.675070, 2.166493, -2.489522, -1.502282, 0.078945]
  关节速度: [-0.069459, -0.003732, 0.052258, -0.195860, 0.114545, 0.004097]
  关节加速度: [-0.005120, 0.021228, -0.048457, 0.028923, 0.009229, -0.024530]

轨迹点 13:
  时间: 1.300000 秒
  关节位置: [-1.278613, 0.674902, 2.171230, -2.508812, -1.490748, 0.079104]
  关节速度: [-0.069890, -0.001683, 0.047366, -0.192899, 0.115346, 0.001585]
  关节加速度: [-0.004310, 0.020491, -0.048922, 0.029612, 0.008006, -0.025124]

轨迹点 14:
  时间: 1.400000 秒
  关节位置: [-1.285636, 0.674931, 2.175472, -2.527799, -1.479146, 0.079005]
  关节速度: [-0.070236, 0.000291, 0.042425, -0.189868, 0.116018, -0.000985]
  关节加速度: [-0.003460, 0.019739, -0.049405, 0.030308, 0.006722, -0.025694]

轨迹点 15:
  时间: 1.500000 秒
  关节位置: [-1.292686, 0.675150, 2.179216, -2.546476, -1.467490, 0.078645]
  关节速度: [-0.070493, 0.002189, 0.037435, -0.186767, 0.116556, -0.003608]
  关节加速度: [-0.002573, 0.018974, -0.049905, 0.031010, 0.005382, -0.026236]

轨迹点 16:
  时间: 1.600000 秒
  关节位置: [-1.299751, 0.675551, 2.182455, -2.564835, -1.455795, 0.078016]
  关节速度: [-0.070658, 0.004009, 0.032393, -0.183596, 0.116955, -0.006283]
  关节加速度: [-0.001652, 0.018199, -0.050417, 0.031713, 0.003987, -0.026748]

轨迹点 17:
  时间: 1.700000 秒
  关节位置: [-1.306824, 0.676126, 2.185185, -2.582871, -1.444074, 0.077116]
  关节速度: [-0.070728, 0.005750, 0.027299, -0.180355, 0.117209, -0.009006]
  关节加速度: [-0.000698, 0.017418, -0.050939, 0.032414, 0.002541, -0.027227]

轨迹点 18:
  时间: 1.800000 秒
  关节位置: [-1.313894, 0.676867, 2.187400, -2.600575, -1.432343, 0.075938]
  关节速度: [-0.070700, 0.007414, 0.022153, -0.177044, 0.117313, -0.011773]
  关节加速度: [0.000284, 0.016632, -0.051466, 0.033109, 0.001047, -0.027669]

轨迹点 19:
  时间: 1.900000 秒
  关节位置: [-1.320951, 0.677767, 2.189096, -2.617942, -1.420616, 0.074480]
  关节速度: [-0.070570, 0.008998, 0.016953, -0.173664, 0.117265, -0.014580]
  关节加速度: [0.001291, 0.015847, -0.051996, 0.033794, -0.000489, -0.028071]

轨迹点 20:
  时间: 2.000000 秒
  关节位置: [-1.327985, 0.678817, 2.190266, -2.634963, -1.408910, 0.072738]
  关节速度: [-0.070338, 0.010505, 0.011701, -0.170218, 0.117058, -0.017423]
  关节加速度: [0.002320, 0.015065, -0.052524, 0.034466, -0.002063, -0.028429]

轨迹点 21:
  时间: 2.100000 秒
  关节位置: [-1.334985, 0.680011, 2.190905, -2.651634, -1.397241, 0.070709]
  关节速度: [-0.070002, 0.011934, 0.006396, -0.166706, 0.116691, -0.020297]
  关节加速度: [0.003366, 0.014292, -0.053047, 0.035121, -0.003669, -0.028740]

轨迹点 22:
  时间: 2.200000 秒
  关节位置: [-1.341941, 0.681340, 2.191009, -2.667947, -1.385625, 0.068389]
  关节速度: [-0.069559, 0.013287, 0.001040, -0.163130, 0.116161, -0.023197]
  关节加速度: [0.004424, 0.013532, -0.053561, 0.035754, -0.005302, -0.029000]

轨迹点 23:
  时间: 2.300000 秒
  关节位置: [-1.348842, 0.682796, 2.190573, -2.683896, -1.374079, 0.065777]
  关节速度: [-0.069010, 0.014566, -0.004367, -0.159494, 0.115466, -0.026117]
  关节加速度: [0.005490, 0.012790, -0.054063, 0.036363, -0.006956, -0.029205]

轨迹点 24:
  时间: 2.400000 秒
  关节位置: [-1.355678, 0.684374, 2.189590, -2.699476, -1.362618, 0.062872]
  关节速度: [-0.068355, 0.015773, -0.009821, -0.155800, 0.114603, -0.029052]
  关节加速度: [0.006559, 0.012070, -0.054548, 0.036943, -0.008623, -0.029353]

轨迹点 25:
  时间: 2.500000 秒
  关节位置: [-1.362437, 0.686065, 2.188058, -2.714681, -1.351261, 0.059672]
  关节速度: [-0.067592, 0.016911, -0.015323, -0.152050, 0.113574, -0.031996]
  关节加速度: [0.007626, 0.011376, -0.055014, 0.037493, -0.010297, -0.029439]

轨迹点 26:
  时间: 2.600000 秒
  关节位置: [-1.369109, 0.687863, 2.185971, -2.729506, -1.340023, 0.056178]
  关节速度: [-0.066723, 0.017982, -0.020869, -0.148250, 0.112377, -0.034943]
  关节加速度: [0.008685, 0.010715, -0.055457, 0.038008, -0.011971, -0.029461]

轨迹点 27:
  时间: 2.700000 秒
  关节位置: [-1.375684, 0.689762, 2.183326, -2.743946, -1.328922, 0.052390]
  关节速度: [-0.065750, 0.018991, -0.026456, -0.144401, 0.111013, -0.037884]
  关节加速度: [0.009732, 0.010089, -0.055874, 0.038487, -0.013637, -0.029416]

轨迹点 28:
  时间: 2.800000 秒
  关节位置: [-1.382152, 0.691756, 2.180117, -2.757997, -1.317974, 0.048308]
  关节速度: [-0.064674, 0.019942, -0.032082, -0.140508, 0.109484, -0.040814]
  关节加速度: [0.010761, 0.009504, -0.056263, 0.038927, -0.015288, -0.029300]

轨迹点 29:
  时间: 2.900000 秒
  关节位置: [-1.388501, 0.693840, 2.176343, -2.771655, -1.307194, 0.043936]
  关节速度: [-0.063497, 0.020838, -0.037744, -0.136575, 0.107792, -0.043725]
  关节加速度: [0.011766, 0.008963, -0.056621, 0.039328, -0.016917, -0.029112]

轨迹点 30:
  时间: 3.000000 秒
  关节位置: [-1.394724, 0.696008, 2.171999, -2.784915, -1.296600, 0.039275]
  关节速度: [-0.062223, 0.021685, -0.043439, -0.132606, 0.105941, -0.046610]
  关节加速度: [0.012744, 0.008470, -0.056945, 0.039688, -0.018515, -0.028849]

轨迹点 31:
  时间: 3.100000 秒
  关节位置: [-1.400809, 0.698257, 2.167083, -2.797776, -1.286207, 0.034329]
  关节速度: [-0.060854, 0.022488, -0.049162, -0.128606, 0.103933, -0.049461]
  关节加速度: [0.013687, 0.008029, -0.057234, 0.040007, -0.020075, -0.028509]

轨迹点 32:
  时间: 3.200000 秒
  关节位置: [-1.406749, 0.700582, 2.161592, -2.810234, -1.276029, 0.029102]
  关节速度: [-0.059395, 0.023252, -0.054911, -0.124577, 0.101774, -0.052270]
  关节加速度: [0.014593, 0.007643, -0.057488, 0.040285, -0.021590, -0.028091]

轨迹点 33:
  时间: 3.300000 秒
  关节位置: [-1.412534, 0.702981, 2.155524, -2.822286, -1.266083, 0.023599]
  关节速度: [-0.057849, 0.023983, -0.060682, -0.120525, 0.099469, -0.055030]
  关节加速度: [0.015457, 0.007313, -0.057705, 0.040524, -0.023052, -0.027594]

轨迹点 34:
  时间: 3.400000 秒
  关节位置: [-1.418156, 0.705449, 2.148877, -2.833931, -1.256380, 0.017825]
  关节速度: [-0.056222, 0.024688, -0.066470, -0.116453, 0.097024, -0.057731]
  关节加速度: [0.016274, 0.007042, -0.057885, 0.040723, -0.024456, -0.027017]

轨迹点 35:
  时间: 3.500000 秒
  关节位置: [-1.423607, 0.707987, 2.141649, -2.845168, -1.246936, 0.011789]
  关节速度: [-0.054518, 0.025371, -0.072273, -0.112364, 0.094444, -0.060368]
  关节加速度: [0.017041, 0.006832, -0.058028, 0.040886, -0.025794, -0.026362]

轨迹点 36:
  时间: 3.600000 秒
  关节位置: [-1.428882, 0.710590, 2.133841, -2.855994, -1.237762, 0.005496]
  关节速度: [-0.052742, 0.026039, -0.078087, -0.108262, 0.091738, -0.062930]
  关节加速度: [0.017755, 0.006684, -0.058136, 0.041015, -0.027060, -0.025629]

轨迹点 37:
  时间: 3.700000 秒
  关节位置: [-1.433972, 0.713260, 2.125450, -2.866409, -1.228871, -0.001046]
  关节速度: [-0.050901, 0.026699, -0.083908, -0.104151, 0.088913, -0.065412]
  关节加速度: [0.018412, 0.006597, -0.058211, 0.041113, -0.028248, -0.024819]

轨迹点 38:
  时间: 3.800000 秒
  关节位置: [-1.438872, 0.715996, 2.116477, -2.876412, -1.220273, -0.007826]
  关节速度: [-0.049000, 0.027356, -0.089733, -0.100033, 0.085978, -0.067806]
  关节加速度: [0.019010, 0.006571, -0.058253, 0.041183, -0.029355, -0.023935]

轨迹点 39:
  时间: 3.900000 秒
  关节位置: [-1.443576, 0.718798, 2.106921, -2.886003, -1.211979, -0.014837]
  关节速度: [-0.047045, 0.028017, -0.095559, -0.095910, 0.082940, -0.070104]
  关节加速度: [0.019548, 0.006607, -0.058266, 0.041229, -0.030375, -0.022979]

轨迹点 40:
  时间: 4.000000 秒
  关节位置: [-1.448081, 0.721666, 2.096782, -2.895182, -1.203998, -0.022067]
  关节速度: [-0.045043, 0.028687, -0.101385, -0.091784, 0.079810, -0.072299]
  关节加速度: [0.020024, 0.006704, -0.058253, 0.041254, -0.031305, -0.021955]

轨迹点 41:
  时间: 4.100000 秒
  关节位置: [-1.452381, 0.724604, 2.086062, -2.903948, -1.196338, -0.029505]
  关节速度: [-0.042999, 0.029373, -0.107206, -0.087658, 0.076596, -0.074386]
  关节加速度: [0.020437, 0.006859, -0.058218, 0.041264, -0.032141, -0.020867]

轨迹点 42:
  时间: 4.200000 秒
  关节位置: [-1.456473, 0.727612, 2.074759, -2.912301, -1.189007, -0.037141]
  关节速度: [-0.040921, 0.030080, -0.113023, -0.083532, 0.073308, -0.076358]
  关节加速度: [0.020786, 0.007072, -0.058165, 0.041262, -0.032881, -0.019719]

轨迹点 43:
  时间: 4.300000 秒
  关节位置: [-1.460354, 0.730693, 2.062876, -2.920241, -1.182012, -0.044962]
  关节速度: [-0.038813, 0.030814, -0.118833, -0.079407, 0.069955, -0.078210]
  关节加速度: [0.021072, 0.007341, -0.058099, 0.041253, -0.033524, -0.018517]

轨迹点 44:
  时间: 4.400000 秒
  关节位置: [-1.464022, 0.733851, 2.050412, -2.927770, -1.175357, -0.052955]
  关节速度: [-0.036684, 0.031581, -0.124635, -0.075282, 0.066549, -0.079936]
  关节加速度: [0.021296, 0.007663, -0.058026, 0.041241, -0.034068, -0.017265]

轨迹点 45:
  时间: 4.500000 秒
  关节位置: [-1.467476, 0.737090, 2.037369, -2.934886, -1.169047, -0.061109]
  关节速度: [-0.034538, 0.032384, -0.130431, -0.071159, 0.063097, -0.081533]
  关节加速度: [0.021457, 0.008037, -0.057951, 0.041230, -0.034513, -0.015972]

轨迹点 46:
  时间: 4.600000 秒
  关节位置: [-1.470714, 0.740413, 2.023748, -2.941589, -1.163086, -0.069409]
  关节速度: [-0.032382, 0.033230, -0.136219, -0.067037, 0.059611, -0.082997]
  关节加速度: [0.021558, 0.008460, -0.057881, 0.041226, -0.034859, -0.014642]

轨迹点 47:
  时间: 4.700000 秒
  关节位置: [-1.473737, 0.743825, 2.009547, -2.947881, -1.157476, -0.077841]
  关节速度: [-0.030222, 0.034123, -0.142001, -0.062914, 0.056101, -0.084326]
  关节加速度: [0.021600, 0.008929, -0.057823, 0.041232, -0.035108, -0.013282]

轨迹点 48:
  时间: 4.800000 秒
  关节位置: [-1.476543, 0.747332, 1.994770, -2.953759, -1.152219, -0.086393]
  关节速度: [-0.028064, 0.035068, -0.147779, -0.058788, 0.052574, -0.085516]
  关节加速度: [0.021586, 0.009444, -0.057783, 0.041253, -0.035262, -0.011901]

轨迹点 49:
  时间: 4.900000 秒
  关节位置: [-1.479134, 0.750939, 1.979414, -2.959225, -1.147314, -0.095049]
  关节速度: [-0.025912, 0.036068, -0.153556, -0.054659, 0.049042, -0.086566]
  关节加速度: [0.021517, 0.010001, -0.057769, 0.041292, -0.035321, -0.010504]

轨迹点 50:
  时间: 5.000000 秒
  关节位置: [-1.481512, 0.754651, 1.963480, -2.964278, -1.142763, -0.103797]
  关节速度: [-0.023773, 0.037128, -0.159335, -0.050524, 0.045513, -0.087476]
  关节加速度: [0.021396, 0.010600, -0.057789, 0.041353, -0.035290, -0.009099]

轨迹点 51:
  时间: 5.100000 秒
  关节位置: [-1.483620, 0.758371, 1.947427, -2.968795, -1.138673, -0.112380]
  关节速度: [-0.021087, 0.037193, -0.160538, -0.045169, 0.040897, -0.085829]
  关节加速度: [0.026852, 0.000647, -0.012031, 0.053544, -0.046163, 0.016473]

轨迹点 52:
  时间: 5.166865 秒
  关节位置: [-1.484140, 0.759347, 1.943205, -2.969912, -1.137659, -0.114607]
  关节速度: [0.000000, 0.000000, 0.000000, 0.000000, 0.000000, 0.000000]
  关节加速度: [0.000000, 0.000000, 0.000000, 0.000000, 0.000000, 0.000000]

