详细轨迹分析报告
====================
轨迹点数: 101
轨迹总时间: 3.000 秒
关节名称: 
  0: joint1
  1: joint2
  2: joint3
  3: joint4
  4: joint5
  5: joint6

详细轨迹点信息:
================
轨迹点 0:
  时间: 0.000000 秒
  关节位置: [-1.196641, 0.694086, 2.077508, -2.246206, -1.627074, 0.061377]
  关节速度: [0.000000, 0.000000, 0.000000, 0.000000, 0.000000, 0.000000]
  关节加速度: [0.000000, 0.000000, 0.000000, 0.000000, 0.000000, 0.000000]

轨迹点 1:
  时间: 0.030000 秒
  关节位置: [-1.199866, 0.692198, 2.085383, -2.252454, -1.630985, 0.058231]
  关节速度: [-0.191270, -0.111929, 0.467001, -0.370515, -0.231931, -0.186578]
  关节加速度: [254.434625, 148.892548, -621.222415, 492.872885, 308.523744, 248.193543]

轨迹点 2:
  时间: 0.060000 秒
  关节位置: [-1.205160, 0.689264, 2.097853, -2.262379, -1.637239, 0.053182]
  关节速度: [-0.494843, -0.273515, 1.163435, -0.926201, -0.583751, -0.471340]
  关节加速度: [148.278203, 81.959820, -348.625331, 277.537344, 174.921175, 141.237032]

轨迹点 3:
  时间: 0.090000 秒
  关节位置: [-1.210205, 0.686630, 2.109277, -2.271504, -1.643028, 0.048490]
  关节速度: [-0.730882, -0.375132, 1.636667, -1.308540, -0.831931, -0.675137]
  关节加速度: [82.640584, 42.538813, -185.405121, 148.209198, 94.194928, 76.427044]

轨迹点 4:
  时间: 0.120000 秒
  关节位置: [-1.215038, 0.684242, 2.119831, -2.279959, -1.648428, 0.044095]
  关节速度: [-0.818089, -0.390524, 1.747038, -1.402449, -0.899114, -0.733504]
  关节加速度: [-27.888074, -13.026143, 58.727197, -47.201778, -30.337427, -24.788311]

轨迹点 5:
  时间: 0.150000 秒
  关节位置: [-1.220025, 0.681907, 2.130346, -2.288410, -1.653857, 0.039660]
  关节速度: [-0.697788, -0.309815, 1.421409, -1.145496, -0.740467, -0.607433]
  关节加速度: [-140.838054, -61.967768, 285.226646, -229.973673, -148.812614, -122.160722]

轨迹点 6:
  时间: 0.180000 秒
  关节位置: [-1.225506, 0.679491, 2.141459, -2.297368, -1.659653, 0.034903]
  关节速度: [-0.414461, -0.171653, 0.806969, -0.652658, -0.425232, -0.350787]
  关节加速度: [-197.606662, -80.737064, 381.416920, -308.698742, -201.440094, -166.354494]

轨迹点 7:
  时间: 0.210000 秒
  关节位置: [-1.231640, 0.676971, 2.153341, -2.306983, -1.665922, 0.029727]
  关节速度: [-0.126238, -0.049963, 0.238649, -0.193446, -0.126690, -0.104908]
  关节加速度: [-124.089225, -46.976714, 227.992026, -185.212509, -121.914977, -101.331207]

轨迹点 8:
  时间: 0.240000 秒
  关节位置: [-1.238204, 0.674469, 2.165451, -2.316817, -1.672391, 0.024354]
  关节速度: [-0.113531, -0.043227, 0.209357, -0.170025, -0.111845, -0.092917]
  关节加速度: [111.097984, 42.193135, -204.537535, 166.132497, 109.315758, 90.835049]

轨迹点 9:
  时间: 0.270000 秒
  关节位置: [-1.244621, 0.672203, 2.176726, -2.326005, -1.678488, 0.019255]
  关节速度: [-0.423792, -0.149028, 0.742436, -0.605182, -0.401766, -0.336116]
  关节加速度: [223.495357, 78.555883, -391.422014, 319.066853, 211.832683, 177.225411]

轨迹点 10:
  时间: 0.300000 秒
  关节位置: [-1.250575, 0.670247, 2.186707, -2.334165, -1.683949, 0.014658]
  关节速度: [-0.802830, -0.260943, 1.336919, -1.093494, -0.732725, -0.617441]
  关节加速度: [189.430938, 61.621128, -315.615741, 258.139507, 172.956466, 145.733404]

轨迹点 11:
  时间: 0.330000 秒
  关节位置: [-1.256142, 0.668532, 2.195660, -2.341504, -1.688899, 0.010465]
  关节速度: [-1.045674, -0.313998, 1.654719, -1.357760, -0.918626, -0.779974]
  关节加速度: [52.863821, 16.038560, -84.204101, 69.063661, 46.667917, 39.585343]

轨迹点 12:
  时间: 0.360000 秒
  关节位置: [-1.261653, 0.666929, 2.204203, -2.348522, -1.693666, 0.006404]
  关节速度: [-1.033446, -0.286618, 1.553647, -1.278583, -0.873828, -0.747813]
  关节加速度: [-126.588048, -34.767906, 189.135517, -155.707062, -106.547711, -91.269965]

轨迹点 13:
  时间: 0.390000 秒
  关节位置: [-1.267534, 0.665320, 2.212966, -2.355737, -1.698606, 0.002171]
  关节速度: [-0.756567, -0.193974, 1.081012, -0.891966, -0.616025, -0.531467]
  关节加速度: [-270.892539, -68.800611, 384.740737, -317.559246, -219.595640, -189.636146]

轨迹点 14:
  时间: 0.420000 秒
  关节位置: [-1.274104, 0.663645, 2.222320, -2.363457, -1.703942, -0.002435]
  关节速度: [-0.340899, -0.081408, 0.465073, -0.384550, -0.268263, -0.233199]
  关节加速度: [-280.543738, -65.664020, 377.838293, -312.606513, -218.697819, -190.516599]

轨迹点 15:
  时间: 0.450000 秒
  关节位置: [-1.281370, 0.661935, 2.232141, -2.371580, -1.709620, -0.007379]
  关节速度: [-0.076900, -0.018089, 0.103896, -0.085945, -0.060085, -0.052315]
  关节加速度: [-31.203856, -6.709528, 39.756734, -32.962767, -23.360333, -20.541679]

轨迹点 16:
  时间: 0.480000 秒
  关节位置: [-1.288821, 0.660319, 2.241685, -2.379492, -1.715220, -0.012299]
  关节速度: [-0.295700, -0.063941, 0.378101, -0.313439, -0.221945, -0.195047]
  关节加速度: [278.808988, 60.227567, -356.269850, 295.349639, 209.167613, 183.838535]

轨迹点 17:
  时间: 0.510000 秒
  关节位置: [-1.295858, 0.658912, 2.250229, -2.386586, -1.720308, -0.016810]
  关节速度: [-0.786838, -0.156368, 0.951481, -0.790114, -0.567286, -0.503364]
  关节加速度: [338.748497, 67.325785, -409.656029, 340.179477, 244.238352, 216.714963]

轨迹点 18:
  时间: 0.540000 秒
  关节位置: [-1.302342, 0.657708, 2.257722, -2.392814, -1.724835, -0.020859]
  关节速度: [-1.228995, -0.224505, 1.404620, -1.167867, -0.851250, -0.762879]
  关节加速度: [205.042540, 37.537557, -234.680982, 195.118276, 142.164607, 127.373468]

轨迹点 19:
  时间: 0.570000 秒
  关节位置: [-1.308523, 0.656631, 2.264562, -2.398504, -1.729020, -0.024631]
  关节速度: [-1.401438, -0.235332, 1.512470, -1.258481, -0.932612, -0.844422]
  关节加速度: [-44.450057, -7.275261, 47.156976, -39.247129, -29.232412, -26.550121]

轨迹点 20:
  时间: 0.600000 秒
  关节位置: [-1.314857, 0.655592, 2.271286, -2.404099, -1.733187, -0.028416]
  关节速度: [-1.212192, -0.187240, 1.234466, -1.027347, -0.775286, -0.709403]
  关节加速度: [-306.635299, -47.001040, 310.629035, -258.516069, -195.417510, -178.983114]

轨迹点 21:
  时间: 0.630000 秒
  关节位置: [-1.321801, 0.654528, 2.278316, -2.409949, -1.737611, -0.032468]
  关节速度: [-0.729234, -0.103929, 0.701266, -0.583350, -0.448882, -0.415065]
  关节加速度: [-449.407059, -63.348565, 428.845174, -356.714111, -275.225458, -254.852578]

轨迹点 22:
  时间: 0.660000 秒
  关节位置: [-1.329580, 0.653427, 2.285762, -2.416143, -1.742385, -0.036886]
  关节速度: [-0.214514, -0.028816, 0.197526, -0.164180, -0.128360, -0.119639]
  关节加速度: [-307.777250, -39.864557, 275.992202, -229.276607, -181.051732, -169.575540]

轨迹点 23:
  时间: 0.690000 秒
  关节位置: [-1.337934, 0.652339, 2.293282, -2.422391, -1.747311, -0.041497]
  关节速度: [-0.143820, -0.018715, 0.129402, -0.107506, -0.084786, -0.079362]
  关节加速度: [220.027043, 28.571350, -197.666556, 164.214659, 129.584532, 121.329596]

轨迹点 24:
  时间: 0.720000 秒
  关节位置: [-1.346110, 0.651359, 2.300190, -2.428118, -1.751945, -0.045884]
  关节速度: [-0.651582, -0.077785, 0.549076, -0.455177, -0.368653, -0.349245]
  关节加速度: [499.695641, 59.635859, -420.992809, 348.994998, 282.680054, 267.809137]

轨迹点 25:
  时间: 0.750000 秒
  关节位置: [-1.353657, 0.650523, 2.306183, -2.433072, -1.756064, -0.049829]
  关节速度: [-1.300945, -0.142817, 1.025707, -0.847585, -0.707062, -0.678012]
  关节加速度: [440.612450, 48.400795, -347.566341, 287.215743, 239.543416, 229.680968]

轨迹点 26:
  时间: 0.780000 秒
  关节位置: [-1.360649, 0.649799, 2.311434, -2.437397, -1.759758, -0.053402]
  关节速度: [-1.730626, -0.174967, 1.273846, -1.048002, -0.903946, -0.877598]
  关节加速度: [144.726683, 14.723086, -107.077056, 88.123067, 75.816283, 73.538355]

轨迹点 27:
  时间: 0.810000 秒
  关节位置: [-1.367507, 0.649129, 2.316330, -2.441415, -1.763280, -0.056840]
  关节速度: [-1.731192, -0.161496, 1.186723, -0.970652, -0.869505, -0.854838]
  关节加速度: [-252.566379, -23.379855, 171.962449, -140.571313, -126.388840, -124.405476]

轨迹点 28:
  时间: 0.840000 秒
  关节位置: [-1.374775, 0.648461, 2.321246, -2.445432, -1.766905, -0.060412]
  关节速度: [-1.280929, -0.110590, 0.816036, -0.662512, -0.619276, -0.616555]
  关节加速度: [-578.904589, -49.645433, 366.468506, -297.323192, -278.971010, -278.046804]

轨迹点 29:
  时间: 0.870000 秒
  关节位置: [-1.382873, 0.647765, 2.326380, -2.449598, -1.770810, -0.064304]
  关节速度: [-0.583102, -0.046947, 0.345911, -0.278385, -0.272228, -0.274269]
  关节加速度: [-622.216014, -49.428848, 364.080207, -292.488014, -288.584339, -291.407460]

轨迹点 30:
  时间: 0.900000 秒
  关节位置: [-1.391826, 0.647051, 2.331640, -2.453825, -1.774970, -0.068502]
  关节速度: [-0.103281, -0.008180, 0.060208, -0.048340, -0.047822, -0.048318]
  关节加速度: [-129.246334, -9.527647, 69.527472, -55.152583, -57.707953, -59.055868]

轨迹点 31:
  时间: 0.930000 秒
  关节位置: [-1.401022, 0.646370, 2.336613, -2.457773, -1.779086, -0.072710]
  关节速度: [-0.407380, -0.030116, 0.219840, -0.174473, -0.182149, -0.186311]
  关节加速度: [569.149033, 42.050064, -306.928167, 243.563127, 254.402690, 260.243156]

轨迹点 32:
  时间: 0.960000 秒
  关节位置: [-1.409674, 0.645772, 2.340904, -2.461128, -1.782821, -0.076579]
  关节速度: [-1.189320, -0.081817, 0.586869, -0.458350, -0.512283, -0.531101]
  关节加速度: [720.893188, 49.597075, -355.763356, 277.860359, 310.528680, 321.930527]

轨迹点 33:
  时间: 0.990000 秒
  关节位置: [-1.417580, 0.645258, 2.344509, -2.463897, -1.786125, -0.080043]
  关节速度: [-1.904501, -0.122379, 0.854281, -0.653734, -0.791166, -0.831343]
  关节加速度: [454.857554, 29.263100, -204.376167, 156.457701, 189.074492, 198.629498]

轨迹点 34:
  时间: 1.020000 秒
  关节位置: [-1.425036, 0.644797, 2.347659, -2.466271, -1.789159, -0.083256]
  关节速度: [-2.189481, -0.131913, 0.886188, -0.660599, -0.878220, -0.935273]
  关节加速度: [-50.704942, -2.979011, 19.694456, -14.513142, -20.067490, -21.482598]

轨迹点 35:
  时间: 1.050000 秒
  关节位置: [-1.432601, 0.644349, 2.350621, -2.468458, -1.792162, -0.086468]
  关节速度: [-1.900822, -0.107821, 0.688241, -0.495839, -0.737207, -0.795561]
  关节加速度: [-576.325172, -32.552821, 206.999331, -148.734513, -222.998528, -240.873456]

轨迹点 36:
  时间: 1.080000 秒
  关节位置: [-1.440838, 0.643885, 2.353567, -2.470571, -1.795346, -0.089908]
  关节速度: [-1.151001, -0.061786, 0.369704, -0.254784, -0.432542, -0.472772]
  关节加速度: [-863.853219, -46.118117, 274.061060, -187.925853, -323.628283, -354.176826]

轨迹点 37:
  时间: 1.110000 秒
  关节位置: [-1.450032, 0.643393, 2.356497, -2.472585, -1.798794, -0.093680]
  关节速度: [-0.339140, -0.017458, 0.097832, -0.064257, -0.124364, -0.137320]
  关节加速度: [-622.200557, -31.490205, 171.449767, -110.055523, -225.937910, -250.503218]

轨迹点 38:
  时间: 1.140000 秒
  关节位置: [-1.459895, 0.642893, 2.359234, -2.474348, -1.802381, -0.097654]
  关节速度: [-0.160904, -0.008162, 0.044621, -0.028737, -0.058507, -0.064832]
  关节加速度: [348.505944, 17.660029, -96.356026, 61.959666, 126.641877, 140.369217]

轨迹点 39:
  时间: 1.170000 秒
  关节位置: [-1.469532, 0.642427, 2.361514, -2.475684, -1.805784, -0.101473]
  关节速度: [-0.867238, -0.041797, 0.204058, -0.119086, -0.305933, -0.343437]
  关节加速度: [895.065627, 43.132980, -210.522667, 122.825932, 315.727762, 354.443570]

轨迹点 40:
  时间: 1.200000 秒
  关节位置: [-1.478363, 0.642020, 2.363263, -2.476571, -1.808821, -0.104921]
  关节速度: [-1.789356, -0.082247, 0.347890, -0.173336, -0.613778, -0.697615]
  关节加速度: [796.263503, 36.609527, -154.990001, 77.311736, 273.174171, 310.465612]

轨迹点 41:
  时间: 1.230000 秒
  关节位置: [-1.486461, 0.641660, 2.364596, -2.477115, -1.811546, -0.108045]
  关节速度: [-2.385055, -0.104812, 0.367444, -0.135199, -0.797077, -0.916783]
  关节加速度: [287.854550, 12.677902, -44.906528, 16.874226, 96.322371, 110.723491]

轨迹点 42:
  时间: 1.260000 秒
  关节位置: [-1.494316, 0.641321, 2.365661, -2.477415, -1.814142, -0.111047]
  关节速度: [-2.370099, -0.099749, 0.270590, -0.039724, -0.773355, -0.899594]
  关节加速度: [-361.938487, -15.177111, 40.130590, -4.874072, -117.863102, -137.232936]

轨迹点 43:
  时间: 1.290000 秒
  关节位置: [-1.502557, 0.640977, 2.366538, -2.477489, -1.816820, -0.114168]
  关节速度: [-1.743449, -0.070343, 0.130696, 0.039471, -0.556769, -0.654508]
  关节加速度: [-864.421541, -34.771701, 62.434713, 21.948092, -275.632573, -324.261586]

轨迹点 44:
  时间: 1.320000 秒
  关节位置: [-1.511669, 0.640611, 2.367199, -2.477260, -1.819726, -0.117587]
  关节速度: [-0.800557, -0.031020, 0.030485, 0.047892, -0.251039, -0.297860]
  关节加速度: [-925.039160, -35.622895, 30.151074, 60.454812, -289.281996, -343.716547]

轨迹点 45:
  时间: 1.350000 秒
  关节位置: [-1.521698, 0.640224, 2.367543, -2.476622, -1.822865, -0.121315]
  关节速度: [-0.132953, -0.005080, 0.003412, 0.009620, -0.041459, -0.049337]
  关节加速度: [-259.333308, -9.536035, -1.889420, 27.397656, -79.717316, -95.595100]

轨迹点 46:
  时间: 1.380000 秒
  关节位置: [-1.531982, 0.639845, 2.367489, -2.475556, -1.826029, -0.125107]
  关节速度: [-0.440267, -0.016212, -0.002675, 0.045974, -0.135408, -0.162331]
  关节加速度: [744.942484, 27.422277, 4.744485, -78.010847, 229.084449, 274.652334]

轨迹点 47:
  时间: 1.410000 秒
  关节位置: [-1.541612, 0.639507, 2.367062, -2.474179, -1.828949, -0.128636]
  关节速度: [-1.353370, -0.047390, -0.062463, 0.196174, -0.410124, -0.495824]
  关节加速度: [946.865998, 33.156827, 43.670233, -137.218944, 286.941041, 346.897712]

轨迹点 48:
  时间: 1.440000 秒
  关节位置: [-1.550334, 0.639215, 2.366365, -2.472616, -1.831565, -0.131819]
  关节速度: [-2.162065, -0.071564, -0.186193, 0.400753, -0.647300, -0.788406]
  关节加速度: [594.154573, 19.682567, 50.832868, -109.792248, 177.914367, 216.675336]

轨迹点 49:
  时间: 1.470000 秒
  关节位置: [-1.558472, 0.638956, 2.365463, -2.470905, -1.833988, -0.134781]
  关节速度: [-2.448100, -0.075935, -0.308803, 0.552693, -0.726055, -0.890060]
  关节加速度: [-13.140495, -0.365622, -2.465079, 3.781982, -3.840292, -4.755522]

轨迹点 50:
  时间: 1.500000 秒
  关节位置: [-1.566635, 0.638709, 2.364327, -2.468955, -1.836403, -0.137748]
  关节速度: [-2.091842, -0.060089, -0.347545, 0.556540, -0.616248, -0.759563]
  关节加速度: [-587.446889, -16.781778, -99.223182, 157.926165, -172.978821, -213.287149]

轨迹点 51:
  时间: 1.530000 秒
  关节位置: [-1.575431, 0.638459, 2.362825, -2.466574, -1.838993, -0.140941]
  关节速度: [-1.261688, -0.033079, -0.259269, 0.385499, -0.370222, -0.458300]
  关节加速度: [-867.326222, -22.532226, -181.481249, 268.267593, -254.407142, -315.061883]

轨迹点 52:
  时间: 1.560000 秒
  关节位置: [-1.585167, 0.638205, 2.360802, -2.463577, -1.841850, -0.144478]
  关节速度: [-0.391421, -0.009341, -0.093409, 0.132558, -0.114717, -0.142411]
  关节加速度: [-627.941379, -14.457105, -157.263619, 220.060428, -183.963651, -228.600228]

轨迹点 53:
  时间: 1.590000 秒
  关节位置: [-1.595565, 0.637964, 2.358218, -2.459953, -1.844896, -0.148263]
  关节速度: [-0.143625, -0.003327, -0.035680, 0.050043, -0.042080, -0.052281]
  关节加速度: [265.352747, 6.128382, 66.186082, -92.722748, 77.741407, 96.596086]

轨迹点 54:
  时间: 1.620000 秒
  关节位置: [-1.605700, 0.637763, 2.355282, -2.456006, -1.847869, -0.151966]
  关节速度: [-0.779461, -0.015394, -0.226920, 0.304642, -0.228679, -0.284829]
  关节加速度: [780.406726, 15.403837, 227.306804, -305.122513, 228.957468, 285.177860]

轨迹点 55:
  时间: 1.650000 秒
  关节位置: [-1.614931, 0.637613, 2.352236, -2.452045, -1.850588, -0.155356]
  关节速度: [-1.610546, -0.025662, -0.537254, 0.696910, -0.474417, -0.591756]
  关节加速度: [681.032373, 10.864503, 227.036632, -294.550362, 200.607176, 250.221754]

轨迹点 56:
  时间: 1.680000 秒
  关节位置: [-1.623324, 0.637506, 2.349166, -2.448149, -1.853072, -0.158457]
  关节速度: [-2.116387, -0.024596, -0.796876, 1.004744, -0.627555, -0.783142]
  关节加速度: [258.734707, 3.057432, 96.916958, -122.340080, 76.697688, 95.710977]

轨迹点 57:
  时间: 1.710000 秒
  关节位置: [-1.631377, 0.637431, 2.345968, -2.444164, -1.855471, -0.161449]
  关节速度: [-2.071027, -0.014020, -0.869760, 1.070508, -0.619682, -0.772991]
  关节加速度: [-232.650855, -1.454116, -98.787960, 121.307336, -69.679471, -86.914409]

轨迹点 58:
  时间: 1.740000 秒
  关节位置: [-1.639727, 0.637384, 2.342384, -2.439774, -1.857975, -0.164572]
  关节速度: [-1.514067, -0.002089, -0.701882, 0.846095, -0.458149, -0.570789]
  关节加速度: [-580.839404, -0.538419, -271.389921, 326.632091, -175.923793, -219.153724]

轨迹点 59:
  时间: 1.770000 秒
  关节位置: [-1.648859, 0.637376, 2.338122, -2.434644, -1.860740, -0.168017]
  关节速度: [-0.716364, 0.003074, -0.361989, 0.428784, -0.219515, -0.272976]
  关节加速度: [-615.889946, 3.242849, -315.626480, 372.841494, -189.132568, -235.119992]

轨迹点 60:
  时间: 1.800000 秒
  关节位置: [-1.658829, 0.637425, 2.333037, -2.428631, -1.863800, -0.171821]
  关节速度: [-0.143149, 0.000981, -0.074849, 0.088056, -0.044122, -0.054814]
  关节加速度: [-208.603370, 2.554259, -116.621410, 135.427281, -65.095320, -80.698228]

轨迹点 61:
  时间: 1.830000 秒
  关节位置: [-1.669024, 0.637545, 2.327367, -2.422041, -1.866978, -0.175762]
  关节速度: [-0.324586, 0.003880, -0.180821, 0.210119, -0.101221, -0.125497]
  关节加速度: [436.116475, -5.252021, 243.216841, -282.567390, 136.029365, 168.647619]

轨迹点 62:
  时间: 1.860000 秒
  关节位置: [-1.678544, 0.637729, 2.321632, -2.415476, -1.869998, -0.179494]
  关节速度: [-0.993944, 0.019634, -0.601352, 0.687773, -0.315617, -0.389982]
  关节加速度: [565.169756, -11.166535, 341.953059, -391.091822, 179.465786, 221.750979]

轨迹点 63:
  时间: 1.890000 秒
  关节位置: [-1.687121, 0.637961, 2.316090, -2.409217, -1.872768, -0.182905]
  关节速度: [-1.580749, 0.044784, -1.033188, 1.164464, -0.511981, -0.630144]
  关节加速度: [357.564728, -10.082555, 233.436864, -263.153084, 115.774556, 142.503406]

轨迹点 64:
  时间: 1.920000 秒
  关节位置: [-1.695058, 0.638232, 2.310658, -2.403148, -1.875373, -0.186103]
  关节速度: [-1.779624, 0.067193, -1.251292, 1.391025, -0.588842, -0.721608]
  关节加速度: [17.480572, -0.527482, 11.594068, -13.030238, 5.685621, 6.991800]

轨迹点 65:
  时间: 1.950000 秒
  关节位置: [-1.702933, 0.638557, 2.304987, -2.396872, -1.877999, -0.189315]
  关节速度: [-1.521685, 0.073072, -1.146414, 1.258035, -0.515039, -0.628237]
  关节加速度: [-290.659723, 14.245759, -220.390895, 241.566807, -98.591544, -120.207595]

轨迹点 66:
  时间: 1.980000 秒
  关节位置: [-1.711314, 0.638971, 2.298618, -2.389895, -1.880844, -0.192784]
  关节速度: [-0.938277, 0.055271, -0.753762, 0.817243, -0.325055, -0.394609]
  关节加速度: [-438.442167, 26.433927, -355.005256, 384.351668, -152.337436, -184.824411]

轨迹点 67:
  时间: 2.010000 秒
  关节位置: [-1.720496, 0.639520, 2.291209, -2.381868, -1.884031, -0.196651]
  关节速度: [-0.326043, 0.022377, -0.275656, 0.296002, -0.115246, -0.139336]
  关节加速度: [-329.257175, 23.964311, -284.272668, 304.079388, -117.369579, -141.661855]

轨迹点 68:
  时间: 2.040000 秒
  关节位置: [-1.730249, 0.640221, 2.282823, -2.372891, -1.887502, -0.200841]
  关节速度: [-0.113406, 0.008146, -0.097446, 0.104326, -0.040348, -0.048717]
  关节加速度: [97.687807, -7.062181, 84.134365, -90.036705, 34.787988, 41.996508]

轨迹点 69:
  时间: 2.070000 秒
  关节位置: [-1.739751, 0.641031, 2.274138, -2.363701, -1.890973, -0.205011]
  关节速度: [-0.504982, 0.043348, -0.462747, 0.489441, -0.184688, -0.221778]
  关节加速度: [370.506993, -31.846582, 339.691287, -359.253635, 135.536346, 162.748200]

轨迹点 70:
  时间: 2.100000 秒
  关节位置: [-1.748390, 0.641888, 2.265777, -2.354949, -1.894213, -0.208882]
  关节速度: [-1.043410, 0.104997, -1.015667, 1.061994, -0.392355, -0.468616]
  关节加速度: [331.599748, -33.346792, 322.699289, -337.434632, 124.676851, 148.913497]

轨迹点 71:
  时间: 2.130000 秒
  关节位置: [-1.756209, 0.642768, 2.257826, -2.346705, -1.897216, -0.212455]
  关节速度: [-1.376486, 0.160361, -1.420070, 1.468402, -0.532495, -0.632612]
  关节加速度: [136.263828, -15.761332, 140.161706, -145.012636, 52.636433, 62.549952]

轨迹点 72:
  时间: 2.160000 秒
  关节位置: [-1.763649, 0.643695, 2.249936, -2.338591, -1.900135, -0.215914]
  关节速度: [-1.357713, 0.181207, -1.481443, 1.515374, -0.540580, -0.638878]
  关节加速度: [-91.467421, 12.474364, -100.738442, 102.865230, -36.595960, -43.212891]

轨迹点 73:
  时间: 2.190000 秒
  关节位置: [-1.771276, 0.644744, 2.241511, -2.329994, -1.903191, -0.219522]
  关节速度: [-1.013018, 0.153307, -1.166166, 1.180494, -0.415117, -0.488160]
  关节加速度: [-254.669578, 39.088674, -295.011608, 298.281398, -104.715684, -123.069454]

轨迹点 74:
  时间: 2.220000 秒
  关节位置: [-1.779523, 0.646005, 2.231975, -2.320348, -1.906579, -0.223505]
  关节速度: [-0.510174, 0.086242, -0.616505, 0.618157, -0.214797, -0.251466]
  关节加速度: [-279.647136, 48.413098, -341.615451, 341.818286, -118.462603, -138.547800]

轨迹点 75:
  时间: 2.250000 秒
  关节位置: [-1.788458, 0.647538, 2.221104, -2.309462, -1.910356, -0.227923]
  关节速度: [-0.131089, 0.023294, -0.161975, 0.161694, -0.055898, -0.065309]
  关节加速度: [-112.395480, 21.845966, -144.713154, 143.301802, -49.086020, -57.138463]

轨迹点 76:
  时间: 2.280000 秒
  关节位置: [-1.797586, 0.649295, 2.209408, -2.297870, -1.914331, -0.232552]
  关节速度: [-0.206686, 0.039862, -0.265146, 0.262744, -0.090073, -0.104883]
  关节加速度: [180.650810, -34.943735, 232.066043, -229.902839, 78.790115, 91.734206]

轨迹点 77:
  时间: 2.310000 秒
  关节位置: [-1.806121, 0.651123, 2.197910, -2.286586, -1.918160, -0.236992]
  关节速度: [-0.607760, 0.131145, -0.821532, 0.805662, -0.273242, -0.316733]
  关节加速度: [250.514381, -54.084110, 338.711245, -332.152651, 112.644643, 130.571199]

轨迹点 78:
  时间: 2.340000 秒
  关节位置: [-1.813806, 0.652935, 2.187075, -2.276051, -1.921705, -0.241087]
  关节速度: [-0.973024, 0.233298, -1.383182, 1.342855, -0.451118, -0.520759]
  关节加速度: [165.681962, -39.655991, 235.321060, -228.498485, 76.773914, 88.631923]

轨迹点 79:
  时间: 2.370000 秒
  关节位置: [-1.820887, 0.654744, 2.176695, -2.266035, -1.925052, -0.244941]
  关节速度: [-1.107928, 0.293625, -1.654018, 1.590035, -0.529588, -0.609035]
  关节加速度: [18.427674, -4.672228, 26.912557, -25.984888, 8.687965, 10.008243]

轨迹点 80:
  时间: 2.400000 秒
  关节位置: [-1.827853, 0.656654, 2.166119, -2.255904, -1.928417, -0.248806]
  关节速度: [-0.965361, 0.281320, -1.511251, 1.438908, -0.475537, -0.545027]
  关节加速度: [-118.447097, 34.967648, -186.665698, 177.496180, -58.596459, -67.127322]

轨迹点 81:
  时间: 2.430000 秒
  关节位置: [-1.835186, 0.658820, 2.154562, -2.244915, -1.932044, -0.252962]
  关节速度: [-0.619843, 0.197241, -1.014915, 0.957562, -0.314267, -0.359144]
  关节加速度: [-188.720755, 60.952217, -311.418700, 293.366823, -96.166841, -109.844378]

轨迹点 82:
  时间: 2.460000 秒
  关节位置: [-1.843149, 0.661373, 2.141471, -2.232574, -1.936092, -0.257587]
  关节速度: [-0.244440, 0.083345, -0.414840, 0.388548, -0.126843, -0.144655]
  关节加速度: [-150.204866, 53.027645, -259.666995, 242.311886, -78.890222, -89.873347]

轨迹点 83:
  时间: 2.490000 秒
  关节位置: [-1.851579, 0.664324, 2.126965, -2.219025, -1.940506, -0.262617]
  关节速度: [-0.090178, 0.031518, -0.155063, 0.144853, -0.047197, -0.053785]
  关节加速度: [26.809659, -9.404306, 46.188642, -43.130933, 14.049299, 16.008395]

轨迹点 84:
  时间: 2.520000 秒
  关节位置: [-1.859817, 0.667463, 2.112132, -2.205298, -1.944950, -0.267669]
  关节速度: [-0.305714, 0.116987, -0.551684, 0.510327, -0.165140, -0.187739]
  关节加速度: [157.312160, -60.293895, 284.126899, -262.782103, 85.025106, 96.656313]

轨迹点 85:
  时间: 2.550000 秒
  关节位置: [-1.867329, 0.670563, 2.098012, -2.192345, -1.949118, -0.272400]
  关节速度: [-0.627701, 0.261362, -1.185903, 1.086814, -0.349456, -0.396536]
  关节加速度: [147.619295, -61.458287, 278.875558, -255.577281, 82.179522, 93.251359]

轨迹点 86:
  时间: 2.580000 秒
  关节位置: [-1.874129, 0.673569, 2.084734, -2.180257, -1.952987, -0.276785]
  关节速度: [-0.836866, 0.377740, -1.653304, 1.501468, -0.479828, -0.543704]
  关节加速度: [65.998704, -29.651059, 130.043302, -118.162530, 37.775072, 42.807307]

轨迹点 87:
  时间: 2.610000 秒
  关节位置: [-1.880571, 0.676590, 2.071731, -2.168501, -1.956733, -0.281028]
  关节速度: [-0.839213, 0.409274, -1.731848, 1.558948, -0.495210, -0.560588]
  关节加速度: [-33.085540, 16.475400, -69.102047, 62.055340, -19.680101, -22.272319]

轨迹点 88:
  时间: 2.640000 秒
  关节位置: [-1.887117, 0.679840, 2.058085, -2.156242, -1.960621, -0.285429]
  关节速度: [-0.644628, 0.338305, -1.387435, 1.238341, -0.391059, -0.442451]
  关节加速度: [-106.958491, 56.815812, -231.839540, 206.636434, -65.190452, -73.751066]

轨迹点 89:
  时间: 2.670000 秒
  关节位置: [-1.894130, 0.683548, 2.042927, -2.142724, -1.964887, -0.290256]
  关节速度: [-0.347801, 0.194854, -0.777610, 0.688741, -0.216315, -0.244714]
  关节加速度: [-122.977800, 70.238513, -278.109593, 245.770311, -77.064641, -87.179639]

轨迹点 90:
  时间: 2.700000 秒
  关节位置: [-1.901687, 0.687829, 2.025918, -2.127679, -1.969608, -0.295596]
  关节速度: [-0.111281, 0.064411, -0.253622, 0.223771, -0.070082, -0.079290]
  关节加速度: [-57.007624, 34.990428, -134.561209, 117.899757, -36.733886, -41.570934]

轨迹点 91:
  时间: 2.730000 秒
  关节位置: [-1.909421, 0.692532, 2.007766, -2.111757, -1.974573, -0.301215]
  关节速度: [-0.133963, 0.081561, -0.314663, 0.275966, -0.086044, -0.097371]
  关节加速度: [72.500985, -44.293854, 170.651720, -149.603569, 46.630866, 52.770259]

轨迹点 92:
  时间: 2.760000 秒
  关节位置: [-1.916695, 0.697266, 1.989980, -2.096283, -1.979368, -0.306644]
  关节速度: [-0.364699, 0.238701, -0.894887, 0.778044, -0.240951, -0.272887]
  关节加速度: [109.418878, -71.683135, 268.642037, -233.540114, 72.318221, 81.904396]

轨迹点 93:
  时间: 2.790000 秒
  关节位置: [-1.923271, 0.701819, 1.973279, -2.081861, -1.983809, -0.311679]
  关节速度: [-0.585649, 0.410495, -1.498744, 1.292280, -0.397469, -0.450706]
  关节加速度: [75.951535, -53.176509, 194.233356, -167.498820, 51.523740, 58.423700]

轨迹点 94:
  时间: 2.820000 秒
  关节位置: [-1.929332, 0.706245, 1.957368, -2.068211, -1.987989, -0.316424]
  关节速度: [-0.675582, 0.505850, -1.801527, 1.540868, -0.470580, -0.534494]
  关节加速度: [12.741129, -9.308546, 33.455407, -28.700605, 8.788306, 9.975813]

轨迹点 95:
  时间: 2.850000 秒
  关节位置: [-1.935264, 0.710789, 1.941321, -2.054525, -1.992158, -0.321163]
  关节速度: [-0.601609, 0.479941, -1.669927, 1.417209, -0.429658, -0.489016]
  关节加速度: [-48.000801, 38.794282, -134.355400, 113.841579, -34.461668, -39.239167]

轨迹点 96:
  时间: 2.880000 秒
  关节位置: [-1.941457, 0.715778, 1.924025, -2.039864, -1.996597, -0.326217]
  关节速度: [-0.403453, 0.341463, -1.163207, 0.979973, -0.294924, -0.336458]
  关节加速度: [-81.296145, 69.778348, -236.537967, 198.933094, -59.764501, -68.219330]

轨迹点 97:
  时间: 2.910000 秒
  关节位置: [-1.948134, 0.721467, 1.904690, -2.023588, -2.001491, -0.331802]
  关节速度: [-0.179416, 0.159040, -0.533063, 0.446512, -0.133552, -0.152690]
  关节加速度: [-68.359722, 62.404820, -207.070535, 172.819102, -51.486534, -58.947011]

轨迹点 98:
  时间: 2.940000 秒
  关节位置: [-1.955194, 0.727856, 1.883427, -2.005823, -2.006790, -0.337866]
  关节速度: [-0.073874, 0.066746, -0.222255, 0.185728, -0.055409, -0.063407]
  关节加速度: [4.443651, -4.001122, 13.338774, -11.151360, 3.328372, 3.808169]

轨迹点 99:
  时间: 2.970000 秒
  关节位置: [-1.962041, 0.734429, 1.861985, -1.988040, -2.012049, -0.343905]
  关节速度: [-0.187691, 0.180803, -0.589133, 0.488388, -0.144357, -0.165780]
  关节加速度: [67.946317, -65.601211, 213.596452, -177.020463, 52.306341, 60.076392]

轨迹点 100:
  时间: 3.000000 秒
  关节位置: [-1.964526, 0.736878, 1.854064, -1.981492, -2.013978, -0.346123]
  关节速度: [0.000000, 0.000000, 0.000000, 0.000000, 0.000000, 0.000000]
  关节加速度: [0.000000, 0.000000, 0.000000, 0.000000, 0.000000, 0.000000]

