详细轨迹分析报告
====================
轨迹点数: 53
轨迹总时间: 5.170 秒
关节名称: 
  0: joint1
  1: joint2
  2: joint3
  3: joint4
  4: joint5
  5: joint6

详细轨迹点信息:
================
轨迹点 0:
  时间: 0.000000 秒
  关节位置: [-1.195825, 0.693486, 2.077751, -2.246686, -1.626953, 0.061916]
  关节速度: [0.000000, 0.000000, 0.000000, 0.000000, 0.000000, 0.000000]
  关节加速度: [0.000000, 0.000000, 0.000000, 0.000000, 0.000000, 0.000000]

轨迹点 1:
  时间: 0.100000 秒
  关节位置: [-1.199195, 0.691811, 2.083451, -2.259112, -1.621418, 0.063411]
  关节速度: [-0.033705, -0.016749, 0.057006, -0.124259, 0.055348, 0.014947]
  关节加速度: [-0.337051, -0.167489, 0.570065, -1.242595, 0.553485, 0.149470]

轨迹点 2:
  时间: 0.200000 秒
  关节位置: [-1.205346, 0.689009, 2.093359, -2.281299, -1.611317, 0.065961]
  关节速度: [-0.061508, -0.028013, 0.099078, -0.221869, 0.101014, 0.025506]
  关节加速度: [-0.278024, -0.112641, 0.420714, -0.976098, 0.456653, 0.105593]

轨迹点 3:
  时间: 0.300000 秒
  关节位置: [-1.211601, 0.686478, 2.102811, -2.303251, -1.601042, 0.068326]
  关节速度: [-0.062552, -0.025314, 0.094522, -0.219517, 0.102745, 0.023649]
  关节加速度: [-0.010448, 0.026995, -0.045561, 0.023519, 0.017318, -0.018573]

轨迹点 4:
  时间: 0.400000 秒
  关节位置: [-1.217957, 0.684211, 2.111806, -2.324963, -1.590601, 0.070498]
  关节速度: [-0.063555, -0.022669, 0.089948, -0.217116, 0.104412, 0.021722]
  关节加速度: [-0.010026, 0.026442, -0.045742, 0.024017, 0.016668, -0.019270]

轨迹点 5:
  时间: 0.500000 秒
  关节位置: [-1.224408, 0.682203, 2.120341, -2.346429, -1.580000, 0.072471]
  关节速度: [-0.064511, -0.020083, 0.085351, -0.214661, 0.106008, 0.019726]
  关节加速度: [-0.009560, 0.025868, -0.045963, 0.024544, 0.015954, -0.019963]

轨迹点 6:
  时间: 0.600000 秒
  关节位置: [-1.230950, 0.680447, 2.128414, -2.367644, -1.569248, 0.074237]
  关节速度: [-0.065416, -0.017555, 0.080729, -0.212152, 0.107525, 0.017660]
  关节加速度: [-0.009050, 0.025274, -0.046222, 0.025098, 0.015177, -0.020652]

轨迹点 7:
  时间: 0.700000 秒
  关节位置: [-1.237576, 0.678938, 2.136022, -2.388602, -1.558352, 0.075790]
  关节速度: [-0.066266, -0.015089, 0.076077, -0.209584, 0.108959, 0.015527]
  关节加速度: [-0.008496, 0.024657, -0.046518, 0.025678, 0.014336, -0.021334]

轨迹点 8:
  时间: 0.800000 秒
  关节位置: [-1.244282, 0.677670, 2.143161, -2.409298, -1.547322, 0.077122]
  关节速度: [-0.067055, -0.012688, 0.071392, -0.206956, 0.110302, 0.013326]
  关节加速度: [-0.007898, 0.024020, -0.046847, 0.026281, 0.013429, -0.022007]

轨迹点 9:
  时间: 0.900000 秒
  关节位置: [-1.251060, 0.676635, 2.149828, -2.429724, -1.536167, 0.078228]
  关节速度: [-0.067781, -0.010351, 0.066672, -0.204265, 0.111548, 0.011060]
  关节加速度: [-0.007256, 0.023360, -0.047209, 0.026906, 0.012457, -0.022668]

轨迹点 10:
  时间: 1.000000 秒
  关节位置: [-1.257904, 0.675826, 2.156019, -2.449875, -1.524898, 0.079101]
  关节速度: [-0.068438, -0.008083, 0.061912, -0.201510, 0.112690, 0.008728]
  关节加速度: [-0.006570, 0.022680, -0.047600, 0.027550, 0.011421, -0.023317]

轨迹点 11:
  时间: 1.100000 秒
  关节位置: [-1.264806, 0.675238, 2.161730, -2.469744, -1.513526, 0.079734]
  关节速度: [-0.069022, -0.005885, 0.057110, -0.198689, 0.113722, 0.006333]
  关节加速度: [-0.005841, 0.021980, -0.048019, 0.028211, 0.010320, -0.023949]

轨迹点 12:
  时间: 1.200000 秒
  关节位置: [-1.271759, 0.674862, 2.166957, -2.489324, -1.502062, 0.080122]
  关节速度: [-0.069529, -0.003759, 0.052264, -0.195800, 0.114637, 0.003877]
  关节加速度: [-0.005069, 0.021261, -0.048462, 0.028886, 0.009155, -0.024563]

轨迹点 13:
  时间: 1.300000 秒
  关节位置: [-1.278754, 0.674691, 2.171694, -2.508609, -1.490519, 0.080258]
  关节速度: [-0.069955, -0.001707, 0.047371, -0.192843, 0.115430, 0.001361]
  关节加速度: [-0.004257, 0.020525, -0.048927, 0.029573, 0.007929, -0.025156]

轨迹点 14:
  时间: 1.400000 秒
  关节位置: [-1.285784, 0.674718, 2.175937, -2.527590, -1.478910, 0.080137]
  关节速度: [-0.070295, 0.000270, 0.042430, -0.189816, 0.116095, -0.001211]
  关节加速度: [-0.003405, 0.019773, -0.049411, 0.030268, 0.006644, -0.025724]

轨迹点 15:
  时间: 1.500000 秒
  关节位置: [-1.292838, 0.674935, 2.179681, -2.546262, -1.467247, 0.079753]
  关节速度: [-0.070547, 0.002171, 0.037439, -0.186719, 0.116625, -0.003838]
  关节加速度: [-0.002517, 0.019009, -0.049911, 0.030968, 0.005301, -0.026265]

轨迹点 16:
  时间: 1.600000 秒
  关节位置: [-1.299909, 0.675335, 2.182920, -2.564617, -1.455546, 0.079102]
  关节速度: [-0.070706, 0.003995, 0.032396, -0.183552, 0.117015, -0.006515]
  关节加速度: [-0.001594, 0.018234, -0.050423, 0.031670, 0.003903, -0.026776]

轨迹点 17:
  时间: 1.700000 秒
  关节位置: [-1.306986, 0.675909, 2.185650, -2.582649, -1.443820, 0.078178]
  关节速度: [-0.070770, 0.005740, 0.027302, -0.180315, 0.117260, -0.009241]
  关节加速度: [-0.000639, 0.017452, -0.050945, 0.032370, 0.002455, -0.027254]

轨迹点 18:
  时间: 1.800000 秒
  关节位置: [-1.314060, 0.676649, 2.187866, -2.600350, -1.432084, 0.076977]
  关节速度: [-0.070736, 0.007407, 0.022155, -0.177009, 0.117356, -0.012010]
  关节加速度: [0.000345, 0.016667, -0.051473, 0.033064, 0.000959, -0.027694]

轨迹点 19:
  时间: 1.900000 秒
  关节位置: [-1.321120, 0.677549, 2.189561, -2.617713, -1.420354, 0.075495]
  关节速度: [-0.070600, 0.008995, 0.016954, -0.173634, 0.117298, -0.014820]
  关节加速度: [0.001354, 0.015881, -0.052002, 0.033749, -0.000579, -0.028095]

轨迹点 20:
  时间: 2.000000 秒
  关节位置: [-1.328156, 0.678599, 2.190731, -2.634732, -1.408646, 0.073728]
  关节速度: [-0.070362, 0.010505, 0.011701, -0.170192, 0.117083, -0.017665]
  关节加速度: [0.002384, 0.015099, -0.052530, 0.034421, -0.002154, -0.028451]

轨迹点 21:
  时间: 2.100000 秒
  关节位置: [-1.335158, 0.679793, 2.191371, -2.651401, -1.396975, 0.071674]
  关节速度: [-0.070019, 0.011937, 0.006396, -0.166685, 0.116707, -0.020541]
  关节加速度: [0.003430, 0.014326, -0.053053, 0.035075, -0.003762, -0.028760]

轨迹点 22:
  时间: 2.200000 秒
  关节位置: [-1.342115, 0.681122, 2.191475, -2.667712, -1.385358, 0.069330]
  关节速度: [-0.069570, 0.013294, 0.001039, -0.163114, 0.116167, -0.023443]
  关节加速度: [0.004490, 0.013565, -0.053567, 0.035708, -0.005397, -0.029018]

轨迹点 23:
  时间: 2.300000 秒
  关节位置: [-1.349016, 0.682580, 2.191038, -2.683660, -1.373812, 0.066693]
  关节速度: [-0.069014, 0.014576, -0.004367, -0.159482, 0.115462, -0.026365]
  关节加速度: [0.005556, 0.012822, -0.054068, 0.036317, -0.007052, -0.029222]

轨迹点 24:
  时间: 2.400000 秒
  关节位置: [-1.355851, 0.684159, 2.190056, -2.699240, -1.362353, 0.063763]
  关节速度: [-0.068352, 0.015786, -0.009823, -0.155792, 0.114590, -0.029302]
  关节加速度: [0.006626, 0.012101, -0.054552, 0.036898, -0.008720, -0.029367]

轨迹点 25:
  时间: 2.500000 秒
  关节位置: [-1.362610, 0.685851, 2.188523, -2.714444, -1.350998, 0.060538]
  关节速度: [-0.067582, 0.016927, -0.015324, -0.152047, 0.113550, -0.032247]
  关节加速度: [0.007693, 0.011406, -0.055017, 0.037448, -0.010395, -0.029452]

轨迹点 26:
  时间: 2.600000 秒
  关节位置: [-1.369280, 0.687651, 2.186436, -2.729269, -1.339764, 0.057019]
  关节速度: [-0.066707, 0.018001, -0.020870, -0.148251, 0.112344, -0.035194]
  关节加速度: [0.008753, 0.010743, -0.055459, 0.037964, -0.012069, -0.029471]

轨迹点 27:
  时间: 2.700000 秒
  关节位置: [-1.375853, 0.689553, 2.183791, -2.743710, -1.328667, 0.053205]
  关节速度: [-0.065727, 0.019013, -0.026458, -0.144407, 0.110970, -0.038136]
  关节加速度: [0.009799, 0.010116, -0.055875, 0.038443, -0.013736, -0.029423]

轨迹点 28:
  时间: 2.800000 秒
  关节位置: [-1.382318, 0.691549, 2.180582, -2.757762, -1.317724, 0.049099]
  关节速度: [-0.064644, 0.019966, -0.032084, -0.140518, 0.109431, -0.041067]
  关节加速度: [0.010828, 0.009530, -0.056263, 0.038885, -0.015387, -0.029305]

轨迹点 29:
  时间: 2.900000 秒
  关节位置: [-1.388664, 0.693636, 2.176808, -2.771421, -1.306951, 0.044701]
  关节速度: [-0.063461, 0.020864, -0.037746, -0.136590, 0.107730, -0.043978]
  关节加速度: [0.011833, 0.008987, -0.056619, 0.039287, -0.017015, -0.029114]

轨迹点 30:
  时间: 3.000000 秒
  关节位置: [-1.394882, 0.695807, 2.172464, -2.784683, -1.296364, 0.040015]
  关节速度: [-0.062180, 0.021714, -0.043440, -0.132625, 0.105868, -0.046863]
  关节加速度: [0.012810, 0.008493, -0.056941, 0.039648, -0.018613, -0.028848]

轨迹点 31:
  时间: 3.100000 秒
  关节位置: [-1.400962, 0.698059, 2.167547, -2.797546, -1.285979, 0.035043]
  关节速度: [-0.060805, 0.022519, -0.049163, -0.128628, 0.103851, -0.049713]
  关节加速度: [0.013753, 0.008051, -0.057229, 0.039968, -0.020173, -0.028505]

轨迹点 32:
  时间: 3.200000 秒
  关节位置: [-1.406896, 0.700387, 2.162056, -2.810007, -1.275811, 0.029791]
  关节速度: [-0.059339, 0.023285, -0.054911, -0.124603, 0.101682, -0.052522]
  关节加速度: [0.014658, 0.007662, -0.057481, 0.040248, -0.021687, -0.028083]

轨迹点 33:
  时间: 3.300000 秒
  关节位置: [-1.412675, 0.702789, 2.155988, -2.822062, -1.265874, 0.024263]
  关节速度: [-0.057787, 0.024018, -0.060681, -0.120554, 0.099368, -0.055280]
  关节加速度: [0.015520, 0.007331, -0.057696, 0.040488, -0.023148, -0.027583]

轨迹点 34:
  时间: 3.400000 秒
  关节位置: [-1.418290, 0.705262, 2.149341, -2.833711, -1.256183, 0.018465]
  关节速度: [-0.056154, 0.024724, -0.066468, -0.116485, 0.096913, -0.057980]
  关节加速度: [0.016336, 0.007059, -0.057874, 0.040689, -0.024550, -0.027004]

轨迹点 35:
  时间: 3.500000 秒
  关节位置: [-1.423734, 0.707802, 2.142114, -2.844951, -1.246750, 0.012404]
  关节速度: [-0.054443, 0.025409, -0.072270, -0.112400, 0.094324, -0.060615]
  关节加速度: [0.017101, 0.006847, -0.058015, 0.040854, -0.025886, -0.026345]

轨迹点 36:
  时间: 3.600000 秒
  关节位置: [-1.429001, 0.710410, 2.134306, -2.855781, -1.237589, 0.006086]
  关节速度: [-0.052662, 0.026078, -0.078082, -0.108301, 0.091609, -0.063176]
  关节加速度: [0.017813, 0.006696, -0.058121, 0.040985, -0.027151, -0.025608]

轨迹点 37:
  时间: 3.700000 秒
  关节位置: [-1.434082, 0.713084, 2.125916, -2.866200, -1.228712, -0.000479]
  关节速度: [-0.050815, 0.026739, -0.083901, -0.104193, 0.088775, -0.065655]
  关节加速度: [0.018468, 0.006607, -0.058192, 0.041085, -0.028337, -0.024795]

轨迹点 38:
  时间: 3.800000 秒
  关节位置: [-1.438973, 0.715824, 2.116944, -2.876208, -1.220129, -0.007284]
  关节速度: [-0.048909, 0.027397, -0.089724, -0.100077, 0.085831, -0.068046]
  关节加速度: [0.019065, 0.006580, -0.058232, 0.041157, -0.029442, -0.023907]

轨迹点 39:
  时间: 3.900000 秒
  关节位置: [-1.443668, 0.718630, 2.107389, -2.885803, -1.211850, -0.014318]
  关节速度: [-0.046949, 0.028059, -0.095548, -0.095957, 0.082785, -0.070341]
  关节加速度: [0.019601, 0.006615, -0.058242, 0.041205, -0.030459, -0.022948]

轨迹点 40:
  时间: 4.000000 秒
  关节位置: [-1.448162, 0.721503, 2.097252, -2.894987, -1.203886, -0.021571]
  关节速度: [-0.044941, 0.028729, -0.101371, -0.091834, 0.079646, -0.072533]
  关节加速度: [0.020074, 0.006709, -0.058227, 0.041232, -0.031386, -0.021920]

轨迹点 41:
  时间: 4.100000 秒
  关节位置: [-1.452451, 0.724444, 2.086533, -2.903758, -1.196243, -0.029033]
  关节速度: [-0.042893, 0.029416, -0.107190, -0.087709, 0.076424, -0.074615]
  关节加速度: [0.020485, 0.006863, -0.058189, 0.041244, -0.032220, -0.020828]

轨迹点 42:
  时间: 4.200000 秒
  关节位置: [-1.456532, 0.727457, 2.075232, -2.912116, -1.188930, -0.036691]
  关节速度: [-0.040810, 0.030123, -0.113003, -0.083585, 0.073129, -0.076583]
  关节加速度: [0.020832, 0.007074, -0.058134, 0.041244, -0.032957, -0.019676]

轨迹点 43:
  时间: 4.300000 秒
  关节位置: [-1.460402, 0.730542, 2.063351, -2.920062, -1.181953, -0.044534]
  关节速度: [-0.038698, 0.030857, -0.118810, -0.079461, 0.069769, -0.078430]
  关节加速度: [0.021116, 0.007341, -0.058065, 0.041237, -0.033597, -0.018470]

轨迹点 44:
  时间: 4.400000 秒
  关节位置: [-1.464059, 0.733705, 2.050891, -2.927596, -1.175318, -0.052549]
  关节速度: [-0.036564, 0.031623, -0.124609, -0.075338, 0.066355, -0.080152]
  关节加速度: [0.021337, 0.007661, -0.057990, 0.041227, -0.034137, -0.017215]

轨迹点 45:
  时间: 4.500000 秒
  关节位置: [-1.467500, 0.736947, 2.037851, -2.934718, -1.169028, -0.060724]
  关节速度: [-0.034415, 0.032427, -0.130400, -0.071216, 0.062897, -0.081743]
  关节加速度: [0.021496, 0.008033, -0.057912, 0.041219, -0.034579, -0.015918]

轨迹点 46:
  时间: 4.600000 秒
  关节位置: [-1.470726, 0.740275, 2.024232, -2.941427, -1.163088, -0.069044]
  关节速度: [-0.032255, 0.033272, -0.136184, -0.067095, 0.059405, -0.083202]
  关节加速度: [0.021595, 0.008454, -0.057840, 0.041216, -0.034922, -0.014585]

轨迹点 47:
  时间: 4.700000 秒
  关节位置: [-1.473735, 0.743691, 2.010036, -2.947724, -1.157499, -0.077496]
  关节速度: [-0.030092, 0.034164, -0.141962, -0.062972, 0.055888, -0.084524]
  关节加速度: [0.021634, 0.008922, -0.057779, 0.041224, -0.035168, -0.013223]

轨迹点 48:
  时间: 4.800000 秒
  关节位置: [-1.476528, 0.747202, 1.995262, -2.953609, -1.152263, -0.086067]
  关节速度: [-0.027930, 0.035108, -0.147736, -0.058848, 0.052357, -0.085708]
  关节加速度: [0.021617, 0.009435, -0.057736, 0.041246, -0.035318, -0.011839]

轨迹点 49:
  时间: 4.900000 秒
  关节位置: [-1.479105, 0.750812, 1.979912, -2.959081, -1.147381, -0.094742]
  关节速度: [-0.025776, 0.036107, -0.153507, -0.054719, 0.048819, -0.086752]
  关节加速度: [0.021546, 0.009990, -0.057719, 0.041286, -0.035374, -0.010439]

轨迹点 50:
  时间: 5.000000 秒
  关节位置: [-1.481469, 0.754529, 1.963984, -2.964140, -1.142853, -0.103508]
  关节速度: [-0.023633, 0.037165, -0.159281, -0.050584, 0.045285, -0.087655]
  关节加速度: [0.021423, 0.010587, -0.057737, 0.041349, -0.035339, -0.009032]

轨迹点 51:
  时间: 5.100000 秒
  关节位置: [-1.483578, 0.758279, 1.947819, -2.968693, -1.138758, -0.112169]
  关节速度: [-0.021092, 0.037498, -0.161648, -0.045538, 0.040950, -0.086614]
  关节加速度: [0.025412, 0.003325, -0.023671, 0.050464, -0.043355, 0.010413]

轨迹点 52:
  时间: 5.169880 秒
  关节位置: [-1.484141, 0.759346, 1.943209, -2.969914, -1.137657, -0.114607]
  关节速度: [0.000000, 0.000000, 0.000000, 0.000000, 0.000000, 0.000000]
  关节加速度: [0.000000, 0.000000, 0.000000, 0.000000, 0.000000, 0.000000]

