详细轨迹分析报告
====================
轨迹点数: 88
轨迹总时间: 8.675 秒
关节名称: 
  0: joint1
  1: joint2
  2: joint3
  3: joint4
  4: joint5
  5: joint6

详细轨迹点信息:
================
轨迹点 0:
  时间: 0.000000 秒
  关节位置: [-1.197267, 0.694915, 2.077949, -2.247363, -1.625462, 0.060529]
  关节速度: [0.000000, 0.000000, 0.000000, 0.000000, 0.000000, 0.000000]
  关节加速度: [0.000000, 0.000000, 0.000000, 0.000000, 0.000000, 0.000000]

轨迹点 1:
  时间: 0.100000 秒
  关节位置: [-1.200587, 0.692964, 2.086059, -2.253789, -1.629492, 0.057297]
  关节速度: [-0.033197, -0.019509, 0.081097, -0.064256, -0.040305, -0.032317]
  关节加速度: [-0.331973, -0.195093, 0.810973, -0.642563, -0.403049, -0.323173]

轨迹点 2:
  时间: 0.200000 秒
  关节位置: [-1.206656, 0.689590, 2.100350, -2.265149, -1.636667, 0.051524]
  关节速度: [-0.060691, -0.033747, 0.142914, -0.113607, -0.071741, -0.057727]
  关节加速度: [-0.274935, -0.142378, 0.618164, -0.493503, -0.314361, -0.254102]

轨迹点 3:
  时间: 0.300000 秒
  关节位置: [-1.212847, 0.686386, 2.114252, -2.276246, -1.643735, 0.045809]
  关节速度: [-0.061915, -0.032033, 0.139018, -0.110969, -0.070681, -0.057152]
  关节加速度: [-0.012243, 0.017139, -0.038956, 0.026374, 0.010599, 0.005753]

轨迹点 4:
  时间: 0.400000 秒
  关节位置: [-1.219163, 0.683349, 2.127769, -2.287080, -1.650694, 0.040152]
  关节速度: [-0.063164, -0.030374, 0.135167, -0.108334, -0.069597, -0.056571]
  关节加速度: [-0.012486, 0.016588, -0.038513, 0.026353, 0.010842, 0.005813]

轨迹点 5:
  时间: 0.500000 秒
  关节位置: [-1.225607, 0.680472, 2.140905, -2.297649, -1.657543, 0.034553]
  关节速度: [-0.064435, -0.028770, 0.131356, -0.105697, -0.068490, -0.055984]
  关节加速度: [-0.012716, 0.016040, -0.038111, 0.026370, 0.011072, 0.005870]

轨迹点 6:
  时间: 0.600000 秒
  关节位置: [-1.232180, 0.677750, 2.153663, -2.307955, -1.664279, 0.029014]
  关节速度: [-0.065728, -0.027221, 0.127581, -0.103054, -0.067361, -0.055392]
  关节加速度: [-0.012932, 0.015493, -0.037747, 0.026425, 0.011289, 0.005924]

轨迹点 7:
  时间: 0.700000 秒
  关节位置: [-1.238884, 0.675177, 2.166046, -2.317995, -1.670901, 0.023535]
  关节速度: [-0.067042, -0.025726, 0.123839, -0.100403, -0.066212, -0.054794]
  关节加速度: [-0.013134, 0.014948, -0.037421, 0.026516, 0.011492, 0.005976]

轨迹点 8:
  时间: 0.800000 秒
  关节位置: [-1.245721, 0.672749, 2.178059, -2.327769, -1.677405, 0.018116]
  关节速度: [-0.068374, -0.024286, 0.120126, -0.097738, -0.065044, -0.054192]
  关节加速度: [-0.013319, 0.014403, -0.037131, 0.026644, 0.011679, 0.006024]

轨迹点 9:
  时间: 0.900000 秒
  关节位置: [-1.252694, 0.670459, 2.189703, -2.337275, -1.683791, 0.012757]
  关节速度: [-0.069722, -0.022900, 0.116438, -0.095058, -0.063859, -0.053585]
  关节加速度: [-0.013486, 0.013857, -0.036875, 0.026808, 0.011848, 0.006067]

轨迹点 10:
  时间: 1.000000 秒
  关节位置: [-1.259802, 0.668302, 2.200980, -2.346510, -1.690057, 0.007460]
  关节速度: [-0.071086, -0.021569, 0.112773, -0.092357, -0.062659, -0.052974]
  关节加速度: [-0.013634, 0.013312, -0.036655, 0.027008, 0.012000, 0.006105]

轨迹点 11:
  时间: 1.100000 秒
  关节位置: [-1.267048, 0.666272, 2.211893, -2.355474, -1.696201, 0.002224]
  关节速度: [-0.072462, -0.020292, 0.109126, -0.089632, -0.061446, -0.052361]
  关节加速度: [-0.013762, 0.012767, -0.036467, 0.027244, 0.012132, 0.006136]

轨迹点 12:
  时间: 1.200000 秒
  关节位置: [-1.274433, 0.664365, 2.222442, -2.364162, -1.702223, -0.002951]
  关节速度: [-0.073849, -0.019070, 0.105495, -0.086881, -0.060221, -0.051745]
  关节加速度: [-0.013867, 0.012221, -0.036312, 0.027515, 0.012243, 0.006161]

轨迹点 13:
  时间: 1.300000 秒
  关节位置: [-1.281958, 0.662575, 2.232630, -2.372572, -1.708122, -0.008063]
  关节速度: [-0.075244, -0.017903, 0.101876, -0.084099, -0.058988, -0.051127]
  关节加速度: [-0.013948, 0.011674, -0.036189, 0.027820, 0.012333, 0.006178]

轨迹点 14:
  时间: 1.400000 秒
  关节位置: [-1.289622, 0.660896, 2.242457, -2.380700, -1.713897, -0.013114]
  关节速度: [-0.076644, -0.016790, 0.098266, -0.081283, -0.057748, -0.050508]
  关节加速度: [-0.014005, 0.011128, -0.036097, 0.028160, 0.012399, 0.006186]

轨迹点 15:
  时间: 1.500000 秒
  关节位置: [-1.297427, 0.659323, 2.251923, -2.388543, -1.719547, -0.018103]
  关节速度: [-0.078047, -0.015732, 0.094663, -0.078429, -0.056504, -0.049890]
  关节加速度: [-0.014035, 0.010582, -0.036035, 0.028534, 0.012441, 0.006184]

轨迹点 16:
  时间: 1.600000 秒
  关节位置: [-1.305372, 0.657850, 2.261029, -2.396096, -1.725073, -0.023031]
  关节速度: [-0.079451, -0.014728, 0.091062, -0.075535, -0.055258, -0.049273]
  关节加速度: [-0.014037, 0.010038, -0.036003, 0.028940, 0.012458, 0.006172]

轨迹点 17:
  时间: 1.700000 秒
  关节位置: [-1.313457, 0.656472, 2.269775, -2.403356, -1.730475, -0.027896]
  关节速度: [-0.080852, -0.013779, 0.087462, -0.072598, -0.054013, -0.048658]
  关节加速度: [-0.014010, 0.009495, -0.036000, 0.029378, 0.012448, 0.006149]

轨迹点 18:
  时间: 1.800000 秒
  关节位置: [-1.321682, 0.655184, 2.278161, -2.410317, -1.735752, -0.032701]
  关节速度: [-0.082247, -0.012883, 0.083860, -0.069613, -0.052772, -0.048047]
  关节加速度: [-0.013953, 0.008954, -0.036025, 0.029846, 0.012410, 0.006113]

轨迹点 19:
  时间: 1.900000 秒
  关节位置: [-1.330045, 0.653980, 2.286186, -2.416975, -1.740906, -0.037445]
  关节速度: [-0.083634, -0.012041, 0.080252, -0.066579, -0.051538, -0.047440]
  关节加速度: [-0.013864, 0.008418, -0.036078, 0.030344, 0.012344, 0.006065]

轨迹点 20:
  时间: 2.000000 秒
  关节位置: [-1.338546, 0.652854, 2.293850, -2.423324, -1.745937, -0.042129]
  关节速度: [-0.085008, -0.011253, 0.076636, -0.063492, -0.050313, -0.046840]
  关节加速度: [-0.013744, 0.007887, -0.036158, 0.030869, 0.012249, 0.006004]

轨迹点 21:
  时间: 2.100000 秒
  关节位置: [-1.347183, 0.651803, 2.301151, -2.429359, -1.750847, -0.046754]
  关节速度: [-0.086367, -0.010517, 0.073010, -0.060350, -0.049101, -0.046247]
  关节加速度: [-0.013590, 0.007362, -0.036263, 0.031419, 0.012124, 0.005928]

轨迹点 22:
  时间: 2.200000 秒
  关节位置: [-1.355954, 0.650820, 2.308088, -2.435074, -1.755637, -0.051320]
  关节速度: [-0.087707, -0.009832, 0.069371, -0.057150, -0.047904, -0.045663]
  关节加速度: [-0.013401, 0.006845, -0.036394, 0.031994, 0.011968, 0.005837]

轨迹点 23:
  时间: 2.300000 秒
  关节位置: [-1.364856, 0.649900, 2.314660, -2.440464, -1.760310, -0.055829]
  关节速度: [-0.089025, -0.009198, 0.065716, -0.053891, -0.046726, -0.045090]
  关节加速度: [-0.013179, 0.006338, -0.036548, 0.032589, 0.011781, 0.005730]

轨迹点 24:
  时间: 2.400000 秒
  关节位置: [-1.373888, 0.649038, 2.320864, -2.445521, -1.764867, -0.060282]
  关节速度: [-0.090317, -0.008614, 0.062043, -0.050571, -0.045570, -0.044529]
  关节加速度: [-0.012921, 0.005843, -0.036726, 0.033203, 0.011563, 0.005608]

轨迹点 25:
  时间: 2.500000 秒
  关节位置: [-1.383046, 0.648231, 2.326699, -2.450239, -1.769311, -0.064680]
  关节速度: [-0.091580, -0.008078, 0.058351, -0.047188, -0.044438, -0.043982]
  关节加速度: [-0.012628, 0.005363, -0.036926, 0.033832, 0.011313, 0.005470]

轨迹点 26:
  时间: 2.600000 秒
  关节位置: [-1.392327, 0.647472, 2.332163, -2.454614, -1.773644, -0.069025]
  关节速度: [-0.092810, -0.007588, 0.054636, -0.043741, -0.043335, -0.043451]
  关节加速度: [-0.012299, 0.004898, -0.037147, 0.034474, 0.011032, 0.005314]

轨迹点 27:
  时间: 2.700000 秒
  关节位置: [-1.401727, 0.646758, 2.337252, -2.458636, -1.777871, -0.073319]
  关节速度: [-0.094003, -0.007142, 0.050897, -0.040228, -0.042263, -0.042937]
  关节加速度: [-0.011935, 0.004453, -0.037387, 0.035125, 0.010719, 0.005142]

轨迹点 28:
  时间: 2.800000 秒
  关节位置: [-1.411243, 0.646084, 2.341966, -2.462301, -1.781993, -0.077563]
  关节速度: [-0.095157, -0.006739, 0.047133, -0.036650, -0.041226, -0.042442]
  关节加速度: [-0.011536, 0.004030, -0.037646, 0.035781, 0.010376, 0.004953]

轨迹点 29:
  时间: 2.900000 秒
  关节位置: [-1.420870, 0.645446, 2.346300, -2.465602, -1.786016, -0.081760]
  关节速度: [-0.096267, -0.006376, 0.043340, -0.033006, -0.040225, -0.041967]
  关节加速度: [-0.011102, 0.003631, -0.037923, 0.036438, 0.010001, 0.004746]

轨迹点 30:
  时间: 3.000000 秒
  关节位置: [-1.430603, 0.644841, 2.350252, -2.468532, -1.789942, -0.085911]
  关节速度: [-0.097331, -0.006051, 0.039519, -0.029297, -0.039266, -0.041515]
  关节加速度: [-0.010634, 0.003259, -0.038215, 0.037093, 0.009597, 0.004523]

轨迹点 31:
  时间: 3.100000 秒
  关节位置: [-1.440437, 0.644265, 2.353818, -2.471084, -1.793777, -0.090020]
  关节速度: [-0.098344, -0.005759, 0.035667, -0.025523, -0.038349, -0.041086]
  关节加速度: [-0.010134, 0.002917, -0.038522, 0.037740, 0.009165, 0.004283]

轨迹点 32:
  时间: 3.200000 秒
  关节位置: [-1.450367, 0.643715, 2.356997, -2.473253, -1.797525, -0.094088]
  关节速度: [-0.099304, -0.005498, 0.031782, -0.021685, -0.037479, -0.040684]
  关节加速度: [-0.009602, 0.002609, -0.038842, 0.038376, 0.008704, 0.004027]

轨迹点 33:
  时间: 3.300000 秒
  关节位置: [-1.460388, 0.643189, 2.359783, -2.475031, -1.801191, -0.098119]
  关节速度: [-0.100208, -0.005264, 0.027865, -0.017786, -0.036657, -0.040308]
  关节加速度: [-0.009039, 0.002337, -0.039173, 0.038995, 0.008217, 0.003755]

轨迹点 34:
  时间: 3.400000 秒
  关节位置: [-1.470494, 0.642683, 2.362174, -2.476414, -1.804779, -0.102115]
  关节速度: [-0.101053, -0.005054, 0.023914, -0.013826, -0.035887, -0.039961]
  关节加速度: [-0.008448, 0.002104, -0.039514, 0.039594, 0.007705, 0.003468]

轨迹点 35:
  时间: 3.500000 秒
  关节位置: [-1.480677, 0.642197, 2.364167, -2.477395, -1.808296, -0.106080]
  关节速度: [-0.101836, -0.004863, 0.019927, -0.009810, -0.035170, -0.039645]
  关节加速度: [-0.007830, 0.001912, -0.039863, 0.040168, 0.007170, 0.003166]

轨迹点 36:
  时间: 3.600000 秒
  关节位置: [-1.490933, 0.641729, 2.365758, -2.477969, -1.811747, -0.110016]
  关节速度: [-0.102555, -0.004686, 0.015905, -0.005739, -0.034508, -0.039360]
  关节加速度: [-0.007188, 0.001765, -0.040219, 0.040712, 0.006614, 0.002850]

轨迹点 37:
  时间: 3.700000 秒
  关节位置: [-1.501253, 0.641277, 2.366942, -2.478130, -1.815138, -0.113926]
  关节速度: [-0.103207, -0.004520, 0.011847, -0.001616, -0.033904, -0.039107]
  关节加速度: [-0.006523, 0.001665, -0.040580, 0.041221, 0.006039, 0.002522]

轨迹点 38:
  时间: 3.800000 秒
  关节位置: [-1.511632, 0.640841, 2.367718, -2.477875, -1.818474, -0.117815]
  关节速度: [-0.103791, -0.004358, 0.007753, 0.002553, -0.033360, -0.038889]
  关节加速度: [-0.005839, 0.001615, -0.040944, 0.041693, 0.005447, 0.002182]

轨迹点 39:
  时间: 3.900000 秒
  关节位置: [-1.522063, 0.640421, 2.368080, -2.477198, -1.821761, -0.121686]
  关节速度: [-0.104305, -0.004196, 0.003622, 0.006765, -0.032876, -0.038706]
  关节加速度: [-0.005137, 0.001616, -0.041310, 0.042122, 0.004840, 0.001831]

轨迹点 40:
  时间: 4.000000 秒
  关节位置: [-1.532538, 0.640018, 2.368025, -2.476097, -1.825007, -0.125542]
  关节速度: [-0.104747, -0.004029, -0.000546, 0.011016, -0.032453, -0.038559]
  关节加速度: [-0.004421, 0.001670, -0.041676, 0.042506, 0.004222, 0.001471]

轨迹点 41:
  时间: 4.100000 秒
  关节位置: [-1.543049, 0.639633, 2.367550, -2.474567, -1.828216, -0.129387]
  关节速度: [-0.105116, -0.003852, -0.004750, 0.015300, -0.032094, -0.038449]
  关节加速度: [-0.003694, 0.001778, -0.042040, 0.042840, 0.003594, 0.001103]

轨迹点 42:
  时间: 4.200000 秒
  关节位置: [-1.553590, 0.639267, 2.366651, -2.472606, -1.831396, -0.133224]
  关节速度: [-0.105412, -0.003658, -0.008990, 0.019612, -0.031798, -0.038376]
  关节加速度: [-0.002959, 0.001942, -0.042402, 0.043123, 0.002960, 0.000728]

轨迹点 43:
  时间: 4.300000 秒
  关节位置: [-1.564154, 0.638923, 2.365325, -2.470211, -1.834552, -0.137058]
  关节速度: [-0.105634, -0.003441, -0.013266, 0.023947, -0.031566, -0.038341]
  关节加速度: [-0.002218, 0.002161, -0.042760, 0.043352, 0.002322, 0.000348]

轨迹点 44:
  时间: 4.400000 秒
  关节位置: [-1.574732, 0.638603, 2.363567, -2.467381, -1.837692, -0.140893]
  关节速度: [-0.105781, -0.003198, -0.017577, 0.028300, -0.031397, -0.038345]
  关节加速度: [-0.001475, 0.002436, -0.043112, 0.043525, 0.001683, -0.000035]

轨迹点 45:
  时间: 4.500000 秒
  关节位置: [-1.585317, 0.638311, 2.361375, -2.464115, -1.840821, -0.144732]
  关节速度: [-0.105855, -0.002921, -0.021923, 0.032664, -0.031293, -0.038387]
  关节加速度: [-0.000733, 0.002768, -0.043458, 0.043640, 0.001047, -0.000422]

轨迹点 46:
  时间: 4.600000 秒
  关节位置: [-1.595903, 0.638051, 2.358745, -2.460411, -1.843946, -0.148578]
  关节速度: [-0.105854, -0.002606, -0.026303, 0.037034, -0.031251, -0.038468]
  关节加速度: [0.000004, 0.003153, -0.043796, 0.043699, 0.000415, -0.000809]

轨迹点 47:
  时间: 4.700000 秒
  关节位置: [-1.606481, 0.637826, 2.355673, -2.456271, -1.847074, -0.152437]
  关节速度: [-0.105781, -0.002246, -0.030715, 0.041404, -0.031272, -0.038587]
  关节加速度: [0.000734, 0.003593, -0.044126, 0.043700, -0.000209, -0.001195]

轨迹点 48:
  时间: 4.800000 秒
  关节位置: [-1.617044, 0.637642, 2.352157, -2.451694, -1.850209, -0.156312]
  关节速度: [-0.105636, -0.001838, -0.035160, 0.045768, -0.031355, -0.038745]
  关节加速度: [0.001453, 0.004084, -0.044447, 0.043644, -0.000823, -0.001580]

轨迹点 49:
  时间: 4.900000 秒
  关节位置: [-1.627586, 0.637505, 2.348193, -2.446682, -1.853359, -0.160206]
  关节速度: [-0.105420, -0.001376, -0.039636, 0.050121, -0.031497, -0.038941]
  关节加速度: [0.002159, 0.004624, -0.044759, 0.043532, -0.001424, -0.001961]

轨迹点 50:
  时间: 5.000000 秒
  关节位置: [-1.638100, 0.637419, 2.343779, -2.441236, -1.856529, -0.164123]
  关节速度: [-0.105135, -0.000855, -0.044142, 0.054458, -0.031698, -0.039175]
  关节加速度: [0.002849, 0.005212, -0.045061, 0.043367, -0.002010, -0.002337]

轨迹点 51:
  时间: 5.100000 秒
  关节位置: [-1.648578, 0.637392, 2.338912, -2.435359, -1.859724, -0.168068]
  关节速度: [-0.104783, -0.000270, -0.048677, 0.058773, -0.031956, -0.039446]
  关节加速度: [0.003519, 0.005843, -0.045352, 0.043151, -0.002577, -0.002708]

轨迹点 52:
  时间: 5.200000 秒
  关节位置: [-1.659015, 0.637430, 2.333588, -2.429053, -1.862951, -0.172043]
  关节速度: [-0.104366, 0.000381, -0.053241, 0.063062, -0.032268, -0.039753]
  关节加速度: [0.004168, 0.006515, -0.045634, 0.042887, -0.003124, -0.003071]

轨迹点 53:
  时间: 5.300000 秒
  关节位置: [-1.669403, 0.637541, 2.327804, -2.422321, -1.866214, -0.176053]
  关节速度: [-0.103887, 0.001104, -0.057831, 0.067319, -0.032633, -0.040095]
  关节加速度: [0.004793, 0.007224, -0.045906, 0.042578, -0.003649, -0.003426]

轨迹点 54:
  时间: 5.400000 秒
  关节位置: [-1.679738, 0.637731, 2.321560, -2.415167, -1.869519, -0.180100]
  关节速度: [-0.103348, 0.001900, -0.062448, 0.071542, -0.033048, -0.040473]
  关节加速度: [0.005392, 0.007966, -0.046169, 0.042228, -0.004150, -0.003772]

轨迹点 55:
  时间: 5.500000 秒
  关节位置: [-1.690013, 0.638008, 2.314851, -2.407594, -1.872870, -0.184188]
  关节速度: [-0.102751, 0.002774, -0.067090, 0.075726, -0.033511, -0.040884]
  关节加速度: [0.005964, 0.008737, -0.046424, 0.041842, -0.004626, -0.004108]

轨迹点 56:
  时间: 5.600000 秒
  关节位置: [-1.700223, 0.638381, 2.307675, -2.399607, -1.876272, -0.188321]
  关节速度: [-0.102101, 0.003727, -0.071757, 0.079869, -0.034018, -0.041327]
  关节加速度: [0.006506, 0.009533, -0.046670, 0.041424, -0.005074, -0.004433]

轨迹点 57:
  时间: 5.700000 秒
  关节位置: [-1.710363, 0.638857, 2.300030, -2.391210, -1.879729, -0.192501]
  关节速度: [-0.101399, 0.004762, -0.076448, 0.083967, -0.034567, -0.041802]
  关节加速度: [0.007017, 0.010351, -0.046910, 0.040979, -0.005494, -0.004747]

轨迹点 58:
  时间: 5.800000 秒
  关节位置: [-1.720428, 0.639445, 2.291914, -2.382409, -1.883244, -0.196732]
  关节速度: [-0.100649, 0.005881, -0.081163, 0.088018, -0.035156, -0.042306]
  关节加速度: [0.007496, 0.011185, -0.047144, 0.040512, -0.005884, -0.005048]

轨迹点 59:
  时间: 5.900000 秒
  关节位置: [-1.730414, 0.640154, 2.283324, -2.373207, -1.886822, -0.201016]
  关节速度: [-0.099855, 0.007084, -0.085900, 0.092021, -0.035780, -0.042840]
  关节加速度: [0.007943, 0.012031, -0.047374, 0.040029, -0.006244, -0.005337]

轨迹点 60:
  时间: 6.000000 秒
  关节位置: [-1.740316, 0.640991, 2.274258, -2.363609, -1.890466, -0.205356]
  关节速度: [-0.099020, 0.008373, -0.090660, 0.095974, -0.036438, -0.043401]
  关节加速度: [0.008356, 0.012887, -0.047601, 0.039535, -0.006573, -0.005613]

轨迹点 61:
  时间: 6.100000 秒
  关节位置: [-1.750130, 0.641966, 2.264713, -2.353621, -1.894179, -0.209755]
  关节速度: [-0.098146, 0.009747, -0.095443, 0.099878, -0.037125, -0.043989]
  关节加速度: [0.008735, 0.013747, -0.047828, 0.039036, -0.006872, -0.005876]

轨迹点 62:
  时间: 6.200000 秒
  关节位置: [-1.759854, 0.643086, 2.254689, -2.343248, -1.897962, -0.214215]
  关节速度: [-0.097238, 0.011208, -0.100249, 0.103731, -0.037839, -0.044602]
  关节加速度: [0.009081, 0.014609, -0.048055, 0.038535, -0.007139, -0.006126]

轨迹点 63:
  时间: 6.300000 秒
  关节位置: [-1.769484, 0.644362, 2.244181, -2.332495, -1.901820, -0.218739]
  关节速度: [-0.096299, 0.012755, -0.105077, 0.107535, -0.038576, -0.045238]
  关节加速度: [0.009392, 0.015469, -0.048286, 0.038040, -0.007375, -0.006363]

轨迹点 64:
  时间: 6.400000 秒
  关节位置: [-1.779017, 0.645801, 2.233188, -2.321366, -1.905753, -0.223328]
  关节速度: [-0.095332, 0.014387, -0.109929, 0.111291, -0.039334, -0.045897]
  关节加速度: [0.009670, 0.016324, -0.048521, 0.037554, -0.007580, -0.006587]

轨迹点 65:
  时间: 6.500000 秒
  关节位置: [-1.788451, 0.647411, 2.221707, -2.309866, -1.909764, -0.227986]
  关节速度: [-0.094340, 0.016105, -0.114806, 0.114999, -0.040110, -0.046577]
  关节加速度: [0.009915, 0.017172, -0.048765, 0.037083, -0.007754, -0.006799]

轨迹点 66:
  时间: 6.600000 秒
  关节位置: [-1.797784, 0.649202, 2.209737, -2.297999, -1.913854, -0.232714]
  关节速度: [-0.093328, 0.017906, -0.119708, 0.118662, -0.040899, -0.047276]
  关节加速度: [0.010127, 0.018010, -0.049018, 0.036631, -0.007899, -0.006998]

轨迹点 67:
  时间: 6.700000 秒
  关节位置: [-1.807014, 0.651181, 2.197273, -2.285771, -1.918024, -0.237513]
  关节速度: [-0.092297, 0.019789, -0.124636, 0.122282, -0.041701, -0.047995]
  关节加速度: [0.010308, 0.018837, -0.049285, 0.036203, -0.008015, -0.007184]

轨迹点 68:
  时间: 6.800000 秒
  关节位置: [-1.816139, 0.653356, 2.184314, -2.273185, -1.922276, -0.242386]
  关节速度: [-0.091251, 0.021755, -0.129593, 0.125863, -0.042511, -0.048731]
  关节加速度: [0.010458, 0.019652, -0.049567, 0.035803, -0.008102, -0.007359]

轨迹点 69:
  时间: 6.900000 秒
  关节位置: [-1.825158, 0.655736, 2.170856, -2.260244, -1.926608, -0.247335]
  关节速度: [-0.090193, 0.023800, -0.134579, 0.129406, -0.043327, -0.049483]
  关节加速度: [0.010578, 0.020452, -0.049867, 0.035435, -0.008161, -0.007523]

轨迹点 70:
  时间: 7.000000 秒
  关节位置: [-1.834071, 0.658328, 2.156896, -2.246953, -1.931023, -0.252360]
  关节速度: [-0.089126, 0.025924, -0.139598, 0.132917, -0.044147, -0.050251]
  关节加速度: [0.010670, 0.021238, -0.050190, 0.035103, -0.008194, -0.007676]

轨迹点 71:
  时间: 7.100000 秒
  关节位置: [-1.842876, 0.661141, 2.142431, -2.233313, -1.935520, -0.257463]
  关节速度: [-0.088053, 0.028124, -0.144652, 0.136398, -0.044967, -0.051033]
  关节加速度: [0.010735, 0.022010, -0.050537, 0.034810, -0.008202, -0.007819]

轨迹点 72:
  时间: 7.200000 秒
  关节位置: [-1.851573, 0.664181, 2.127456, -2.219328, -1.940098, -0.262646]
  关节速度: [-0.086975, 0.030401, -0.149744, 0.139853, -0.045785, -0.051828]
  关节加速度: [0.010774, 0.022767, -0.050914, 0.034560, -0.008186, -0.007952]

轨迹点 73:
  时间: 7.300000 秒
  关节位置: [-1.860163, 0.667456, 2.111969, -2.204999, -1.944758, -0.267909]
  关节速度: [-0.085896, 0.032752, -0.154876, 0.143289, -0.046600, -0.052636]
  关节加速度: [0.010789, 0.023510, -0.051322, 0.034355, -0.008147, -0.008077]

轨迹点 74:
  时间: 7.400000 秒
  关节位置: [-1.868645, 0.670974, 2.095964, -2.190328, -1.949499, -0.273255]
  关节速度: [-0.084818, 0.035176, -0.160052, 0.146709, -0.047409, -0.053455]
  关节加速度: [0.010780, 0.024240, -0.051767, 0.034200, -0.008087, -0.008194]

轨迹点 75:
  时间: 7.500000 秒
  关节位置: [-1.877019, 0.674741, 2.079436, -2.175316, -1.954320, -0.278683]
  关节速度: [-0.083743, 0.037672, -0.165278, 0.150119, -0.048209, -0.054285]
  关节加速度: [0.010750, 0.024959, -0.052253, 0.034096, -0.008006, -0.008302]

轨迹点 76:
  时间: 7.600000 秒
  关节位置: [-1.885286, 0.678765, 2.062380, -2.159964, -1.959220, -0.284196]
  关节速度: [-0.082673, 0.040239, -0.170556, 0.153523, -0.049000, -0.055126]
  关节加速度: [0.010700, 0.025669, -0.052783, 0.034046, -0.007906, -0.008404]

轨迹点 77:
  时间: 7.700000 秒
  关节位置: [-1.893447, 0.683052, 2.044791, -2.144271, -1.964198, -0.289793]
  关节速度: [-0.081610, 0.042876, -0.175892, 0.156928, -0.049779, -0.055976]
  关节加速度: [0.010632, 0.026371, -0.053364, 0.034054, -0.007788, -0.008500]

轨迹点 78:
  时间: 7.800000 秒
  关节位置: [-1.901503, 0.687611, 2.026662, -2.128237, -1.969252, -0.295477]
  关节速度: [-0.080555, 0.045583, -0.181292, 0.160341, -0.050544, -0.056835]
  关节加速度: [0.010546, 0.027068, -0.053999, 0.034121, -0.007654, -0.008590]

轨迹点 79:
  时间: 7.900000 秒
  关节位置: [-1.909454, 0.692447, 2.007985, -2.111860, -1.974382, -0.301247]
  关节速度: [-0.079511, 0.048359, -0.186762, 0.163766, -0.051295, -0.057702]
  关节加速度: [0.010445, 0.027764, -0.054695, 0.034251, -0.007505, -0.008676]

轨迹点 80:
  时间: 8.000000 秒
  关节位置: [-1.917302, 0.697567, 1.988755, -2.095139, -1.979585, -0.307105]
  关节速度: [-0.078478, 0.051205, -0.192308, 0.167210, -0.052029, -0.058578]
  关节加速度: [0.010329, 0.028461, -0.055458, 0.034446, -0.007342, -0.008757]

轨迹点 81:
  时间: 8.100000 秒
  关节位置: [-1.925048, 0.702979, 1.968961, -2.078071, -1.984859, -0.313051]
  关节速度: [-0.077458, 0.054122, -0.197937, 0.170681, -0.052746, -0.059461]
  关节加速度: [0.010200, 0.029163, -0.056295, 0.034710, -0.007166, -0.008834]

轨迹点 82:
  时间: 8.200000 秒
  关节位置: [-1.932693, 0.708690, 1.948595, -2.060652, -1.990204, -0.319086]
  关节速度: [-0.076452, 0.057109, -0.203659, 0.174186, -0.053444, -0.060352]
  关节加速度: [0.010060, 0.029874, -0.057212, 0.035046, -0.006979, -0.008908]

轨迹点 83:
  时间: 8.300000 秒
  关节位置: [-1.940239, 0.714707, 1.927647, -2.042879, -1.995616, -0.325211]
  关节速度: [-0.075461, 0.060169, -0.209480, 0.177731, -0.054122, -0.061250]
  关节加速度: [0.009909, 0.030600, -0.058218, 0.035456, -0.006780, -0.008980]

轨迹点 84:
  时间: 8.400000 秒
  关节位置: [-1.947688, 0.721038, 1.906106, -2.024747, -2.001094, -0.331427]
  关节速度: [-0.074486, 0.063303, -0.215413, 0.181326, -0.054779, -0.062155]
  关节加速度: [0.009750, 0.031344, -0.059322, 0.035946, -0.006573, -0.009050]

轨迹点 85:
  时间: 8.500000 秒
  关节位置: [-1.955040, 0.727689, 1.883959, -2.006249, -2.006635, -0.337733]
  关节速度: [-0.073528, 0.066515, -0.221466, 0.184978, -0.055415, -0.063067]
  关节加速度: [0.009582, 0.032112, -0.060534, 0.036520, -0.006357, -0.009118]

轨迹点 86:
  时间: 8.600000 秒
  关节位置: [-1.962224, 0.734596, 1.861433, -1.987576, -2.012180, -0.344065]
  关节速度: [-0.071841, 0.069067, -0.225266, 0.186726, -0.055445, -0.063319]
  关节加速度: [0.016867, 0.025521, -0.038000, 0.017475, -0.000308, -0.002521]

轨迹点 87:
  时间: 8.675330 秒
  关节位置: [-1.964527, 0.736876, 1.854068, -1.981494, -2.013977, -0.346122]
  关节速度: [0.000000, 0.000000, 0.000000, 0.000000, 0.000000, 0.000000]
  关节加速度: [0.000000, 0.000000, 0.000000, 0.000000, 0.000000, 0.000000]

