详细轨迹分析报告
====================
轨迹点数: 101
轨迹总时间: 3.000 秒
关节名称: 
  0: joint1
  1: joint2
  2: joint3
  3: joint4
  4: joint5
  5: joint6

详细轨迹点信息:
================
轨迹点 0:
  时间: 0.000000 秒
  关节位置: [-1.965506, 0.737079, 1.853667, -1.980944, -2.013542, -0.346040]
  关节速度: [0.000000, 0.000000, 0.000000, 0.000000, 0.000000, 0.000000]
  关节加速度: [0.000000, 0.000000, 0.000000, 0.000000, 0.000000, 0.000000]

轨迹点 1:
  时间: 0.030000 秒
  关节位置: [-1.965501, 0.732916, 1.853344, -1.976459, -2.013544, -0.346041]
  关节速度: [0.001911, -1.822486, -0.141515, 1.963323, -0.000851, -0.000168]
  关节加速度: [0.247819, -236.302977, -18.348747, 254.563925, -0.110326, -0.021797]

轨迹点 2:
  时间: 0.060000 秒
  关节位置: [-1.965493, 0.724890, 1.852721, -1.967813, -2.013548, -0.346042]
  关节速度: [0.000828, -0.789139, -0.061276, 0.850122, -0.000368, -0.000073]
  关节加速度: [-0.488980, 466.257226, 36.204521, -502.288505, 0.217688, 0.043009]

轨迹点 3:
  时间: 0.090000 秒
  关节位置: [-1.965490, 0.721833, 1.852429, -1.964466, -2.013550, -0.346042]
  关节速度: [0.001019, -0.959344, -0.102764, 1.061747, -0.000454, -0.000090]
  关节加速度: [0.251185, -236.071833, -26.444887, 262.427730, -0.111826, -0.022092]

轨迹点 4:
  时间: 0.120000 秒
  关节位置: [-1.965474, 0.707600, 1.850872, -1.948681, -2.013556, -0.346043]
  关节速度: [0.001712, -1.609801, -0.177307, 1.786502, -0.000762, -0.000151]
  关节加速度: [-0.155750, 146.527354, 16.059021, -162.531195, 0.069339, 0.013699]

轨迹点 5:
  时间: 0.150000 秒
  关节位置: [-1.965467, 0.700702, 1.850113, -1.941026, -2.013560, -0.346044]
  关节速度: [0.000296, -0.277873, -0.032519, 0.310287, -0.000132, -0.000026]
  关节加速度: [0.095451, -87.927227, -13.858048, 101.751459, -0.042496, -0.008394]

轨迹点 6:
  时间: 0.180000 秒
  关节位置: [-1.965457, 0.691295, 1.848725, -1.930236, -2.013564, -0.346045]
  关节速度: [0.001859, -1.715946, -0.261378, 1.976666, -0.000827, -0.000163]
  关节加速度: [0.053327, -48.875855, -8.273000, 57.129963, -0.023742, -0.004690]

轨迹点 7:
  时间: 0.210000 秒
  关节位置: [-1.965444, 0.679287, 1.846886, -1.916392, -2.013570, -0.346046]
  关节速度: [0.000608, -0.561142, -0.085698, 0.646624, -0.000271, -0.000053]
  关节加速度: [-0.204577, 188.699004, 29.165794, -217.792322, 0.091080, 0.017991]

轨迹点 8:
  时间: 0.240000 秒
  关节位置: [-1.965439, 0.674649, 1.846072, -1.910943, -2.013572, -0.346046]
  关节速度: [0.001274, -1.154986, -0.221360, 1.375894, -0.000567, -0.000112]
  关节加速度: [0.213523, -192.677424, -38.976143, 231.577923, -0.095065, -0.018776]

轨迹点 9:
  时间: 0.270000 秒
  关节位置: [-1.965424, 0.660799, 1.843367, -1.894392, -2.013579, -0.346048]
  关节速度: [0.001472, -1.331913, -0.261989, 1.593380, -0.000655, -0.000129]
  关节加速度: [-0.187220, 169.394696, 33.265980, -202.594350, 0.083354, 0.016463]

轨迹点 10:
  时间: 0.300000 秒
  关节位置: [-1.965418, 0.655433, 1.842310, -1.887971, -2.013582, -0.346048]
  关节速度: [0.000424, -0.380383, -0.082091, 0.462323, -0.000189, -0.000037]
  关节加速度: [0.159224, -140.643873, -34.729358, 175.316824, -0.070892, -0.014001]

轨迹点 11:
  时间: 0.330000 秒
  关节位置: [-1.965406, 0.645070, 1.839853, -1.875155, -2.013587, -0.346049]
  关节速度: [0.001868, -1.654521, -0.398854, 2.052714, -0.000832, -0.000164]
  关节加速度: [-0.000521, 0.757433, -0.445956, -0.311292, 0.000232, 0.000046]

轨迹点 12:
  时间: 0.360000 秒
  关节位置: [-1.965394, 0.634753, 1.837360, -1.862351, -2.013592, -0.346050]
  关节速度: [0.000421, -0.373274, -0.089631, 0.462756, -0.000188, -0.000037]
  关节加速度: [-0.158172, 139.971247, 34.012895, -173.928108, 0.070423, 0.013908]

轨迹点 13:
  时间: 0.390000 秒
  关节位置: [-1.965388, 0.629556, 1.835945, -1.855741, -2.013595, -0.346051]
  关节速度: [0.001463, -1.268258, -0.361844, 1.629584, -0.000652, -0.000129]
  关节加速度: [0.183178, -157.936235, -46.771355, 204.642699, -0.081559, -0.016106]

轨迹点 14:
  时间: 0.420000 秒
  关节位置: [-1.965373, 0.616326, 1.832133, -1.838704, -2.013601, -0.346052]
  关节速度: [0.001259, -1.089189, -0.315041, 1.403783, -0.000561, -0.000111]
  关节加速度: [-0.210017, 181.651281, 52.601480, -234.178362, 0.093508, 0.018466]

轨迹点 15:
  时间: 0.450000 秒
  关节位置: [-1.965368, 0.611938, 1.830850, -1.833035, -2.013604, -0.346053]
  关节速度: [0.000605, -0.515023, -0.165042, 0.679852, -0.000269, -0.000053]
  关节加速度: [0.197979, -166.577343, -57.430266, 223.937476, -0.088151, -0.017406]

轨迹点 16:
  时间: 0.480000 秒
  关节位置: [-1.965355, 0.600922, 1.827158, -1.818331, -2.013610, -0.346054]
  关节速度: [0.001825, -1.540072, -0.521414, 2.060840, -0.000813, -0.000160]
  关节加速度: [-0.052719, 44.728449, 14.665746, -59.375519, 0.023473, 0.004635]

轨迹点 17:
  时间: 0.510000 秒
  关节位置: [-1.965345, 0.592375, 1.824263, -1.806892, -2.013614, -0.346055]
  关节速度: [0.000293, -0.247331, -0.083050, 0.330277, -0.000130, -0.000026]
  关节加速度: [-0.089812, 75.748016, 25.746964, -101.463164, 0.039989, 0.007896]

轨迹点 18:
  时间: 0.540000 秒
  关节位置: [-1.965338, 0.586435, 1.822018, -1.798710, -2.013617, -0.346055]
  关节速度: [0.001618, -1.331053, -0.517316, 1.847796, -0.000720, -0.000142]
  关节加速度: [0.143729, -117.527488, -47.113734, 164.590308, -0.063998, -0.012635]

轨迹点 19:
  时间: 0.570000 秒
  关节位置: [-1.965323, 0.574215, 1.817241, -1.781718, -2.013624, -0.346056]
  关节速度: [0.001031, -0.846878, -0.331666, 1.178179, -0.000459, -0.000091]
  关节加速度: [-0.219234, 180.007530, 70.676915, -250.606784, 0.097617, 0.019273]

轨迹点 20:
  时间: 0.600000 秒
  关节位置: [-1.965318, 0.570416, 1.815716, -1.776395, -2.013626, -0.346057]
  关节速度: [0.000813, -0.653632, -0.283485, 0.936829, -0.000362, -0.000071]
  关节加速度: [0.215017, -171.052345, -77.709978, 248.686158, -0.095742, -0.018901]

轨迹点 21:
  时间: 0.630000 秒
  关节位置: [-1.965304, 0.559125, 1.810699, -1.760093, -2.013632, -0.346058]
  关节速度: [0.001732, -1.382605, -0.618530, 2.000522, -0.000771, -0.000152]
  关节加速度: [-0.100605, 80.485164, 35.668574, -116.118101, 0.044797, 0.008844]

轨迹点 22:
  时间: 0.660000 秒
  关节位置: [-1.965295, 0.552277, 1.807637, -1.750186, -2.013636, -0.346059]
  关节速度: [0.000246, -0.196535, -0.087124, 0.283572, -0.000109, -0.000022]
  关节加速度: [0.001995, -1.482661, -0.876783, 2.358737, -0.000888, -0.000175]

轨迹点 23:
  时间: 0.690000 秒
  关节位置: [-1.965287, 0.545551, 1.804304, -1.740130, -2.013640, -0.346060]
  关节速度: [0.001729, -1.340264, -0.676476, 2.016127, -0.000770, -0.000152]
  关节加速度: [0.098007, -75.349703, -39.238226, 114.553213, -0.043641, -0.008615]

轨迹点 24:
  时间: 0.720000 秒
  关节位置: [-1.965273, 0.534648, 1.798781, -1.723709, -2.013646, -0.346061]
  关节速度: [0.000802, -0.621034, -0.314666, 0.935416, -0.000357, -0.000071]
  关节加速度: [-0.212883, 164.678368, 83.749381, -248.352341, 0.094794, 0.018712]

轨迹点 25:
  时间: 0.750000 秒
  关节位置: [-1.965268, 0.531073, 1.796892, -1.718247, -2.013648, -0.346061]
  关节速度: [0.001029, -0.775175, -0.434078, 1.208889, -0.000458, -0.000090]
  关节加速度: [0.213828, -159.542743, -92.379081, 251.846084, -0.095217, -0.018794]

轨迹点 26:
  时间: 0.780000 秒
  关节位置: [-1.965253, 0.519911, 1.790550, -1.700748, -2.013655, -0.346063]
  关节速度: [0.001594, -1.194117, -0.681648, 1.875200, -0.000710, -0.000140]
  关节加速度: [-0.141865, 106.388229, 60.529383, -166.867362, 0.063172, 0.012469]

轨迹点 27:
  时间: 0.810000 秒
  关节位置: [-1.965246, 0.514560, 1.787499, -1.692349, -2.013658, -0.346063]
  关节速度: [0.000295, -0.220131, -0.127563, 0.347589, -0.000131, -0.000026]
  关节加速度: [0.089170, -64.234905, -41.633691, 105.837012, -0.039708, -0.007837]

轨迹点 28:
  时间: 0.840000 秒
  关节位置: [-1.965236, 0.507151, 1.782836, -1.680281, -2.013663, -0.346064]
  关节速度: [0.001791, -1.297310, -0.827047, 2.123722, -0.000798, -0.000157]
  关节加速度: [0.048715, -34.775068, -23.176557, 57.934370, -0.021693, -0.004281]

轨迹点 29:
  时间: 0.870000 秒
  关节位置: [-1.965223, 0.497766, 1.776840, -1.664904, -2.013668, -0.346065]
  关节速度: [0.000589, -0.426519, -0.272123, 0.698434, -0.000262, -0.000052]
  关节加速度: [-0.188994, 136.610084, 87.603682, -224.146823, 0.084160, 0.016610]

轨迹点 30:
  时间: 0.900000 秒
  关节位置: [-1.965218, 0.494118, 1.774373, -1.658790, -2.013671, -0.346066]
  关节速度: [0.001235, -0.864704, -0.609162, 1.473429, -0.000550, -0.000109]
  关节加速度: [0.197584, -137.042655, -99.178064, 236.150735, -0.087988, -0.017364]

轨迹点 31:
  时间: 0.930000 秒
  关节位置: [-1.965202, 0.483470, 1.766802, -1.640577, -2.013677, -0.346067]
  关节速度: [0.001418, -0.988239, -0.705080, 1.692817, -0.000631, -0.000125]
  关节加速度: [-0.174158, 121.432644, 86.578720, -207.949677, 0.077556, 0.015305]

轨迹点 32:
  时间: 0.960000 秒
  关节位置: [-1.965197, 0.479322, 1.763841, -1.633470, -2.013680, -0.346068]
  关节速度: [0.000420, -0.287979, -0.215009, 0.502839, -0.000187, -0.000037]
  关节加速度: [0.148691, -99.169264, -79.675091, 178.791690, -0.066216, -0.013066]

轨迹点 33:
  时间: 0.990000 秒
  关节位置: [-1.965185, 0.471454, 1.757665, -1.619430, -2.013685, -0.346069]
  关节速度: [0.001801, -1.207589, -0.956779, 2.163730, -0.000802, -0.000158]
  关节加速度: [-0.001451, 1.371837, 0.260845, -1.632168, 0.000646, 0.000128]

轨迹点 34:
  时间: 1.020000 秒
  关节位置: [-1.965173, 0.463674, 1.751494, -1.605483, -2.013690, -0.346070]
  关节速度: [0.000411, -0.275872, -0.218046, 0.493773, -0.000183, -0.000036]
  关节加速度: [-0.145764, 97.566970, 77.657105, -175.172446, 0.064913, 0.012809]

轨迹点 35:
  时间: 1.050000 秒
  关节位置: [-1.965167, 0.459748, 1.748160, -1.598226, -2.013693, -0.346070]
  关节速度: [0.001416, -0.913080, -0.797877, 1.710455, -0.000631, -0.000124]
  关节加速度: [0.169319, -108.076020, -96.741491, 204.757541, -0.075405, -0.014878]

轨迹点 36:
  时间: 1.080000 秒
  关节位置: [-1.965152, 0.449953, 1.739546, -1.579822, -2.013700, -0.346071]
  关节速度: [0.001213, -0.779303, -0.686892, 1.465766, -0.000540, -0.000107]
  关节加速度: [-0.195154, 125.324847, 110.557962, -235.813689, 0.086910, 0.017148]

轨迹点 37:
  时间: 1.110000 秒
  关节位置: [-1.965147, 0.446675, 1.736638, -1.573638, -2.013702, -0.346072]
  关节速度: [0.000593, -0.370752, -0.348706, 0.719248, -0.000264, -0.000052]
  关节加速度: [0.183930, -112.372933, -111.176841, 223.484631, -0.081913, -0.016161]

轨迹点 38:
  时间: 1.140000 秒
  关节位置: [-1.965134, 0.438644, 1.728852, -1.557825, -2.013708, -0.346073]
  关节速度: [0.001757, -1.079811, -1.054480, 2.133669, -0.000783, -0.000154]
  关节加速度: [-0.049756, 30.874192, 29.496529, -60.353098, 0.022159, 0.004372]

轨迹点 39:
  时间: 1.170000 秒
  关节位置: [-1.965124, 0.432439, 1.722790, -1.545563, -2.013712, -0.346074]
  关节速度: [0.000289, -0.178073, -0.172866, 0.350837, -0.000129, -0.000025]
  关节加速度: [-0.081775, 50.191690, 49.147773, -99.310501, 0.036418, 0.007185]

轨迹点 40:
  时间: 1.200000 秒
  关节位置: [-1.965116, 0.428147, 1.718263, -1.536746, -2.013716, -0.346075]
  关节速度: [0.001561, -0.916589, -0.987288, 1.903324, -0.000695, -0.000137]
  关节加速度: [0.132065, -76.665111, -84.600182, 161.218520, -0.058817, -0.011603]

轨迹点 41:
  时间: 1.230000 秒
  关节位置: [-1.965102, 0.419467, 1.708873, -1.518681, -2.013722, -0.346076]
  关节速度: [0.000993, -0.581272, -0.629736, 1.210656, -0.000442, -0.000087]
  关节加速度: [-0.202653, 118.563942, 128.720972, -247.213141, 0.090254, 0.017805]

轨迹点 42:
  时间: 1.260000 秒
  关节位置: [-1.965097, 0.416739, 1.705861, -1.512942, -2.013724, -0.346076]
  关节速度: [0.000791, -0.446103, -0.522348, 0.968172, -0.000352, -0.000070]
  关节加速度: [0.198113, -109.539237, -133.282214, 242.751288, -0.088234, -0.017404]

轨迹点 43:
  时间: 1.290000 秒
  关节位置: [-1.965083, 0.408870, 1.696464, -1.495681, -2.013731, -0.346078]
  关节速度: [0.001662, -0.925156, -1.111070, 2.035638, -0.000740, -0.000146]
  关节加速度: [-0.093439, 52.210018, 62.222891, -114.399816, 0.041615, 0.008209]

轨迹点 44:
  时间: 1.320000 秒
  关节位置: [-1.965074, 0.404102, 1.690741, -1.485193, -2.013734, -0.346078]
  关节速度: [0.000246, -0.137315, -0.163667, 0.300895, -0.000109, -0.000022]
  关节加速度: [0.003644, -1.838191, -2.655726, 4.492627, -0.001623, -0.000320]

轨迹点 45:
  时间: 1.350000 秒
  关节位置: [-1.965066, 0.399475, 1.684697, -1.474526, -2.013738, -0.346079]
  关节速度: [0.001659, -0.876408, -1.163560, 2.039381, -0.000739, -0.000146]
  关节加速度: [0.088936, -46.255041, -63.190482, 109.414026, -0.039610, -0.007812]

轨迹点 46:
  时间: 1.380000 秒
  关节位置: [-1.965052, 0.392084, 1.674853, -1.457295, -2.013745, -0.346080]
  关节速度: [0.000771, -0.406555, -0.541554, 0.947836, -0.000343, -0.000068]
  关节加速度: [-0.194771, 102.494360, 137.010136, -239.435518, 0.086747, 0.017110]

轨迹点 47:
  时间: 1.410000 秒
  关节位置: [-1.965047, 0.389635, 1.671471, -1.451466, -2.013747, -0.346081]
  关节速度: [0.000993, -0.498469, -0.725290, 1.223408, -0.000442, -0.000087]
  关节加速度: [0.194501, -95.925529, -144.139932, 239.996579, -0.086629, -0.017085]

轨迹点 48:
  时间: 1.440000 秒
  关节位置: [-1.965032, 0.382242, 1.660567, -1.433175, -2.013753, -0.346082]
  关节速度: [0.001521, -0.756266, -1.120611, 1.876338, -0.000678, -0.000134]
  关节加速度: [-0.129810, 64.640976, 95.491949, -160.086953, 0.057816, 0.011402]

轨迹点 49:
  时间: 1.470000 秒
  关节位置: [-1.965025, 0.378686, 1.655302, -1.424355, -2.013756, -0.346083]
  关节速度: [0.000294, -0.145092, -0.217904, 0.362891, -0.000131, -0.000026]
  关节加速度: [0.081835, -37.883071, -63.439147, 101.293238, -0.036449, -0.007188]

轨迹点 50:
  时间: 1.500000 秒
  关节位置: [-1.965015, 0.373869, 1.647478, -1.411719, -2.013761, -0.346084]
  关节速度: [0.001706, -0.797873, -1.313169, 2.110438, -0.000760, -0.000150]
  关节加速度: [0.043130, -19.609276, -33.836949, 53.430951, -0.019210, -0.003788]

轨迹点 51:
  时间: 1.530000 秒
  关节位置: [-1.965002, 0.367840, 1.637533, -1.395750, -2.013767, -0.346085]
  关节速度: [0.000566, -0.264793, -0.436066, 0.700658, -0.000252, -0.000050]
  关节加速度: [-0.170158, 79.297778, 131.311349, -210.548867, 0.075789, 0.014946]

轨迹点 52:
  时间: 1.560000 秒
  关节位置: [-1.964997, 0.365482, 1.633421, -1.389281, -2.013769, -0.346085]
  关节速度: [0.001179, -0.518699, -0.943825, 1.462107, -0.000525, -0.000104]
  关节加速度: [0.176510, -76.255432, -142.948767, 219.141692, -0.078620, -0.015502]

轨迹点 53:
  时间: 1.590000 秒
  关节位置: [-1.964981, 0.358840, 1.621214, -1.370437, -2.013776, -0.346086]
  关节速度: [0.001343, -0.586094, -1.081229, 1.666848, -0.000598, -0.000118]
  关节加速度: [-0.156403, 68.271994, 125.875058, -194.091665, 0.069664, 0.013736]

轨迹点 54:
  时间: 1.620000 秒
  关节位置: [-1.964975, 0.356226, 1.616387, -1.362998, -2.013779, -0.346087]
  关节速度: [0.000411, -0.174288, -0.336893, 0.511035, -0.000183, -0.000036]
  关节加速度: [0.132566, -53.257447, -111.847634, 165.058136, -0.059048, -0.011642]

轨迹点 55:
  时间: 1.650000 秒
  关节位置: [-1.964964, 0.351442, 1.606616, -1.348447, -2.013784, -0.346088]
  关节速度: [0.001698, -0.689543, -1.424114, 2.113056, -0.000756, -0.000149]
  关节加速度: [-0.002142, 1.296569, 1.319578, -2.615389, 0.000954, 0.000188]

轨迹点 56:
  时间: 1.680000 秒
  关节位置: [-1.964952, 0.346752, 1.596918, -1.334064, -2.013789, -0.346089]
  关节速度: [0.000397, -0.161707, -0.332931, 0.494498, -0.000177, -0.000035]
  关节加速度: [-0.128244, 51.901420, 107.775318, -159.631323, 0.057123, 0.011263]

轨迹点 57:
  时间: 1.710000 秒
  关节位置: [-1.964946, 0.344394, 1.591657, -1.326447, -2.013792, -0.346090]
  关节速度: [0.001335, -0.503458, -1.162539, 1.665525, -0.000594, -0.000117]
  关节加速度: [0.147732, -54.586534, -129.970212, 184.504432, -0.065805, -0.012973]

轨迹点 58:
  时间: 1.740000 秒
  关节位置: [-1.964931, 0.338713, 1.578436, -1.307550, -2.013798, -0.346091]
  关节速度: [0.001139, -0.426687, -0.995853, 1.422136, -0.000507, -0.000100]
  关节加速度: [-0.171175, 64.053312, 149.694374, -213.687070, 0.076247, 0.015032]

轨迹点 59:
  时间: 1.770000 秒
  关节位置: [-1.964926, 0.336777, 1.573883, -1.301063, -2.013801, -0.346091]
  关节速度: [0.000569, -0.202344, -0.509817, 0.711960, -0.000254, -0.000050]
  关节加速度: [0.159420, -54.074383, -145.669547, 199.687478, -0.071013, -0.013998]

轨迹点 60:
  时间: 1.800000 秒
  关节位置: [-1.964913, 0.332283, 1.562107, -1.284798, -2.013806, -0.346093]
  关节速度: [0.001636, -0.562085, -1.487063, 2.048568, -0.000729, -0.000144]
  关节加速度: [-0.043797, 15.351243, 39.463952, -54.799686, 0.019509, 0.003846]

轨迹点 61:
  时间: 1.830000 秒
  关节位置: [-1.964903, 0.328824, 1.552954, -1.272190, -2.013811, -0.346093]
  关节速度: [0.000284, -0.098155, -0.257549, 0.355603, -0.000127, -0.000025]
  关节加速度: [-0.069439, 23.795482, 63.177954, -86.948847, 0.030931, 0.006097]

轨迹点 62:
  时间: 1.860000 秒
  关节位置: [-1.964895, 0.326478, 1.546109, -1.263001, -2.013814, -0.346094]
  关节速度: [0.001449, -0.454388, -1.365693, 1.819568, -0.000645, -0.000127]
  关节加速度: [0.111877, -34.175949, -106.479778, 140.616112, -0.049836, -0.009823]

轨迹点 63:
  时间: 1.890000 秒
  关节位置: [-1.964881, 0.321890, 1.532230, -1.244539, -2.013821, -0.346095]
  关节速度: [0.000924, -0.287992, -0.872673, 1.160339, -0.000411, -0.000081]
  关节加速度: [-0.172711, 53.706804, 163.312176, -216.957824, 0.076935, 0.015165]

轨迹点 64:
  时间: 1.920000 秒
  关节位置: [-1.964876, 0.320414, 1.527647, -1.238482, -2.013823, -0.346096]
  关节速度: [0.000743, -0.214207, -0.721845, 0.935789, -0.000331, -0.000065]
  关节加速度: [0.166297, -45.803763, -163.957371, 209.702251, -0.074080, -0.014600]

轨迹点 65:
  时间: 1.950000 秒
  关节位置: [-1.964862, 0.316463, 1.513926, -1.220815, -2.013829, -0.346097]
  关节速度: [0.001526, -0.427062, -1.496320, 1.922843, -0.000680, -0.000134]
  关节加速度: [-0.079058, 22.327896, 77.318101, -99.618003, 0.035217, 0.006941]

轨迹点 66:
  时间: 1.980000 秒
  关节位置: [-1.964853, 0.314061, 1.505520, -1.210010, -2.013833, -0.346098]
  关节速度: [0.000246, -0.069446, -0.240449, 0.309808, -0.000110, -0.000022]
  关节加速度: [0.004494, -1.018964, -4.681441, 5.698814, -0.002002, -0.000395]

轨迹点 67:
  时间: 2.010000 秒
  关节位置: [-1.964844, 0.311835, 1.496682, -1.198949, -2.013837, -0.346099]
  关节速度: [0.001514, -0.377055, -1.538562, 1.915080, -0.000674, -0.000133]
  关节加速度: [0.072643, -17.377795, -74.643244, 91.995318, -0.032361, -0.006377]

轨迹点 68:
  时间: 2.040000 秒
  关节位置: [-1.964831, 0.308388, 1.482543, -1.181368, -2.013843, -0.346100]
  关节速度: [0.000713, -0.176806, -0.725288, 0.901841, -0.000318, -0.000063]
  关节加速度: [-0.160411, 39.573274, 163.452797, -202.969272, 0.071460, 0.014083]

轨迹点 69:
  时间: 2.070000 秒
  关节位置: [-1.964826, 0.307227, 1.477506, -1.175172, -2.013845, -0.346100]
  关节速度: [0.000911, -0.201628, -0.955662, 1.156967, -0.000406, -0.000080]
  关节加速度: [0.157363, -33.095065, -167.005956, 200.045303, -0.070104, -0.013814]

轨迹点 70:
  时间: 2.100000 秒
  关节位置: [-1.964811, 0.304041, 1.462010, -1.156494, -2.013852, -0.346101]
  关节速度: [0.001374, -0.295701, -1.450582, 1.745796, -0.000612, -0.000121]
  关节加速度: [-0.105646, 22.832393, 111.406467, -134.201454, 0.047064, 0.009274]

轨迹点 71:
  时间: 2.130000 秒
  关节位置: [-1.964804, 0.302485, 1.454397, -1.147329, -2.013855, -0.346102]
  关节速度: [0.000290, -0.061312, -0.307013, 0.368222, -0.000129, -0.000025]
  关节加速度: [0.065981, -11.694858, -72.605274, 84.276770, -0.029395, -0.005792]

轨迹点 72:
  时间: 2.160000 秒
  关节位置: [-1.964793, 0.300563, 1.443252, -1.134265, -2.013860, -0.346103]
  关节速度: [0.001526, -0.279747, -1.668640, 1.947847, -0.000680, -0.000134]
  关节加速度: [0.033545, -5.599086, -37.321650, 42.908859, -0.014944, -0.002944]

轨迹点 73:
  时间: 2.190000 秒
  关节位置: [-1.964781, 0.298228, 1.429256, -1.117938, -2.013865, -0.346104]
  关节速度: [0.000524, -0.095937, -0.572490, 0.668242, -0.000233, -0.000046]
  关节加速度: [-0.134634, 24.392221, 147.528303, -171.872853, 0.059979, 0.011818]

轨迹点 74:
  时间: 2.220000 秒
  关节位置: [-1.964775, 0.297328, 1.423245, -1.111029, -2.013868, -0.346105]
  关节速度: [0.001057, -0.162193, -1.192999, 1.354819, -0.000471, -0.000093]
  关节加速度: [0.136918, -19.638626, -156.244682, 175.834832, -0.060998, -0.012017]

轨迹点 75:
  时间: 2.250000 秒
  关节位置: [-1.964760, 0.295074, 1.406241, -1.091776, -2.013874, -0.346106]
  关节速度: [0.001193, -0.177744, -1.353392, 1.530714, -0.000531, -0.000105]
  关节加速度: [-0.121959, 18.179131, 138.351025, -156.486975, 0.054334, 0.010705]

轨迹点 76:
  时间: 2.280000 秒
  关节位置: [-1.964754, 0.294161, 1.399290, -1.083914, -2.013877, -0.346106]
  关节速度: [0.000390, -0.053126, -0.448108, 0.501096, -0.000174, -0.000034]
  关节加速度: [0.101377, -11.165073, -119.840736, 130.969917, -0.045165, -0.008897]

轨迹点 77:
  时间: 2.310000 秒
  关节位置: [-1.964742, 0.292768, 1.385642, -1.068878, -2.013882, -0.346107]
  关节速度: [0.001486, -0.172219, -1.746655, 1.918347, -0.000662, -0.000130]
  关节加速度: [-0.002279, 0.672897, 2.176883, -2.848973, 0.001015, 0.000200]

轨迹点 78:
  时间: 2.340000 秒
  关节位置: [-1.964731, 0.291443, 1.372156, -1.054071, -2.013887, -0.346108]
  关节速度: [0.000373, -0.043663, -0.437727, 0.481258, -0.000166, -0.000033]
  关节加速度: [-0.096779, 11.035739, 113.944293, -124.945767, 0.043117, 0.008494]

轨迹点 79:
  时间: 2.370000 秒
  关节位置: [-1.964725, 0.290847, 1.364594, -1.045915, -2.013890, -0.346109]
  关节速度: [0.001166, -0.098158, -1.416059, 1.513804, -0.000519, -0.000102]
  关节加速度: [0.109208, -8.091946, -134.052647, 142.105929, -0.048656, -0.009584]

轨迹点 80:
  时间: 2.400000 秒
  关节位置: [-1.964710, 0.289628, 1.346428, -1.026535, -2.013897, -0.346110]
  关节速度: [0.000995, -0.080477, -1.213322, 1.293447, -0.000443, -0.000087]
  关节加速度: [-0.127209, 10.206260, 155.170116, -165.331338, 0.056675, 0.011164]

轨迹点 81:
  时间: 2.430000 秒
  关节位置: [-1.964704, 0.289200, 1.339825, -1.019507, -2.013899, -0.346111]
  关节速度: [0.000517, -0.031451, -0.643661, 0.674929, -0.000230, -0.000045]
  关节加速度: [0.115588, -4.637388, -146.955447, 151.551913, -0.051499, -0.010143]

轨迹点 82:
  时间: 2.460000 秒
  关节位置: [-1.964692, 0.288568, 1.323603, -1.002657, -2.013905, -0.346112]
  关节速度: [0.001399, -0.064469, -1.767331, 1.831305, -0.000623, -0.000123]
  关节加速度: [-0.032240, 1.773243, 40.372995, -42.134824, 0.014364, 0.002829]

轨迹点 83:
  时间: 2.490000 秒
  关节位置: [-1.964681, 0.288105, 1.310913, -0.989508, -2.013909, -0.346113]
  关节速度: [0.000276, -0.013487, -0.348220, 0.361609, -0.000123, -0.000024]
  关节加速度: [-0.049306, 2.220895, 62.374766, -64.578204, 0.021968, 0.004327]

轨迹点 84:
  时间: 2.520000 秒
  关节位置: [-1.964674, 0.287947, 1.301203, -0.979643, -2.013913, -0.346113]
  关节速度: [0.001230, -0.015176, -1.608759, 1.623499, -0.000548, -0.000108]
  关节加速度: [0.078237, -0.081530, -103.519755, 103.573586, -0.034859, -0.006865]

轨迹点 85:
  时间: 2.550000 秒
  关节位置: [-1.964660, 0.287797, 1.282272, -0.960566, -2.013919, -0.346115]
  关节速度: [0.000796, -0.007961, -1.043862, 1.051542, -0.000355, -0.000070]
  关节加速度: [-0.121512, 1.049686, 159.561747, -160.568414, 0.054140, 0.010662]

轨迹点 86:
  时间: 2.580000 秒
  关节位置: [-1.964654, 0.287774, 1.275535, -0.953808, -2.013922, -0.346115]
  关节速度: [0.000648, 0.010331, -0.871941, 0.861381, -0.000289, -0.000057]
  关节加速度: [0.113630, 3.830908, -155.747492, 151.876357, -0.050629, -0.009970]

轨迹点 87:
  时间: 2.610000 秒
  关节位置: [-1.964641, 0.288112, 1.256785, -0.935401, -2.013928, -0.346116]
  关节速度: [0.001270, 0.034366, -1.729919, 1.695103, -0.000566, -0.000111]
  关节加速度: [-0.054446, -1.294936, 73.894390, -72.580178, 0.024259, 0.004777]

轨迹点 88:
  时间: 2.640000 秒
  关节位置: [-1.964632, 0.288342, 1.245034, -0.923883, -2.013932, -0.346117]
  关节速度: [0.000246, 0.005800, -0.333743, 0.327856, -0.000110, -0.000022]
  关节加速度: [0.003951, 0.370557, -5.744463, 5.372508, -0.001760, -0.000347]

轨迹点 89:
  时间: 2.670000 秒
  关节位置: [-1.964623, 0.288838, 1.232609, -0.911957, -2.013935, -0.346118]
  关节速度: [0.001244, 0.078984, -1.757762, 1.678338, -0.000554, -0.000109]
  关节加速度: [0.047572, 3.724425, -68.182449, 64.441183, -0.021197, -0.004174]

轨迹点 90:
  时间: 2.700000 秒
  关节位置: [-1.964610, 0.289723, 1.213325, -0.893563, -2.013942, -0.346119]
  关节速度: [0.000610, 0.039480, -0.863070, 0.823374, -0.000272, -0.000054]
  关节加速度: [-0.105930, -7.104231, 150.163951, -143.022219, 0.047200, 0.009294]

轨迹点 91:
  时间: 2.730000 秒
  关节位置: [-1.964604, 0.290123, 1.205815, -0.886455, -2.013944, -0.346120]
  关节速度: [0.000761, 0.073297, -1.111007, 1.037440, -0.000339, -0.000067]
  关节加速度: [0.100406, 11.353862, -149.001145, 137.611739, -0.044739, -0.008808]

轨迹点 92:
  时间: 2.760000 秒
  关节位置: [-1.964590, 0.291603, 1.184681, -0.866806, -2.013950, -0.346121]
  关节速度: [0.001113, 0.116966, -1.638502, 1.521142, -0.000496, -0.000098]
  关节加速度: [-0.067805, -7.053058, 99.738159, -92.661097, 0.030213, 0.005949]

轨迹点 93:
  时间: 2.790000 秒
  关节位置: [-1.964582, 0.292375, 1.173789, -0.856689, -2.013954, -0.346121]
  关节速度: [0.000280, 0.030203, -0.413468, 0.383166, -0.000125, -0.000025]
  关节加速度: [0.041171, 6.410449, -63.722453, 57.297429, -0.018346, -0.003612]

轨迹点 94:
  时间: 2.820000 秒
  关节位置: [-1.964572, 0.293795, 1.158179, -0.842502, -2.013958, -0.346122]
  关节速度: [0.001210, 0.175643, -1.853269, 1.677197, -0.000539, -0.000106]
  关节加速度: [0.020189, 3.487985, -31.761328, 28.266196, -0.008996, -0.001771]

轨迹点 95:
  时间: 2.850000 秒
  关节位置: [-1.964560, 0.295631, 1.138923, -0.825086, -2.013964, -0.346123]
  关节速度: [0.000452, 0.065550, -0.692990, 0.627280, -0.000202, -0.000040]
  关节加速度: [-0.082466, -12.273219, 126.800167, -114.497755, 0.036746, 0.007234]

轨迹点 96:
  时间: 2.880000 秒
  关节位置: [-1.964554, 0.296585, 1.129858, -0.816977, -2.013966, -0.346124]
  关节速度: [0.000842, 0.154299, -1.339894, 1.185296, -0.000375, -0.000074]
  关节加速度: [0.080502, 16.162439, -130.220675, 114.029739, -0.035872, -0.007061]

轨迹点 97:
  时间: 2.910000 秒
  关节位置: [-1.964539, 0.299333, 1.106556, -0.796429, -2.013973, -0.346125]
  关节速度: [0.000938, 0.178608, -1.502173, 1.323233, -0.000418, -0.000082]
  关节加速度: [-0.072084, -13.759237, 115.509309, -101.724555, 0.032121, 0.006323]

轨迹点 98:
  时间: 2.940000 秒
  关节位置: [-1.964533, 0.300479, 1.096875, -0.787897, -2.013976, -0.346126]
  关节速度: [0.000395, 0.079584, -0.639104, 0.559381, -0.000176, -0.000035]
  关节加速度: [0.158468, 36.144618, -263.259390, 227.058678, -0.070617, -0.013898]

轨迹点 99:
  时间: 2.970000 秒
  关节位置: [-1.964526, 0.301984, 1.085527, -0.778056, -2.013979, -0.346126]
  关节速度: [0.001206, 0.268049, -1.992827, 1.724351, -0.000538, -0.000106]
  关节加速度: [-0.081122, -17.407181, 133.038961, -115.603064, 0.036149, 0.007115]

轨迹点 100:
  时间: 3.000000 秒
  关节位置: [-1.964522, 0.302905, 1.078700, -0.772151, -2.013980, -0.346127]
  关节速度: [0.000000, 0.000000, 0.000000, 0.000000, 0.000000, 0.000000]
  关节加速度: [0.000000, 0.000000, 0.000000, 0.000000, 0.000000, 0.000000]

