详细轨迹分析报告
====================
轨迹点数: 42
轨迹总时间: 4.085 秒
关节名称: 
  0: joint1
  1: joint2
  2: joint3
  3: joint4
  4: joint5
  5: joint6

详细轨迹点信息:
================
轨迹点 0:
  时间: 0.000000 秒
  关节位置: [-1.964606, 0.736122, 1.854212, -1.981002, -2.014396, -0.346149]
  关节速度: [0.000000, 0.000000, 0.000000, 0.000000, 0.000000, 0.000000]
  关节加速度: [0.000000, 0.000000, 0.000000, 0.000000, 0.000000, 0.000000]

轨迹点 1:
  时间: 0.100000 秒
  关节位置: [-1.964605, 0.723103, 1.853177, -1.966946, -2.014390, -0.346149]
  关节速度: [0.000012, -0.130187, -0.010352, 0.140556, 0.000058, 0.000003]
  关节加速度: [0.000116, -1.301871, -0.103524, 1.405564, 0.000578, 0.000031]

轨迹点 2:
  时间: 0.200000 秒
  关节位置: [-1.964603, 0.699977, 1.850615, -1.941254, -2.014380, -0.346148]
  关节速度: [0.000021, -0.231265, -0.025623, 0.256918, 0.000104, 0.000006]
  关节加速度: [0.000093, -1.010774, -0.152706, 1.163615, 0.000462, 0.000025]

轨迹点 3:
  时间: 0.300000 秒
  关节位置: [-1.964601, 0.677269, 1.847156, -1.915084, -2.014370, -0.346148]
  关节速度: [0.000021, -0.227076, -0.034592, 0.261699, 0.000104, 0.000006]
  关节加速度: [-0.000000, 0.041881, -0.089687, 0.047806, 0.000000, 0.000000]

轨迹点 4:
  时间: 0.400000 秒
  关节位置: [-1.964598, 0.655008, 1.842802, -1.888466, -2.014359, -0.346147]
  关节速度: [0.000021, -0.222614, -0.043534, 0.266178, 0.000104, 0.000006]
  关节加速度: [-0.000000, 0.044625, -0.089423, 0.044797, 0.000000, 0.000000]

轨迹点 5:
  时间: 0.500000 秒
  关节位置: [-1.964596, 0.633219, 1.837558, -1.861431, -2.014349, -0.346147]
  关节速度: [0.000021, -0.217883, -0.052444, 0.270358, 0.000104, 0.000006]
  关节加速度: [-0.000000, 0.047308, -0.089103, 0.041795, 0.000000, 0.000000]

轨迹点 6:
  时间: 0.600000 秒
  关节位置: [-1.964594, 0.611930, 1.831426, -1.834007, -2.014338, -0.346146]
  关节速度: [0.000021, -0.212892, -0.061318, 0.274240, 0.000104, 0.000006]
  关节加速度: [-0.000000, 0.049911, -0.088732, 0.038821, 0.000000, 0.000000]

轨迹点 7:
  时间: 0.700000 秒
  关节位置: [-1.964592, 0.591165, 1.824411, -1.806224, -2.014328, -0.346146]
  关节速度: [0.000021, -0.207650, -0.070149, 0.277830, 0.000104, 0.000006]
  关节加速度: [-0.000000, 0.052419, -0.088317, 0.035897, 0.000000, 0.000000]

轨迹点 8:
  时间: 0.800000 秒
  关节位置: [-1.964590, 0.570948, 1.816518, -1.778110, -2.014318, -0.346145]
  关节速度: [0.000021, -0.202168, -0.078936, 0.281134, 0.000104, 0.000006]
  关节加速度: [-0.000000, 0.054819, -0.087865, 0.033045, 0.000000, 0.000000]

轨迹点 9:
  时间: 0.900000 秒
  关节位置: [-1.964588, 0.551302, 1.807750, -1.749694, -2.014307, -0.346145]
  关节速度: [0.000021, -0.196458, -0.087674, 0.284163, 0.000104, 0.000006]
  关节加速度: [-0.000000, 0.057101, -0.087386, 0.030285, 0.000000, 0.000000]

轨迹点 10:
  时间: 1.000000 秒
  关节位置: [-1.964586, 0.532249, 1.798114, -1.721001, -2.014297, -0.346144]
  关节速度: [0.000021, -0.190532, -0.096363, 0.286926, 0.000104, 0.000006]
  关节加速度: [-0.000000, 0.059255, -0.086890, 0.027635, 0.000000, 0.000000]

轨迹点 11:
  时间: 1.100000 秒
  关节位置: [-1.964584, 0.513809, 1.787614, -1.692058, -2.014286, -0.346143]
  关节速度: [0.000021, -0.184405, -0.105002, 0.289437, 0.000104, 0.000006]
  关节加速度: [-0.000000, 0.061275, -0.086389, 0.025113, 0.000000, 0.000000]

轨迹点 12:
  时间: 1.200000 秒
  关节位置: [-1.964582, 0.496000, 1.776255, -1.662887, -2.014276, -0.346143]
  关节速度: [0.000021, -0.178089, -0.113591, 0.291711, 0.000104, 0.000006]
  关节加速度: [-0.000000, 0.063158, -0.085893, 0.022735, 0.000000, 0.000000]

轨迹点 13:
  时间: 1.300000 秒
  关节位置: [-1.964580, 0.478840, 1.764041, -1.633510, -2.014266, -0.346142]
  关节速度: [0.000021, -0.171599, -0.122133, 0.293762, 0.000104, 0.000006]
  关节加速度: [-0.000000, 0.064900, -0.085415, 0.020515, 0.000000, 0.000000]

轨迹点 14:
  时间: 1.400000 秒
  关节位置: [-1.964578, 0.462345, 1.750978, -1.603950, -2.014255, -0.346142]
  关节速度: [0.000021, -0.164949, -0.130630, 0.295609, 0.000104, 0.000006]
  关节加速度: [-0.000000, 0.066504, -0.084968, 0.018464, 0.000000, 0.000000]

轨迹点 15:
  时间: 1.500000 秒
  关节位置: [-1.964575, 0.446530, 1.737070, -1.574223, -2.014245, -0.346141]
  关节速度: [0.000021, -0.158152, -0.139086, 0.297268, 0.000104, 0.000006]
  关节加速度: [-0.000000, 0.067970, -0.084565, 0.016595, 0.000000, 0.000000]

轨迹点 16:
  时间: 1.600000 秒
  关节位置: [-1.964573, 0.431408, 1.722319, -1.544347, -2.014234, -0.346141]
  关节速度: [0.000021, -0.151221, -0.147508, 0.298760, 0.000104, 0.000006]
  关节加速度: [-0.000000, 0.069304, -0.084219, 0.014915, 0.000000, 0.000000]

轨迹点 17:
  时间: 1.700000 秒
  关节位置: [-1.964571, 0.416991, 1.706729, -1.514336, -2.014224, -0.346140]
  关节速度: [0.000021, -0.144170, -0.155903, 0.300103, 0.000104, 0.000006]
  关节加速度: [-0.000000, 0.070513, -0.083945, 0.013433, 0.000000, 0.000000]

轨迹点 18:
  时间: 1.800000 秒
  关节位置: [-1.964569, 0.403290, 1.690301, -1.484205, -2.014214, -0.346139]
  关节速度: [0.000021, -0.137010, -0.164278, 0.301318, 0.000104, 0.000006]
  关节加速度: [-0.000000, 0.071604, -0.083758, 0.012154, 0.000000, 0.000000]

轨迹点 19:
  时间: 1.900000 秒
  关节位置: [-1.964567, 0.390315, 1.673036, -1.453962, -2.014203, -0.346139]
  关节速度: [0.000021, -0.129751, -0.172646, 0.302427, 0.000104, 0.000006]
  关节加速度: [-0.000000, 0.072588, -0.083674, 0.011085, 0.000000, 0.000000]

轨迹点 20:
  时间: 2.000000 秒
  关节位置: [-1.964565, 0.378074, 1.654935, -1.423617, -2.014193, -0.346138]
  关节速度: [0.000021, -0.122403, -0.181017, 0.303450, 0.000104, 0.000006]
  关节加速度: [-0.000000, 0.073477, -0.083708, 0.010230, 0.000000, 0.000000]

轨迹点 21:
  时间: 2.100000 秒
  关节位置: [-1.964563, 0.366577, 1.635994, -1.393176, -2.014182, -0.346138]
  关节速度: [0.000021, -0.114975, -0.189404, 0.304409, 0.000104, 0.000006]
  关节加速度: [-0.000000, 0.074284, -0.083877, 0.009593, 0.000000, 0.000000]

轨迹点 22:
  时间: 2.200000 秒
  关节位置: [-1.964561, 0.355830, 1.616212, -1.362643, -2.014172, -0.346137]
  关节速度: [0.000021, -0.107472, -0.197824, 0.305327, 0.000104, 0.000006]
  关节加速度: [-0.000000, 0.075023, -0.084202, 0.009178, 0.000000, 0.000000]

轨迹点 23:
  时间: 2.300000 秒
  关节位置: [-1.964559, 0.345840, 1.595582, -1.332021, -2.014162, -0.346137]
  关节速度: [0.000021, -0.099901, -0.206295, 0.306226, 0.000104, 0.000006]
  关节加速度: [-0.000000, 0.075711, -0.084701, 0.008990, 0.000000, 0.000000]

轨迹点 24:
  时间: 2.400000 秒
  关节位置: [-1.964557, 0.336613, 1.574099, -1.301308, -2.014151, -0.346136]
  关节速度: [0.000021, -0.092265, -0.214834, 0.307129, 0.000104, 0.000006]
  关节加速度: [-0.000000, 0.076365, -0.085396, 0.009031, 0.000000, 0.000000]

轨迹点 25:
  时间: 2.500000 秒
  关节位置: [-1.964554, 0.328157, 1.551752, -1.270502, -2.014141, -0.346135]
  关节速度: [0.000021, -0.084564, -0.223465, 0.308060, 0.000104, 0.000006]
  关节加速度: [-0.000000, 0.077003, -0.086313, 0.009310, 0.000000, 0.000000]

轨迹点 26:
  时间: 2.600000 秒
  关节位置: [-1.964552, 0.320477, 1.528531, -1.239597, -2.014130, -0.346135]
  关节速度: [0.000021, -0.076800, -0.232213, 0.309043, 0.000104, 0.000006]
  关节加速度: [-0.000000, 0.077647, -0.087478, 0.009831, 0.000000, 0.000000]

轨迹点 27:
  时间: 2.700000 秒
  关节位置: [-1.964550, 0.313580, 1.504420, -1.208587, -2.014120, -0.346134]
  关节速度: [0.000021, -0.068968, -0.241105, 0.310104, 0.000104, 0.000006]
  关节加速度: [-0.000000, 0.078317, -0.088922, 0.010605, 0.000000, 0.000000]

轨迹点 28:
  时间: 2.800000 秒
  关节位置: [-1.964548, 0.307473, 1.479403, -1.177460, -2.014109, -0.346134]
  关节速度: [0.000021, -0.061064, -0.250174, 0.311268, 0.000104, 0.000006]
  关节加速度: [-0.000000, 0.079039, -0.090681, 0.011642, 0.000000, 0.000000]

轨迹点 29:
  时间: 2.900000 秒
  关节位置: [-1.964546, 0.302165, 1.453458, -1.146204, -2.014099, -0.346133]
  关节速度: [0.000021, -0.053080, -0.259453, 0.312564, 0.000104, 0.000006]
  关节加速度: [-0.000000, 0.079839, -0.092795, 0.012957, 0.000000, 0.000000]

轨迹点 30:
  时间: 3.000000 秒
  关节位置: [-1.964544, 0.297665, 1.426559, -1.114802, -2.014089, -0.346133]
  关节速度: [0.000021, -0.045006, -0.268984, 0.314021, 0.000104, 0.000006]
  关节加速度: [-0.000000, 0.080746, -0.095314, 0.014568, 0.000000, 0.000000]

轨迹点 31:
  时间: 3.100000 秒
  关节位置: [-1.964542, 0.293982, 1.398678, -1.083235, -2.014078, -0.346132]
  关节速度: [0.000021, -0.036826, -0.278814, 0.315671, 0.000104, 0.000006]
  关节加速度: [-0.000000, 0.081793, -0.098294, 0.016500, 0.000000, 0.000000]

轨迹点 32:
  时间: 3.200000 秒
  关节位置: [-1.964540, 0.291130, 1.369779, -1.051480, -2.014068, -0.346132]
  关节速度: [0.000021, -0.028524, -0.288994, 0.317549, 0.000104, 0.000006]
  关节加速度: [-0.000000, 0.083020, -0.101803, 0.018783, 0.000000, 0.000000]

轨迹点 33:
  时间: 3.300000 秒
  关节位置: [-1.964538, 0.289122, 1.339820, -1.019510, -2.014057, -0.346131]
  关节速度: [0.000021, -0.020077, -0.299587, 0.319694, 0.000104, 0.000006]
  关节加速度: [-0.000000, 0.084471, -0.105925, 0.021454, 0.000000, 0.000000]

轨迹点 34:
  时间: 3.400000 秒
  关节位置: [-1.964536, 0.287976, 1.308754, -0.987295, -2.014047, -0.346130]
  关节速度: [0.000021, -0.011458, -0.310663, 0.322151, 0.000104, 0.000006]
  关节加速度: [-0.000000, 0.086197, -0.110761, 0.024564, 0.000000, 0.000000]

轨迹点 35:
  时间: 3.500000 秒
  关节位置: [-1.964534, 0.287713, 1.276523, -0.954798, -2.014037, -0.346130]
  关节速度: [0.000021, -0.002631, -0.322306, 0.324968, 0.000104, 0.000006]
  关节加速度: [-0.000000, 0.088261, -0.116436, 0.028174, 0.000000, 0.000000]

轨迹点 36:
  时间: 3.600000 秒
  关节位置: [-1.964531, 0.288357, 1.243061, -0.921978, -2.014026, -0.346129]
  关节速度: [0.000021, 0.006443, -0.334617, 0.328205, 0.000104, 0.000006]
  关节加速度: [-0.000000, 0.090741, -0.123106, 0.032365, 0.000000, 0.000000]

轨迹点 37:
  时间: 3.700000 秒
  关节位置: [-1.964529, 0.289939, 1.208290, -0.888785, -2.014016, -0.346129]
  关节速度: [0.000021, 0.015816, -0.347714, 0.331929, 0.000104, 0.000006]
  关节加速度: [-0.000000, 0.093730, -0.130971, 0.037241, 0.000000, 0.000000]

轨迹点 38:
  时间: 3.800000 秒
  关节位置: [-1.964527, 0.292494, 1.172116, -0.855163, -2.014005, -0.346128]
  关节速度: [0.000021, 0.025551, -0.361742, 0.336222, 0.000104, 0.000006]
  关节加速度: [-0.000000, 0.097349, -0.140285, 0.042935, 0.000000, 0.000000]

轨迹点 39:
  时间: 3.900000 秒
  关节位置: [-1.964525, 0.296067, 1.134428, -0.821044, -2.013995, -0.346128]
  关节速度: [0.000021, 0.035726, -0.376881, 0.341185, 0.000104, 0.000006]
  关节加速度: [-0.000000, 0.101753, -0.151381, 0.049627, 0.000000, 0.000000]

轨迹点 40:
  时间: 4.000000 秒
  关节位置: [-1.964523, 0.300706, 1.095130, -0.786383, -2.013985, -0.346127]
  关节速度: [0.000021, 0.046392, -0.392980, 0.346618, 0.000104, 0.000006]
  关节加速度: [-0.000000, 0.106666, -0.160993, 0.054327, -0.000001, -0.000000]

轨迹点 41:
  时间: 4.084841 秒
  关节位置: [-1.964522, 0.302905, 1.078700, -0.772151, -2.013980, -0.346127]
  关节速度: [0.000000, 0.000000, 0.000000, 0.000000, 0.000000, 0.000000]
  关节加速度: [0.000000, 0.000000, 0.000000, 0.000000, 0.000000, 0.000000]

