详细轨迹分析报告
====================
轨迹点数: 101
轨迹总时间: 3.000 秒
关节名称: 
  0: joint1
  1: joint2
  2: joint3
  3: joint4
  4: joint5
  5: joint6

详细轨迹点信息:
================
轨迹点 0:
  时间: 0.000000 秒
  关节位置: [-1.197017, 0.694350, 2.078374, -2.246385, -1.625259, 0.061889]
  关节速度: [0.000000, 0.000000, 0.000000, 0.000000, 0.000000, 0.000000]
  关节加速度: [0.000000, 0.000000, 0.000000, 0.000000, 0.000000, 0.000000]

轨迹点 1:
  时间: 0.030000 秒
  关节位置: [-1.200244, 0.692459, 2.086259, -2.252648, -1.629175, 0.058742]
  关节速度: [-0.190348, -0.111518, 0.465117, -0.369437, -0.230952, -0.185612]
  关节加速度: [254.103669, 148.869269, -620.902380, 493.175362, 308.306585, 247.781077]

轨迹点 2:
  时间: 0.060000 秒
  关节位置: [-1.205546, 0.689517, 2.098757, -2.262608, -1.635442, 0.053688]
  关节速度: [-0.492960, -0.272792, 1.159967, -0.924510, -0.581934, -0.469391]
  关节加速度: [148.626366, 82.247949, -349.732196, 278.741272, 175.453633, 141.521538]

轨迹点 3:
  时间: 0.090000 秒
  关节位置: [-1.210600, 0.686876, 2.110211, -2.271767, -1.641246, 0.048989]
  关节速度: [-0.729412, -0.374822, 1.634803, -1.308617, -0.830939, -0.673580]
  关节加速度: [83.772830, 43.169636, -188.100239, 150.544246, 95.559993, 77.448814]

轨迹点 4:
  时间: 0.120000 秒
  关节位置: [-1.215441, 0.684482, 2.120789, -2.280253, -1.646658, 0.044589]
  关节速度: [-0.819024, -0.391438, 1.750632, -1.407074, -0.900986, -0.734148]
  关节加速度: [-26.130259, -12.204785, 55.033300, -44.291205, -28.436619, -23.208678]

轨迹点 5:
  时间: 0.150000 秒
  关节位置: [-1.220429, 0.682144, 2.131316, -2.288723, -1.652094, 0.040154]
  关节速度: [-0.702509, -0.312277, 1.432359, -1.155798, -0.746253, -0.611392]
  关节加速度: [-139.255061, -61.343924, 282.286821, -227.895550, -147.296066, -120.758868]

轨迹点 6:
  时间: 0.180000 秒
  关节位置: [-1.225904, 0.679728, 2.142425, -2.297690, -1.657889, 0.035403]
  关节速度: [-0.422115, -0.174999, 0.822574, -0.666162, -0.433548, -0.357162]
  关节加速度: [-197.793423, -80.913179, 382.162393, -309.711275, -201.872751, -166.479966]

轨迹点 7:
  时间: 0.210000 秒
  关节位置: [-1.232028, 0.677209, 2.154300, -2.307311, -1.664156, 0.030237]
  关节速度: [-0.131791, -0.052130, 0.249110, -0.202214, -0.132313, -0.109424]
  关节加速度: [-128.633514, -48.758911, 236.592946, -192.461874, -126.548980, -105.026512]

轨迹点 8:
  时间: 0.240000 秒
  关节位置: [-1.238591, 0.674705, 2.166422, -2.317169, -1.670633, 0.024865]
  关节速度: [-0.108113, -0.041222, 0.199594, -0.162316, -0.106655, -0.088474]
  关节加速度: [105.381030, 40.073129, -194.219720, 157.966935, 103.829396, 86.148255]

轨迹点 9:
  时间: 0.270000 秒
  关节位置: [-1.245027, 0.672429, 2.177739, -2.326404, -1.676755, 0.019753]
  关节速度: [-0.411502, -0.144892, 0.721704, -0.589110, -0.390688, -0.326331]
  关节加速度: [222.832127, 78.420790, -390.683926, 318.913816, 211.510527, 176.677060]

轨迹点 10:
  时间: 0.300000 秒
  关节位置: [-1.251005, 0.670464, 2.187770, -2.334617, -1.682246, 0.015138]
  关节速度: [-0.791370, -0.257545, 1.319325, -1.080672, -0.723412, -0.608573]
  关节加速度: [193.351251, 62.971734, -322.496530, 264.151473, 176.809686, 148.731810]

轨迹点 11:
  时间: 0.330000 秒
  关节位置: [-1.256590, 0.668742, 2.196760, -2.341998, -1.687219, 0.010933]
  关节速度: [-1.042044, -0.313301, 1.650877, -1.356642, -0.917002, -0.777215]
  关节加速度: [59.931782, 18.178018, -95.479136, 78.433465, 52.958813, 44.848888]

轨迹点 12:
  时间: 0.360000 秒
  关节位置: [-1.262105, 0.667138, 2.205312, -2.349034, -1.691995, 0.006871]
  关节速度: [-1.041928, -0.289323, 1.568212, -1.292573, -0.882604, -0.753912]
  关节加速度: [-119.021475, -32.719531, 178.002382, -146.771736, -100.348700, -85.800639]

轨迹点 13:
  时间: 0.390000 秒
  关节位置: [-1.267969, 0.665532, 2.214057, -2.356246, -1.696929, 0.002651]
  关节速度: [-0.776265, -0.199237, 1.110364, -0.917657, -0.633251, -0.545261]
  关节加速度: [-266.972438, -67.889361, 379.629634, -313.844155, -216.845692, -186.889805]

轨迹点 14:
  时间: 0.420000 秒
  关节位置: [-1.274509, 0.663863, 2.223378, -2.363950, -1.702249, -0.001933]
  关节速度: [-0.362793, -0.086647, 0.495187, -0.410139, -0.285934, -0.248076]
  关节加速度: [-286.231288, -67.082440, 385.985483, -319.876727, -223.608281, -194.386058]

轨迹点 15:
  时间: 0.450000 秒
  关节位置: [-1.281752, 0.662156, 2.233180, -2.372072, -1.707922, -0.006862]
  关节速度: [-0.080371, -0.018860, 0.108457, -0.089875, -0.062818, -0.054603]
  关节加速度: [-54.634231, -11.774216, 69.740334, -57.919992, -41.011766, -35.980133]

轨迹点 16:
  时间: 0.480000 秒
  关节位置: [-1.289220, 0.660535, 2.242757, -2.380024, -1.713547, -0.011793]
  关节速度: [-0.271961, -0.058892, 0.348220, -0.289162, -0.204601, -0.179407]
  关节加速度: [268.853043, 58.153732, -343.993072, 285.660344, 202.157646, 177.286005]

轨迹点 17:
  时间: 0.510000 秒
  关节位置: [-1.296299, 0.659118, 2.251362, -2.387181, -1.718677, -0.016331]
  关节速度: [-0.756078, -0.150459, 0.915504, -0.761584, -0.546433, -0.483737]
  关节加速度: [342.799286, 68.219353, -415.090877, 345.303038, 247.751862, 219.324638]

轨迹点 18:
  时间: 0.540000 秒
  关节位置: [-1.302826, 0.657905, 2.258909, -2.393466, -1.723243, -0.020405]
  关节速度: [-1.209058, -0.221164, 1.383689, -1.152571, -0.839587, -0.750598]
  关节加速度: [219.571865, 40.240560, -251.599066, 209.568047, 152.607262, 136.402398]

轨迹点 19:
  时间: 0.570000 秒
  关节位置: [-1.309026, 0.656825, 2.265772, -2.399186, -1.727449, -0.024188]
  关节速度: [-1.404655, -0.236195, 1.517973, -1.265454, -0.937271, -0.846482]
  关节加速度: [-25.128017, -4.046040, 26.381797, -22.002641, -16.437583, -14.922222]

轨迹点 20:
  时间: 0.600000 秒
  关节位置: [-1.315344, 0.655789, 2.272480, -2.404779, -1.731614, -0.027961]
  关节速度: [-1.241770, -0.192062, 1.266218, -1.055841, -0.796424, -0.726814]
  关节加速度: [-290.794240, -44.631138, 294.957758, -245.957412, -185.841017, -169.759572]

轨迹点 21:
  时间: 0.630000 秒
  关节位置: [-1.322240, 0.654732, 2.279467, -2.410604, -1.736018, -0.031985]
  关节速度: [-0.775050, -0.110562, 0.746056, -0.621868, -0.478387, -0.441149]
  关节加速度: [-448.373640, -63.300403, 428.459972, -357.121245, -275.423989, -254.322295]

轨迹点 22:
  时间: 0.660000 秒
  关节位置: [-1.329963, 0.653637, 2.286869, -2.416774, -1.740771, -0.036372]
  关节速度: [-0.248274, -0.033243, 0.228130, -0.190000, -0.148687, -0.138275]
  关节加速度: [-336.422589, -43.649150, 302.121086, -251.515002, -198.538683, -185.408344]

轨迹点 23:
  时间: 0.690000 秒
  关节位置: [-1.338303, 0.652549, 2.294387, -2.423033, -1.745705, -0.040976]
  关节速度: [-0.121882, -0.015893, 0.109854, -0.091460, -0.072096, -0.067283]
  关节加速度: [178.751224, 23.252410, -160.827500, 133.893149, 105.616037, 98.597364]

轨迹点 24:
  时间: 0.720000 秒
  关节位置: [-1.346531, 0.651562, 2.301348, -2.428817, -1.750383, -0.045392]
  关节速度: [-0.595889, -0.071270, 0.502905, -0.417821, -0.338286, -0.319494]
  关节加速度: [492.520503, 58.885522, -415.552588, 345.244001, 279.556797, 264.040582]

轨迹点 25:
  时间: 0.750000 秒
  关节位置: [-1.354149, 0.650717, 2.307403, -2.433833, -1.754554, -0.049375]
  关节速度: [-1.249316, -0.137424, 0.986476, -0.817039, -0.681406, -0.651323]
  关节加速度: [460.587470, 50.690077, -363.831621, 301.345630, 251.274697, 240.164156]

轨迹点 26:
  时间: 0.780000 秒
  关节位置: [-1.361192, 0.649987, 2.312691, -2.438200, -1.758286, -0.052973]
  关节速度: [-1.711578, -0.173420, 1.261702, -1.040501, -0.897303, -0.868252]
  关节加速度: [181.330574, 18.456536, -134.175055, 110.678503, 95.267655, 92.121300]

轨迹点 27:
  时间: 0.810000 秒
  关节位置: [-1.368053, 0.649317, 2.317586, -2.442226, -1.761818, -0.056411]
  关节速度: [-1.758914, -0.164474, 1.207474, -0.990100, -0.886824, -0.868854]
  关节加速度: [-213.971905, -19.839635, 145.796238, -119.474776, -107.449243, -105.408957]

轨迹点 28:
  时间: 0.840000 秒
  关节位置: [-1.375268, 0.648653, 2.322467, -2.446223, -1.765428, -0.059957]
  关节速度: [-1.349632, -0.116813, 0.860888, -0.700748, -0.655048, -0.649849]
  关节加速度: [-557.600131, -47.950159, 353.503626, -287.562558, -269.791462, -267.927734]

轨迹点 29:
  时间: 0.870000 秒
  关节位置: [-1.383278, 0.647963, 2.327550, -2.450358, -1.769306, -0.063807]
  关节速度: [-0.660812, -0.053290, 0.392009, -0.316296, -0.309583, -0.310817]
  关节加速度: [-642.594905, -51.212742, 376.596892, -303.390707, -299.309053, -301.099358]

轨迹点 30:
  时间: 0.900000 秒
  关节位置: [-1.392163, 0.647252, 2.332778, -2.454571, -1.773452, -0.067975]
  关节速度: [-0.125176, -0.009827, 0.072102, -0.057940, -0.057848, -0.058352]
  关节加速度: [-221.188744, -16.370166, 119.211015, -94.849352, -99.213378, -101.128986]

轨迹点 31:
  时间: 0.930000 秒
  关节位置: [-1.401387, 0.646567, 2.337773, -2.458549, -1.777598, -0.072198]
  关节速度: [-0.336979, -0.025008, 0.182173, -0.145012, -0.151355, -0.154204]
  关节加速度: [521.540976, 38.675498, -281.708672, 224.215186, 234.163816, 238.602792]

轨迹点 32:
  时间: 0.960000 秒
  关节位置: [-1.410136, 0.645960, 2.342117, -2.461955, -1.781391, -0.076112]
  关节速度: [-1.094358, -0.075606, 0.540907, -0.423800, -0.473581, -0.488983]
  关节加速度: [732.634137, 50.616522, -362.127137, 283.727780, 317.049206, 327.359131]

轨迹点 33:
  时间: 0.990000 秒
  关节位置: [-1.418135, 0.645439, 2.345763, -2.464764, -1.784748, -0.079617]
  关节速度: [-1.841013, -0.118875, 0.827161, -0.635155, -0.768503, -0.804132]
  关节加速度: [507.785578, 32.818234, -228.448278, 175.471388, 212.070425, 221.861996]

轨迹点 34:
  时间: 1.020000 秒
  关节位置: [-1.425632, 0.644973, 2.348924, -2.467153, -1.787810, -0.082848]
  关节速度: [-2.192246, -0.132811, 0.888734, -0.664974, -0.883755, -0.937073]
  关节加速度: [19.495587, 1.249712, -8.657886, 6.629675, 8.105226, 8.493958]

轨迹点 35:
  时间: 1.050000 秒
  关节位置: [-1.433162, 0.644526, 2.351865, -2.469331, -1.790811, -0.086044]
  关节速度: [-1.976472, -0.112812, 0.716672, -0.518432, -0.770520, -0.827786]
  关节加速度: [-518.703587, -29.480457, 186.547748, -134.585407, -201.738058, -216.933876]

轨迹点 36:
  时间: 1.080000 秒
  关节位置: [-1.441296, 0.644065, 2.354772, -2.471423, -1.793969, -0.089443]
  关节速度: [-1.271016, -0.068689, 0.408514, -0.282734, -0.480116, -0.522388]
  关节加速度: [-854.532030, -45.953141, 271.562378, -187.098209, -321.884800, -350.626408]

轨迹点 37:
  时间: 1.110000 秒
  关节位置: [-1.450368, 0.643576, 2.357667, -2.473421, -1.797390, -0.093167]
  关节速度: [-0.433033, -0.022389, 0.123930, -0.081450, -0.159353, -0.175267]
  关节加速度: [-702.407647, -35.845227, 193.907068, -125.174071, -256.515012, -283.033826]

轨迹点 38:
  时间: 1.140000 秒
  关节位置: [-1.460189, 0.643074, 2.360397, -2.475189, -1.800982, -0.097128]
  关节速度: [-0.120174, -0.006149, 0.033421, -0.021655, -0.043955, -0.048467]
  关节加速度: [208.478106, 10.652978, -57.762472, 37.357050, 76.193023, 84.043129]

轨迹点 39:
  时间: 1.170000 秒
  关节位置: [-1.469917, 0.642600, 2.362702, -2.476548, -1.804437, -0.100986]
  关节速度: [-0.737348, -0.035871, 0.173846, -0.102170, -0.261649, -0.292265]
  关节加速度: [865.575398, 42.101600, -203.960101, 119.821566, 307.120656, 343.071433]

轨迹点 40:
  时间: 1.200000 秒
  关节位置: [-1.478882, 0.642182, 2.364476, -2.477454, -1.807537, -0.104489]
  关节速度: [-1.666561, -0.077408, 0.324654, -0.163286, -0.575140, -0.650362]
  关节加速度: [847.305690, 39.362776, -165.194986, 83.151713, 292.442628, 330.674691]

轨迹点 41:
  时间: 1.230000 秒
  关节位置: [-1.487076, 0.641814, 2.365816, -2.478001, -1.810309, -0.107651]
  关节速度: [-2.335013, -0.103818, 0.360440, -0.134646, -0.785253, -0.898454]
  关节加速度: [383.287752, 17.065662, -59.655950, 22.590795, 129.004645, 147.545791]

轨迹点 42:
  时间: 1.260000 秒
  关节位置: [-1.494937, 0.641472, 2.366869, -2.478294, -1.812921, -0.110657]
  关节速度: [-2.420818, -0.103212, 0.276869, -0.042582, -0.794999, -0.919819]
  关节加速度: [-263.519513, -11.186287, 29.068419, -3.562857, -86.328554, -99.998394]

轨迹点 43:
  时间: 1.290000 秒
  关节位置: [-1.503085, 0.641128, 2.367726, -2.478362, -1.815584, -0.113745]
  关节速度: [-1.879079, -0.076902, 0.140894, 0.041423, -0.604024, -0.706193]
  关节加速度: [-808.484661, -32.995301, 58.498233, 19.957892, -259.509729, -303.620094]

轨迹点 44:
  时间: 1.320000 秒
  关节位置: [-1.512044, 0.640762, 2.368372, -2.478139, -1.818459, -0.117109]
  关节速度: [-0.956377, -0.037614, 0.035712, 0.057416, -0.301821, -0.356187]
  关节加速度: [-959.658444, -37.555316, 31.399657, 62.088975, -302.166952, -357.010687]

轨迹点 45:
  时间: 1.350000 秒
  关节位置: [-1.521946, 0.640374, 2.368712, -2.477514, -1.821580, -0.120795]
  关节速度: [-0.191810, -0.007367, 0.003005, 0.015719, -0.059965, -0.071120]
  关节加速度: [-433.580504, -16.231379, -3.097996, 45.535904, -134.222173, -160.032475]

轨迹点 46:
  时间: 1.380000 秒
  关节位置: [-1.532259, 0.639987, 2.368658, -2.476451, -1.824775, -0.124603]
  关节速度: [-0.320965, -0.012033, -0.001885, 0.033296, -0.099415, -0.118497]
  关节加速度: [633.788695, 23.749453, 3.984894, -66.012628, 196.273838, 233.969338]

轨迹点 47:
  时间: 1.410000 秒
  关节位置: [-1.542039, 0.639637, 2.368223, -2.475054, -1.827762, -0.128191]
  关节速度: [-1.184624, -0.042308, -0.054641, 0.171162, -0.361573, -0.434585]
  关节加速度: [960.460130, 34.301242, 44.313900, -138.786096, 293.151505, 352.348561]

轨迹点 48:
  时间: 1.440000 秒
  关节位置: [-1.550913, 0.639335, 2.367503, -2.473457, -1.830442, -0.131434]
  关节速度: [-2.046597, -0.069243, -0.176369, 0.378669, -0.617229, -0.747351]
  关节加速度: [684.060012, 23.156852, 58.678531, -126.292396, 206.328850, 249.808159]

轨迹点 49:
  时间: 1.470000 秒
  关节位置: [-1.559119, 0.639068, 2.366576, -2.471718, -1.832901, -0.134424]
  关节速度: [-2.441479, -0.077605, -0.308345, 0.550727, -0.729501, -0.888960]
  关节加速度: [103.232839, 3.317236, 12.333963, -22.575024, 30.894591, 37.606564]

轨迹点 50:
  时间: 1.500000 秒
  关节位置: [-1.567231, 0.638817, 2.365429, -2.469763, -1.835319, -0.137377]
  关节速度: [-2.199154, -0.064927, -0.366034, 0.585079, -0.652773, -0.799758]
  关节加速度: [-494.136777, -14.508077, -83.678824, 132.908860, -146.603843, -179.684995]

轨迹点 51:
  时间: 1.530000 秒
  关节位置: [-1.575871, 0.638566, 2.363941, -2.467414, -1.837882, -0.140519]
  关节速度: [-1.435903, -0.038811, -0.296049, 0.439330, -0.424570, -0.522424]
  关节加速度: [-844.762996, -22.654891, -177.005477, 261.312762, -249.699146, -307.361373]

轨迹点 52:
  时间: 1.560000 秒
  关节位置: [-1.585421, 0.638309, 2.361950, -2.464471, -1.840706, -0.143994]
  关节速度: [-0.533344, -0.013072, -0.129108, 0.182327, -0.157512, -0.194401]
  关节加速度: [-720.687869, -17.223345, -180.716337, 252.627427, -212.782613, -262.805557]

轨迹点 53:
  时间: 1.590000 秒
  关节位置: [-1.595738, 0.638061, 2.359383, -2.460875, -1.843752, -0.147756]
  关节速度: [-0.107782, -0.002594, -0.026774, 0.037529, -0.031825, -0.039299]
  关节加速度: [63.358150, 1.521034, 15.789595, -22.111556, 18.707392, 23.102314]

轨迹点 54:
  时间: 1.620000 秒
  关节位置: [-1.605989, 0.637848, 2.356408, -2.456879, -1.846783, -0.151508]
  关节速度: [-0.611733, -0.012639, -0.178284, 0.239167, -0.180884, -0.223927]
  关节加速度: [731.961600, 15.110677, 213.485269, -286.333759, 216.435630, 267.942216]

轨迹点 55:
  时间: 1.650000 秒
  关节位置: [-1.615409, 0.637687, 2.353289, -2.452827, -1.849579, -0.154974]
  关节速度: [-1.448514, -0.024439, -0.483849, 0.627223, -0.430072, -0.533184]
  关节加速度: [731.815673, 12.354909, 244.361629, -316.797839, 217.277570, 269.370094]

轨迹点 56:
  时间: 1.680000 秒
  关节位置: [-1.623939, 0.637572, 2.350148, -2.448848, -1.852125, -0.158131]
  关节速度: [-2.043707, -0.025721, -0.770639, 0.971124, -0.610837, -0.757669]
  关节加速度: [357.631334, 4.542204, 134.439751, -169.531381, 106.872259, 132.560091]

轨迹点 57:
  时间: 1.710000 秒
  关节位置: [-1.632006, 0.637491, 2.346917, -2.444831, -1.854548, -0.161136]
  关节速度: [-2.117737, -0.016417, -0.890839, 1.095922, -0.638737, -0.791969]
  关节加速度: [-132.663731, -0.925046, -56.739029, 69.559375, -40.071298, -49.681376]

轨迹点 58:
  时间: 1.740000 秒
  关节位置: [-1.640236, 0.637439, 2.343361, -2.440482, -1.857038, -0.164222]
  关节速度: [-1.658130, -0.003913, -0.770273, 0.928086, -0.505796, -0.626388]
  关节加速度: [-522.123434, -1.006358, -244.388571, 294.012105, -159.412080, -197.400298]

轨迹点 59:
  时间: 1.770000 秒
  关节位置: [-1.649162, 0.637422, 2.339180, -2.435453, -1.859763, -0.167597]
  关节速度: [-0.886209, 0.003046, -0.449671, 0.532211, -0.273844, -0.338505]
  关节加速度: [-635.850396, 2.688300, -326.351679, 385.397448, -196.825454, -243.240418]

轨迹点 60:
  时间: 1.800000 秒
  关节位置: [-1.658954, 0.637461, 2.334176, -2.429538, -1.862793, -0.171341]
  关节速度: [-0.220924, 0.001701, -0.118501, 0.138714, -0.068939, -0.085078]
  关节加速度: [-339.616477, 3.794071, -190.117122, 220.730635, -106.820839, -131.654735]

轨迹点 61:
  时间: 1.830000 秒
  关节位置: [-1.669163, 0.637571, 2.328490, -2.422930, -1.866001, -0.175296]
  关节速度: [-0.213951, 0.002319, -0.119291, 0.138604, -0.067244, -0.082887]
  关节加速度: [331.597127, -3.640339, 185.192867, -215.108332, 104.252664, 128.498823]

轨迹点 62:
  时间: 1.860000 秒
  关节位置: [-1.678867, 0.637749, 2.322631, -2.416226, -1.869104, -0.179109]
  关节速度: [-0.824829, 0.015398, -0.499745, 0.571467, -0.263992, -0.324323]
  关节加速度: [566.994165, -10.596909, 343.602680, -392.899937, 181.478828, 222.950799]

轨迹点 63:
  时间: 1.890000 秒
  关节位置: [-1.687635, 0.637978, 2.316943, -2.409806, -1.871959, -0.182605]
  关节速度: [-1.460084, 0.039776, -0.955786, 1.077067, -0.476636, -0.583330]
  关节加速度: [419.928333, -11.405855, 274.695956, -309.592429, 137.057818, 167.743923]

轨迹点 64:
  时间: 1.920000 秒
  关节位置: [-1.695663, 0.638249, 2.311415, -2.403636, -1.874619, -0.185850]
  关节速度: [-1.761058, 0.064579, -1.240273, 1.378588, -0.587288, -0.715710]
  关节加速度: [99.903760, -3.554291, 69.783879, -77.682779, 33.234895, 40.521916]

轨迹点 65:
  时间: 1.950000 秒
  关节位置: [-1.703482, 0.638568, 2.305748, -2.397371, -1.877251, -0.189051]
  关节速度: [-1.609028, 0.075562, -1.214478, 1.332527, -0.548897, -0.665881]
  关节加速度: [-223.503918, 10.740283, -169.898141, 186.173145, -76.426642, -92.671301]

轨迹点 66:
  时间: 1.980000 秒
  关节位置: [-1.711680, 0.638968, 2.299490, -2.390520, -1.880059, -0.192455]
  关节速度: [-1.089298, 0.063158, -0.877374, 0.951013, -0.380432, -0.459338]
  关节加速度: [-416.994247, 24.687664, -338.213050, 366.136256, -146.008618, -176.202353]

轨迹点 67:
  时间: 2.010000 秒
  关节位置: [-1.720636, 0.639495, 2.292245, -2.382672, -1.883192, -0.196237]
  关节速度: [-0.456479, 0.031360, -0.388866, 0.417080, -0.162976, -0.195917]
  关节加速度: [-379.396265, 27.191559, -328.073705, 350.913176, -136.272837, -163.622413]

轨迹点 68:
  时间: 2.040000 秒
  关节位置: [-1.730273, 0.640177, 2.283946, -2.373789, -1.886647, -0.200387]
  关节速度: [-0.101870, 0.007229, -0.087771, 0.093942, -0.036537, -0.043883]
  关节加速度: [-37.386861, 3.200072, -34.448364, 36.408480, -13.799756, -16.481491]

轨迹点 69:
  时间: 2.070000 秒
  关节位置: [-1.739892, 0.640988, 2.275137, -2.364469, -1.890188, -0.204618]
  关节速度: [-0.368193, 0.031176, -0.337843, 0.357333, -0.135660, -0.162079]
  关节加速度: [332.232717, -28.189523, 305.084543, -322.639027, 122.451643, 146.288827]

轨迹点 70:
  时间: 2.100000 秒
  关节位置: [-1.748743, 0.641859, 2.266546, -2.355479, -1.893534, -0.208597]
  关节速度: [-0.904237, 0.089988, -0.881555, 0.921739, -0.342547, -0.407098]
  关节加速度: [357.111670, -35.535683, 348.140986, -364.012766, 135.280193, 160.773559]

轨迹点 71:
  时间: 2.130000 秒
  关节位置: [-1.756722, 0.642754, 2.258395, -2.347033, -1.896626, -0.212256]
  关节速度: [-1.307437, 0.150910, -1.351050, 1.396978, -0.509514, -0.602377]
  关节加速度: [192.649435, -22.150711, 198.760479, -205.578093, 75.017606, 88.702851]

轨迹点 72:
  时间: 2.160000 秒
  关节位置: [-1.764188, 0.643687, 2.250432, -2.338850, -1.899583, -0.215741]
  关节速度: [-1.384948, 0.183434, -1.513859, 1.548436, -0.555478, -0.653375]
  关节加速度: [-32.646292, 4.543184, -36.454749, 37.138965, -13.240430, -15.543684]

轨迹点 73:
  时间: 2.190000 秒
  关节位置: [-1.771689, 0.644719, 2.242101, -2.330355, -1.902617, -0.219305]
  关节速度: [-1.120525, 0.168608, -1.292721, 1.308431, -0.462599, -0.541466]
  关节加速度: [-217.767694, 33.224747, -252.768846, 255.544804, -90.201500, -105.521135]

轨迹点 74:
  时间: 2.220000 秒
  关节位置: [-1.779713, 0.645942, 2.232793, -2.320944, -1.905940, -0.223192]
  关节速度: [-0.643885, 0.108713, -0.781065, 0.782803, -0.273349, -0.318512]
  关节加速度: [-285.314330, 49.106685, -349.121342, 349.315334, -121.719176, -141.719455]

轨迹点 75:
  时间: 2.250000 秒
  关节位置: [-1.788444, 0.647433, 2.222149, -2.310287, -1.909657, -0.227521]
  关节速度: [-0.202897, 0.037040, -0.254827, 0.253638, -0.087866, -0.102071]
  关节加速度: [-177.936431, 34.394661, -229.431856, 227.194668, -78.241682, -90.682054]

轨迹点 76:
  时间: 2.280000 秒
  关节位置: [-1.797561, 0.649178, 2.210445, -2.298687, -1.913655, -0.232158]
  关节速度: [-0.132167, 0.025312, -0.169683, 0.168168, -0.057970, -0.067213]
  关节加速度: [115.569884, -22.231490, 148.679339, -147.293633, 50.751049, 58.832090]

轨迹点 77:
  时间: 2.310000 秒
  关节位置: [-1.806281, 0.651040, 2.198673, -2.287136, -1.917596, -0.236707]
  关节速度: [-0.478916, 0.102842, -0.648316, 0.635792, -0.216769, -0.250209]
  关节加速度: [246.667166, -53.020785, 334.072183, -327.588796, 111.678756, 128.901826]

轨迹点 78:
  时间: 2.340000 秒
  关节位置: [-1.814170, 0.652900, 2.187511, -2.276287, -1.921264, -0.240926]
  关节速度: [-0.875596, 0.209110, -1.246687, 1.210300, -0.408683, -0.469826]
  关节加速度: [197.034391, -47.017805, 280.430006, -272.266183, 91.943264, 105.702038]

轨迹点 79:
  时间: 2.370000 秒
  关节位置: [-1.821356, 0.654742, 2.176923, -2.266079, -1.924690, -0.244854]
  关节速度: [-1.085380, 0.286728, -1.623148, 1.560266, -0.522291, -0.598224]
  关节加速度: [62.495998, -16.346162, 92.997966, -89.482916, 29.980081, 34.351469]

轨迹点 80:
  时间: 2.400000 秒
  关节位置: [-1.828275, 0.656649, 2.166360, -2.255968, -1.928063, -0.248712]
  关节速度: [-1.022971, 0.297424, -1.604575, 1.527594, -0.507324, -0.579169]
  关节加速度: [-80.941028, 23.900541, -127.970322, 121.640003, -40.344894, -46.033240]

轨迹点 81:
  时间: 2.430000 秒
  关节位置: [-1.835427, 0.658766, 2.155041, -2.245211, -1.931630, -0.252782]
  关节速度: [-0.728632, 0.231756, -1.196301, 1.128393, -0.372073, -0.423553]
  关节加速度: [-174.167250, 56.131921, -287.926140, 271.211391, -89.333457, -101.650081]

轨迹点 82:
  时间: 2.460000 秒
  关节位置: [-1.843156, 0.661243, 2.142300, -2.233204, -1.935587, -0.257286]
  关节速度: [-0.344924, 0.118538, -0.589469, 0.551483, -0.180755, -0.205306]
  关节加速度: [-172.397789, 60.729589, -298.510995, 278.544454, -91.119333, -103.420931]

轨迹点 83:
  时间: 2.490000 秒
  关节位置: [-1.851449, 0.664140, 2.128004, -2.219852, -1.939957, -0.262247]
  关节速度: [-0.095994, 0.033800, -0.166158, 0.155049, -0.050724, -0.057575]
  关节加速度: [-42.921671, 16.505536, -77.867582, 71.973146, -23.387118, -26.486765]

轨迹点 84:
  时间: 2.520000 秒
  关节位置: [-1.859785, 0.667312, 2.112967, -2.205938, -1.944482, -0.267374]
  关节速度: [-0.210676, 0.080396, -0.380609, 0.352089, -0.114477, -0.129676]
  关节加速度: [132.711136, -50.767678, 240.074368, -222.026241, 72.175228, 81.752562]

轨迹点 85:
  时间: 2.550000 秒
  关节位置: [-1.867507, 0.670499, 2.098414, -2.192591, -1.948796, -0.272252]
  关节速度: [-0.524224, 0.217890, -0.991896, 0.908974, -0.293623, -0.332010]
  关节加速度: [158.431038, -65.877934, 299.839574, -274.760476, 88.752094, 100.354439]

轨迹点 86:
  时间: 2.580000 秒
  关节位置: [-1.874473, 0.673589, 2.084753, -2.180163, -1.952791, -0.276764]
  关节速度: [-0.780710, 0.351943, -1.544887, 1.402893, -0.450351, -0.508553]
  关节加速度: [94.595654, -42.551709, 186.961261, -169.818406, 54.523573, 61.572154]

轨迹点 87:
  时间: 2.610000 秒
  关节位置: [-1.880952, 0.676645, 2.071605, -2.168285, -1.956590, -0.281052]
  关节速度: [-0.851874, 0.415140, -1.761153, 1.585134, -0.505751, -0.570603]
  关节加速度: [-1.863309, 1.173313, -4.495636, 3.930907, -1.228647, -1.381942]

轨迹点 88:
  时间: 2.640000 秒
  关节位置: [-1.887386, 0.679855, 2.058124, -2.156184, -1.960444, -0.285399]
  关节速度: [-0.716950, 0.376339, -1.546559, 1.380067, -0.437679, -0.493578]
  关节加速度: [-86.045650, 45.717182, -186.926653, 166.570211, -52.774393, -59.510029]

轨迹点 89:
  时间: 2.670000 秒
  关节位置: [-1.894185, 0.683458, 2.043379, -2.143040, -1.964609, -0.290096]
  关节速度: [-0.443397, 0.249238, -0.995297, 0.881050, -0.277808, -0.313277]
  关节加速度: [-123.303821, 70.385819, -279.313187, 246.806677, -77.720135, -87.642103]

轨迹点 90:
  时间: 2.700000 秒
  关节位置: [-1.901536, 0.687623, 2.026800, -2.128379, -1.969229, -0.295306]
  关节速度: [-0.169773, 0.100232, -0.392264, 0.345223, -0.108383, -0.122250]
  关节加速度: [-87.696216, 53.777925, -207.278441, 181.603010, -56.821953, -64.104921]

轨迹点 91:
  时间: 2.730000 秒
  关节位置: [-1.909237, 0.692304, 2.008695, -2.112500, -1.974201, -0.300916]
  关节速度: [-0.089650, 0.054454, -0.210683, 0.184794, -0.057870, -0.065284]
  关节加速度: [34.718292, -21.180581, 81.804867, -71.715508, 22.449475, 25.326195]

轨迹点 92:
  时间: 2.760000 秒
  关节位置: [-1.916678, 0.697149, 1.990462, -2.096640, -1.979135, -0.306486]
  关节速度: [-0.274508, 0.179501, -0.674413, 0.586334, -0.182343, -0.205884]
  关节加速度: [104.891128, -68.695112, 257.942305, -224.213160, 69.717455, 78.719628]

轨迹点 93:
  时间: 2.790000 秒
  关节位置: [-1.923452, 0.701851, 1.973199, -2.081740, -1.983741, -0.311693]
  关节速度: [-0.513243, 0.359607, -1.315401, 1.134088, -0.350241, -0.395976]
  关节加速度: [90.918205, -63.690095, 232.988333, -200.878155, 62.038589, 70.139294]

轨迹点 94:
  时间: 2.820000 秒
  关节位置: [-1.929624, 0.706382, 1.956918, -2.067783, -1.988030, -0.316548]
  关节速度: [-0.654087, 0.489758, -1.747075, 1.494100, -0.458122, -0.518840]
  关节加速度: [35.339592, -26.297193, 94.024185, -80.470311, 24.690501, 27.958356]

轨迹点 95:
  时间: 2.850000 秒
  关节位置: [-1.935524, 0.710929, 1.940870, -2.054107, -1.992209, -0.321285]
  关节速度: [-0.636882, 0.508377, -1.771259, 1.502918, -0.457412, -0.519140]
  关节加速度: [-27.914174, 22.672985, -78.504335, 66.469734, -20.189038, -22.926869]

轨迹点 96:
  时间: 2.880000 秒
  关节位置: [-1.941556, 0.715808, 1.923953, -2.039777, -1.996564, -0.326230]
  关节速度: [-0.477172, 0.404695, -1.379656, 1.161898, -0.350950, -0.399295]
  关节加速度: [-72.307959, 62.098169, -210.772786, 177.232451, -53.448814, -60.842793]

轨迹点 97:
  时间: 2.910000 秒
  关节位置: [-1.948015, 0.721321, 1.905203, -2.023998, -2.001326, -0.331649]
  关节速度: [-0.252012, 0.225302, -0.754019, 0.630859, -0.189204, -0.215813]
  关节加速度: [-77.646013, 70.888858, -235.544670, 196.561013, -58.784512, -67.120252]

轨迹点 98:
  时间: 2.940000 秒
  关节位置: [-1.954931, 0.727582, 1.884337, -2.006567, -2.006544, -0.337606]
  关节速度: [-0.087318, 0.079837, -0.265131, 0.221205, -0.066134, -0.075523]
  关节加速度: [-29.383854, 28.525124, -92.834101, 76.878141, -22.784757, -26.107503]

轨迹点 99:
  时间: 2.970000 秒
  关节位置: [-1.961899, 0.734278, 1.862473, -1.988438, -2.011925, -0.343768]
  关节速度: [-0.126090, 0.121353, -0.396069, 0.328344, -0.097435, -0.111590]
  关节加速度: [52.268643, -50.478280, 164.561987, -136.365092, 40.445378, 46.330395]

轨迹点 100:
  时间: 3.000000 秒
  关节位置: [-1.964522, 0.736893, 1.854036, -1.981475, -2.013980, -0.346127]
  关节速度: [0.000000, 0.000000, 0.000000, 0.000000, 0.000000, 0.000000]
  关节加速度: [0.000000, 0.000000, 0.000000, 0.000000, 0.000000, 0.000000]

