详细轨迹分析报告
====================
轨迹点数: 101
轨迹总时间: 3.000 秒
关节名称: 
  0: joint1
  1: joint2
  2: joint3
  3: joint4
  4: joint5
  5: joint6

详细轨迹点信息:
================
轨迹点 0:
  时间: 0.000000 秒
  关节位置: [-1.964781, 0.736047, 1.854498, -1.980617, -2.013669, -0.346709]
  关节速度: [0.000000, 0.000000, 0.000000, 0.000000, 0.000000, 0.000000]
  关节加速度: [0.000000, 0.000000, 0.000000, 0.000000, 0.000000, 0.000000]

轨迹点 1:
  时间: 0.030000 秒
  关节位置: [-1.964780, 0.731891, 1.854167, -1.976131, -2.013670, -0.346706]
  关节速度: [0.000503, -1.819414, -0.145103, 1.963595, -0.000606, 0.001130]
  关节加速度: [0.065338, -236.358782, -18.850239, 255.089298, -0.078771, 0.146851]

轨迹点 2:
  时间: 0.060000 秒
  关节位置: [-1.964778, 0.723868, 1.853527, -1.967473, -2.013673, -0.346701]
  关节速度: [0.000219, -0.791027, -0.063086, 0.853713, -0.000264, 0.000491]
  关节加速度: [-0.128673, 465.468582, 37.122352, -502.355159, 0.155127, -0.289199]

轨迹点 3:
  时间: 0.090000 秒
  关节位置: [-1.964777, 0.720823, 1.853231, -1.964132, -2.013674, -0.346699]
  关节速度: [0.000267, -0.954212, -0.104239, 1.057962, -0.000322, 0.000600]
  关节加速度: [0.066080, -235.604263, -26.899576, 262.382751, -0.079665, 0.148526]

轨迹点 4:
  时间: 0.120000 秒
  关节位置: [-1.964773, 0.706616, 1.851646, -1.948348, -2.013678, -0.346691]
  关节速度: [0.000451, -1.610802, -0.180878, 1.790852, -0.000544, 0.001015]
  关节加速度: [-0.040691, 145.230478, 16.227077, -161.382992, 0.049057, -0.091460]

轨迹点 5:
  时间: 0.150000 秒
  关节位置: [-1.964771, 0.699693, 1.850869, -1.940651, -2.013681, -0.346686]
  关节速度: [0.000077, -0.275319, -0.032716, 0.307893, -0.000093, 0.000174]
  关节加速度: [0.024517, -85.676354, -13.693851, 99.325276, -0.029557, 0.055110]

轨迹点 6:
  时间: 0.180000 秒
  关节位置: [-1.964768, 0.690339, 1.849469, -1.929903, -2.013684, -0.346680]
  关节速度: [0.000489, -1.711798, -0.264511, 1.975413, -0.000589, 0.001099]
  关节加速度: [0.014482, -50.361824, -8.617323, 58.952607, -0.017459, 0.032554]

轨迹点 7:
  时间: 0.210000 秒
  关节位置: [-1.964765, 0.678303, 1.847599, -1.916002, -2.013688, -0.346672]
  关节速度: [0.000162, -0.567749, -0.087978, 0.655430, -0.000195, 0.000364]
  关节加速度: [-0.054113, 189.352835, 29.686845, -218.940514, 0.065237, -0.121638]

轨迹点 8:
  时间: 0.240000 秒
  关节位置: [-1.964763, 0.673696, 1.846782, -1.910581, -2.013690, -0.346669]
  关节速度: [0.000333, -1.144808, -0.221927, 1.366125, -0.000401, 0.000748]
  关节加速度: [0.056378, -192.995966, -39.482137, 232.374780, -0.067968, 0.126741]

轨迹点 9:
  时间: 0.270000 秒
  关节位置: [-1.964759, 0.659870, 1.844049, -1.894030, -2.013695, -0.346660]
  关节速度: [0.000390, -1.338285, -0.266307, 1.603877, -0.000470, 0.000877]
  关节加速度: [-0.048802, 167.509303, 33.273207, -200.693073, 0.058834, -0.109707]

轨迹点 10:
  时间: 0.300000 秒
  关节位置: [-1.964758, 0.654461, 1.842972, -1.887547, -2.013697, -0.346657]
  关节速度: [0.000109, -0.372278, -0.080963, 0.453041, -0.000132, 0.000246]
  关节加速度: [0.041080, -137.649567, -34.320337, 171.894613, -0.049525, 0.092356]

轨迹点 11:
  时间: 0.330000 秒
  关节位置: [-1.964755, 0.644185, 1.840512, -1.874816, -2.013700, -0.346650]
  关节速度: [0.000492, -1.651852, -0.402096, 2.053047, -0.000593, 0.001105]
  关节加速度: [0.000713, -2.094067, -1.149727, 3.242487, -0.000859, 0.001603]

轨迹点 12:
  时间: 0.360000 秒
  关节位置: [-1.964752, 0.633800, 1.837979, -1.861904, -2.013704, -0.346643]
  关节速度: [0.000114, -0.382249, -0.092720, 0.474761, -0.000137, 0.000256]
  关节加速度: [-0.042515, 142.720163, 35.021676, -177.663919, 0.051255, -0.095581]

轨迹点 13:
  时间: 0.390000 秒
  关节位置: [-1.964750, 0.628672, 1.836572, -1.855372, -2.013706, -0.346640]
  关节速度: [0.000382, -1.254755, -0.360959, 1.615015, -0.000460, 0.000858]
  关节加速度: [0.048759, -159.476433, -47.616243, 207.003306, -0.058782, 0.109627]

轨迹点 14:
  时间: 0.420000 秒
  关节位置: [-1.964746, 0.615447, 1.832728, -1.838311, -2.013711, -0.346631]
  关节速度: [0.000336, -1.101516, -0.321338, 1.422239, -0.000405, 0.000755]
  关节加速度: [-0.054806, 179.822155, 52.509938, -232.231641, 0.066072, -0.123221]

轨迹点 15:
  时间: 0.450000 秒
  关节位置: [-1.964745, 0.611018, 1.831424, -1.832580, -2.013712, -0.346627]
  关节速度: [0.000155, -0.500474, -0.161311, 0.661501, -0.000187, 0.000348]
  关节加速度: [0.051373, -163.961518, -56.954887, 220.822238, -0.061934, 0.115513]

轨迹点 16:
  时间: 0.480000 秒
  关节位置: [-1.964741, 0.600107, 1.827741, -1.817991, -2.013716, -0.346620]
  关节速度: [0.000481, -1.541240, -0.525754, 2.066112, -0.000580, 0.001082]
  关节加速度: [-0.012675, 40.820667, 13.432072, -54.229506, 0.015280, -0.028499]

轨迹点 17:
  时间: 0.510000 秒
  关节位置: [-1.964739, 0.591453, 1.824787, -1.806389, -2.013720, -0.346614]
  关节速度: [0.000079, -0.254544, -0.086159, 0.340558, -0.000096, 0.000179]
  关节加速度: [-0.025504, 81.587967, 27.950922, -109.492140, 0.030746, -0.057345]

轨迹点 18:
  时间: 0.540000 秒
  关节位置: [-1.964737, 0.585628, 1.822572, -1.798352, -2.013722, -0.346610]
  关节速度: [0.000422, -1.316709, -0.515161, 1.831096, -0.000509, 0.000949]
  关节加速度: [0.038836, -120.463023, -48.601386, 168.993219, -0.046819, 0.087329]

轨迹点 19:
  时间: 0.570000 秒
  关节位置: [-1.964733, 0.573378, 1.817750, -1.781288, -2.013727, -0.346601]
  关节速度: [0.000277, -0.864536, -0.340949, 1.204976, -0.000334, 0.000624]
  关节加速度: [-0.057473, 178.999911, 70.761161, -249.655718, 0.069288, -0.129238]

轨迹点 20:
  时间: 0.600000 秒
  关节位置: [-1.964732, 0.569562, 1.816211, -1.775936, -2.013728, -0.346598]
  关节速度: [0.000208, -0.633403, -0.276102, 0.909124, -0.000250, 0.000467]
  关节加速度: [0.056192, -169.554131, -77.514981, 246.966100, -0.067742, 0.126366]

轨迹点 21:
  时间: 0.630000 秒
  关节位置: [-1.964728, 0.558375, 1.811210, -1.759754, -2.013733, -0.346590]
  关节速度: [0.000459, -1.389255, -0.625445, 2.013859, -0.000553, 0.001032]
  关节加速度: [-0.025032, 75.977980, 33.849268, -109.781359, 0.030178, -0.056292]

轨迹点 22:
  时间: 0.660000 秒
  关节位置: [-1.964726, 0.551395, 1.808068, -1.749636, -2.013735, -0.346584]
  关节速度: [0.000065, -0.196754, -0.087770, 0.284405, -0.000078, 0.000146]
  关节加速度: [-0.002719, 8.276301, 3.637543, -11.908860, 0.003277, -0.006113]

轨迹点 23:
  时间: 0.690000 秒
  关节位置: [-1.964723, 0.544825, 1.804796, -1.739797, -2.013738, -0.346579]
  关节速度: [0.000452, -1.327616, -0.673954, 2.000742, -0.000544, 0.001016]
  关节加速度: [0.027295, -79.612989, -41.659964, 121.222912, -0.032906, 0.061387]

轨迹点 24:
  时间: 0.720000 秒
  关节位置: [-1.964720, 0.533847, 1.799202, -1.723233, -2.013743, -0.346571]
  关节速度: [0.000219, -0.642236, -0.327400, 0.969235, -0.000264, 0.000492]
  关节加速度: [-0.056325, 165.257959, 84.540832, -249.695529, 0.067903, -0.126674]

轨迹点 25:
  时间: 0.750000 秒
  关节位置: [-1.964718, 0.530298, 1.797321, -1.717806, -2.013744, -0.346568]
  关节速度: [0.000263, -0.751123, -0.422576, 1.173217, -0.000317, 0.000591]
  关节加速度: [0.056389, -159.570901, -92.906311, 252.373826, -0.067980, 0.126828]

轨迹点 26:
  时间: 0.780000 秒
  关节位置: [-1.964714, 0.519219, 1.790993, -1.700405, -2.013749, -0.346560]
  关节速度: [0.000425, -1.207006, -0.692875, 1.899102, -0.000512, 0.000955]
  关节加速度: [-0.035800, 101.836137, 58.235614, -160.006115, 0.043158, -0.080518]

轨迹点 27:
  时间: 0.810000 秒
  关节位置: [-1.964713, 0.513731, 1.787845, -1.691773, -2.013751, -0.346555]
  关节速度: [0.000074, -0.210612, -0.122095, 0.332570, -0.000090, 0.000167]
  关节加速度: [0.020481, -55.944337, -36.470289, 92.377073, -0.024691, 0.046068]

轨迹点 28:
  时间: 0.840000 秒
  关节位置: [-1.964710, 0.506505, 1.783276, -1.679982, -2.013754, -0.346549]
  关节速度: [0.000469, -1.288590, -0.825770, 2.113499, -0.000566, 0.001055]
  关节加速度: [0.014793, -40.105471, -26.750315, 66.828662, -0.017834, 0.033274]

轨迹点 29:
  时间: 0.870000 秒
  关节位置: [-1.964706, 0.496999, 1.777171, -1.664378, -2.013758, -0.346542]
  关节速度: [0.000163, -0.448439, -0.287730, 0.735869, -0.000197, 0.000367]
  关节加速度: [-0.050884, 139.483944, 89.926844, -229.317492, 0.061342, -0.114451]

轨迹点 30:
  时间: 0.900000 秒
  关节位置: [-1.964705, 0.493429, 1.774750, -1.658389, -2.013760, -0.346539]
  关节速度: [0.000316, -0.839267, -0.593877, 1.432564, -0.000381, 0.000711]
  关节加速度: [0.052739, -138.719951, -100.894718, 239.517966, -0.063579, 0.118634]

轨迹点 31:
  时间: 0.930000 秒
  关节位置: [-1.964701, 0.482828, 1.767175, -1.640220, -2.013765, -0.346530]
  关节速度: [0.000381, -1.007140, -0.722296, 1.728738, -0.000459, 0.000857]
  关节加速度: [-0.044408, 117.432728, 84.134470, -201.485770, 0.053536, -0.099893]

轨迹点 32:
  时间: 0.960000 秒
  关节位置: [-1.964699, 0.478561, 1.764114, -1.632895, -2.013767, -0.346526]
  关节速度: [0.000104, -0.269870, -0.201517, 0.471196, -0.000125, 0.000233]
  关节加速度: [0.036715, -92.847726, -74.977887, 167.758287, -0.044261, 0.082594]

轨迹点 33:
  时间: 0.990000 秒
  关节位置: [-1.964696, 0.470882, 1.758060, -1.619168, -2.013770, -0.346519]
  关节速度: [0.000474, -1.204436, -0.958952, 2.162520, -0.000571, 0.001066]
  关节加速度: [0.001984, -4.623260, -4.553208, 9.172830, -0.002391, 0.004463]

轨迹点 34:
  时间: 1.020000 秒
  关节位置: [-1.964693, 0.462942, 1.751730, -1.604904, -2.013774, -0.346512]
  关节速度: [0.000116, -0.294865, -0.234347, 0.529000, -0.000140, 0.000261]
  关节加速度: [-0.040709, 103.320043, 82.656017, -185.901411, 0.049076, -0.091578]

轨迹点 35:
  时间: 1.050000 秒
  关节位置: [-1.964692, 0.459148, 1.748500, -1.597883, -2.013776, -0.346509]
  关节速度: [0.000364, -0.888820, -0.780060, 1.668213, -0.000438, 0.000818]
  关节加速度: [0.045977, -111.286397, -100.073913, 211.275995, -0.055427, 0.103439]

轨迹点 36:
  时间: 1.080000 秒
  关节位置: [-1.964688, 0.449353, 1.739845, -1.579440, -2.013781, -0.346500]
  关节速度: [0.000330, -0.803013, -0.711316, 1.513723, -0.000397, 0.000742]
  关节加速度: [-0.050288, 122.457635, 108.538256, -230.903670, 0.060624, -0.113136]

轨迹点 37:
  时间: 1.110000 秒
  关节位置: [-1.964686, 0.445993, 1.736855, -1.573092, -2.013782, -0.346497]
  关节速度: [0.000146, -0.346358, -0.326201, 0.672291, -0.000176, 0.000328]
  关节加速度: [0.046751, -108.287760, -107.655798, 215.857819, -0.056360, 0.105186]

轨迹点 38:
  时间: 1.140000 秒
  关节位置: [-1.964683, 0.438138, 1.729205, -1.557594, -2.013787, -0.346489]
  关节速度: [0.000465, -1.083073, -1.062686, 2.144906, -0.000560, 0.001046]
  关节加速度: [-0.010465, 24.703045, 23.534224, -48.218077, 0.012616, -0.023545]

轨迹点 39:
  时间: 1.170000 秒
  关节位置: [-1.964680, 0.431749, 1.722934, -1.544938, -2.013790, -0.346483]
  关节速度: [0.000081, -0.190029, -0.185481, 0.375361, -0.000098, 0.000183]
  关节加速度: [-0.025455, 59.220829, 58.297322, -117.471469, 0.030686, -0.057271]

轨迹点 40:
  时间: 1.200000 秒
  关节位置: [-1.964678, 0.427633, 1.718580, -1.536472, -2.013792, -0.346479]
  关节速度: [0.000402, -0.895802, -0.969102, 1.864166, -0.000485, 0.000905]
  关节加速度: [0.036844, -81.105487, -89.871097, 170.909010, -0.044416, 0.082901]

轨迹点 41:
  时间: 1.230000 秒
  关节位置: [-1.964675, 0.418903, 1.709090, -1.518259, -2.013797, -0.346470]
  关节速度: [0.000274, -0.607726, -0.661653, 1.268877, -0.000330, 0.000616]
  关节加速度: [-0.052898, 117.330970, 127.978388, -245.212339, 0.063770, -0.119024]

轨迹点 42:
  时间: 1.260000 秒
  关节位置: [-1.964673, 0.416144, 1.706040, -1.512453, -2.013798, -0.346467]
  关节速度: [0.000196, -0.418329, -0.490973, 0.908944, -0.000236, 0.000440]
  关节加速度: [0.051372, -107.669308, -131.630836, 239.205919, -0.061930, 0.115600]

轨迹点 43:
  时间: 1.290000 秒
  关节位置: [-1.964670, 0.408420, 1.696775, -1.495470, -2.013803, -0.346459]
  关节速度: [0.000443, -0.934787, -1.127957, 2.061931, -0.000534, 0.000997]
  关节加速度: [-0.021875, 46.377681, 55.426833, -101.764393, 0.026370, -0.049222]

轨迹点 44:
  时间: 1.320000 秒
  关节位置: [-1.964667, 0.403464, 1.690798, -1.484541, -2.013806, -0.346454]
  关节速度: [0.000065, -0.138122, -0.165395, 0.303397, -0.000079, 0.000147]
  关节加速度: [-0.004934, 10.450656, 12.511678, -22.953285, 0.005948, -0.011102]

轨迹点 45:
  时间: 1.350000 秒
  关节位置: [-1.964665, 0.399042, 1.685002, -1.474327, -2.013808, -0.346449]
  关节速度: [0.000430, -0.860818, -1.147957, 2.007986, -0.000518, 0.000968]
  关节加速度: [0.026098, -51.492808, -70.561619, 122.006555, -0.031462, 0.058732]

轨迹点 46:
  时间: 1.380000 秒
  关节位置: [-1.964661, 0.391553, 1.674980, -1.456823, -2.013813, -0.346440]
  关节速度: [0.000217, -0.433057, -0.579801, 1.012460, -0.000261, 0.000488]
  关节加速度: [-0.051769, 103.255412, 138.684542, -241.844995, 0.062409, -0.116500]

轨迹点 47:
  时间: 1.410000 秒
  关节位置: [-1.964660, 0.389130, 1.671633, -1.451056, -2.013814, -0.346437]
  关节速度: [0.000247, -0.470316, -0.686427, 1.156290, -0.000298, 0.000556]
  关节加速度: [0.051371, -96.015142, -144.963187, 240.884095, -0.061928, 0.115612]

轨迹点 48:
  时间: 1.440000 秒
  关节位置: [-1.964656, 0.381839, 1.660830, -1.432969, -2.013819, -0.346429]
  关节速度: [0.000409, -0.771333, -1.148501, 1.919083, -0.000494, 0.000921]
  关节加速度: [-0.031580, 59.625825, 88.428356, -147.996253, 0.038070, -0.071071]

轨迹点 49:
  时间: 1.470000 秒
  关节位置: [-1.964654, 0.378116, 1.655291, -1.423710, -2.013821, -0.346424]
  关节速度: [0.000072, -0.134957, -0.201985, 0.336810, -0.000087, 0.000162]
  关节加速度: [0.016586, -29.073699, -48.977980, 78.021252, -0.019994, 0.037330]

轨迹点 50:
  时间: 1.500000 秒
  关节位置: [-1.964652, 0.373507, 1.647777, -1.411593, -2.013824, -0.346418]
  关节速度: [0.000445, -0.788416, -1.303668, 2.091268, -0.000536, 0.001001]
  关节加速度: [0.014527, -25.144961, -43.260788, 68.379098, -0.017513, 0.032697]

轨迹点 51:
  时间: 1.530000 秒
  关节位置: [-1.964648, 0.367344, 1.637561, -1.395219, -2.013829, -0.346411]
  关节速度: [0.000163, -0.288352, -0.477482, 0.765535, -0.000196, 0.000366]
  关节加速度: [-0.046560, 82.212736, 136.817766, -218.945089, 0.056129, -0.104792]

轨迹点 52:
  时间: 1.560000 秒
  关节位置: [-1.964647, 0.365065, 1.633587, -1.388970, -2.013830, -0.346408]
  关节速度: [0.000295, -0.492836, -0.900075, 1.392370, -0.000356, 0.000665]
  关节加速度: [0.047577, -77.875992, -146.696177, 224.484884, -0.057355, 0.107090]

轨迹点 53:
  时间: 1.590000 秒
  关节位置: [-1.964643, 0.358476, 1.621417, -1.370217, -2.013835, -0.346399]
  关节速度: [0.000366, -0.604893, -1.121666, 1.725888, -0.000441, 0.000824]
  关节加速度: [-0.038963, 64.454173, 119.373430, -183.756122, 0.046970, -0.087700]

轨迹点 54:
  时间: 1.620000 秒
  关节位置: [-1.964641, 0.355734, 1.616334, -1.362395, -2.013837, -0.346395]
  关节速度: [0.000097, -0.157287, -0.302858, 0.459966, -0.000117, 0.000219]
  关节加速度: [0.031219, -47.494092, -100.298159, 147.734972, -0.037635, 0.070276]

轨迹点 55:
  时间: 1.650000 秒
  关节位置: [-1.964638, 0.351140, 1.606912, -1.348385, -2.013840, -0.346388]
  关节速度: [0.000446, -0.686264, -1.424481, 2.109927, -0.000538, 0.001004]
  关节加速度: [0.002926, -4.035952, -9.865791, 13.896374, -0.003527, 0.006587]

轨迹点 56:
  时间: 1.680000 秒
  关节位置: [-1.964635, 0.346296, 1.596840, -1.333475, -2.013844, -0.346381]
  关节速度: [0.000117, -0.179475, -0.371823, 0.551085, -0.000140, 0.000262]
  关节加速度: [-0.037115, 56.882933, 118.765984, -175.580823, 0.044742, -0.083545]

轨迹点 57:
  时间: 1.710000 秒
  关节位置: [-1.964634, 0.344059, 1.591846, -1.326246, -2.013846, -0.346378]
  关节速度: [0.000337, -0.481897, -1.117581, 1.598859, -0.000406, 0.000759]
  关节加速度: [0.040872, -57.204579, -136.878891, 194.008478, -0.049271, 0.092011]

轨迹点 58:
  时间: 1.740000 秒
  关节位置: [-1.964630, 0.338382, 1.578565, -1.307296, -2.013851, -0.346369]
  关节速度: [0.000315, -0.446970, -1.049107, 1.495499, -0.000380, 0.000710]
  关节加速度: [-0.043506, 61.659133, 144.837057, -206.416365, 0.052446, -0.097938]

轨迹点 59:
  时间: 1.770000 秒
  关节位置: [-1.964628, 0.336368, 1.573817, -1.300536, -2.013853, -0.346366]
  关节速度: [0.000135, -0.182454, -0.459015, 0.641221, -0.000163, 0.000304]
  关节加速度: [0.039617, -50.861784, -137.827278, 188.616367, -0.047759, 0.089192]

轨迹点 60:
  时间: 1.800000 秒
  关节位置: [-1.964625, 0.332030, 1.562395, -1.284783, -2.013857, -0.346358]
  关节速度: [0.000434, -0.564150, -1.500908, 2.064262, -0.000523, 0.000977]
  关节加速度: [-0.007934, 10.661068, 27.067702, -37.714212, 0.009564, -0.017861]

轨迹点 61:
  时间: 1.830000 秒
  关节位置: [-1.964622, 0.328417, 1.552775, -1.271554, -2.013860, -0.346352]
  关节速度: [0.000083, -0.107930, -0.285200, 0.392979, -0.000100, 0.000186]
  关节加速度: [-0.023514, 30.478770, 81.476729, -111.912352, 0.028346, -0.052937]

轨迹点 62:
  时间: 1.860000 秒
  关节位置: [-1.964620, 0.326213, 1.546333, -1.262913, -2.013862, -0.346348]
  关节速度: [0.000369, -0.438265, -1.324023, 1.761611, -0.000445, 0.000831]
  关节加速度: [0.032172, -37.223899, -116.532688, 153.697549, -0.038783, 0.072436]

轨迹点 63:
  时间: 1.890000 秒
  关节位置: [-1.964616, 0.321591, 1.532267, -1.244231, -2.013867, -0.346339]
  关节速度: [0.000261, -0.307292, -0.937245, 1.244058, -0.000314, 0.000587]
  关节加速度: [-0.044836, 52.765053, 161.399156, -214.081935, 0.054049, -0.100947]

轨迹点 64:
  时间: 1.920000 秒
  关节位置: [-1.964615, 0.320087, 1.527598, -1.238060, -2.013868, -0.346336]
  关节速度: [0.000178, -0.194884, -0.657261, 0.851819, -0.000215, 0.000401]
  关节加速度: [0.042728, -44.507390, -160.382159, 204.811138, -0.051508, 0.096209]

轨迹点 65:
  时间: 1.950000 秒
  关节位置: [-1.964612, 0.316249, 1.514195, -1.220826, -2.013873, -0.346328]
  关节速度: [0.000409, -0.432881, -1.526645, 1.958775, -0.000493, 0.000921]
  关节加速度: [-0.017348, 18.600964, 64.514694, -83.083822, 0.020913, -0.039062]

轨迹点 66:
  时间: 1.980000 秒
  关节位置: [-1.964609, 0.313713, 1.505256, -1.209355, -2.013876, -0.346323]
  关节速度: [0.000066, -0.070230, -0.244716, 0.314825, -0.000079, 0.000148]
  关节加速度: [-0.006114, 6.505229, 22.795119, -29.289128, 0.007371, -0.013767]

轨迹点 67:
  时间: 2.010000 秒
  关节位置: [-1.964607, 0.311628, 1.496952, -1.198970, -2.013878, -0.346318]
  关节速度: [0.000389, -0.366536, -1.505140, 1.870962, -0.000469, 0.000876]
  关节加速度: [0.022400, -20.322288, -87.547247, 107.828424, -0.027003, 0.050442]

轨迹点 68:
  时间: 2.040000 秒
  关节位置: [-1.964603, 0.308123, 1.482470, -1.180991, -2.013883, -0.346309]
  关节速度: [0.000206, -0.192832, -0.797430, 0.989884, -0.000248, 0.000463]
  关节加速度: [-0.042777, 39.888713, 165.940941, -205.751149, 0.051566, -0.096324]

轨迹点 69:
  时间: 2.070000 秒
  关节位置: [-1.964602, 0.306975, 1.477503, -1.174878, -2.013884, -0.346306]
  关节速度: [0.000221, -0.185470, -0.881726, 1.066791, -0.000267, 0.000498]
  关节加速度: [0.041574, -33.021277, -167.971114, 200.916087, -0.050117, 0.093624]

轨迹点 70:
  时间: 2.100000 秒
  关节位置: [-1.964598, 0.303859, 1.462240, -1.156506, -2.013889, -0.346298]
  关节速度: [0.000373, -0.303151, -1.499296, 1.801762, -0.000450, 0.000840]
  关节加速度: [-0.024727, 20.227487, 99.222157, -119.404261, 0.029808, -0.055685]

轨迹点 71:
  时间: 2.130000 秒
  关节位置: [-1.964596, 0.302206, 1.454083, -1.146699, -2.013891, -0.346293]
  关节速度: [0.000069, -0.056372, -0.279120, 0.335364, -0.000084, 0.000156]
  关节加速度: [0.011593, -7.721678, -48.600261, 56.300660, -0.013975, 0.026109]

轨迹点 72:
  时间: 2.160000 秒
  关节位置: [-1.964594, 0.300402, 1.443568, -1.134385, -2.013894, -0.346288]
  关节速度: [0.000396, -0.274054, -1.648465, 1.921792, -0.000477, 0.000892]
  关节加速度: [0.012444, -8.001249, -52.508385, 60.486793, -0.015001, 0.028026]

轨迹点 73:
  时间: 2.190000 秒
  关节位置: [-1.964590, 0.298003, 1.429058, -1.117482, -2.013899, -0.346280]
  关节速度: [0.000155, -0.107030, -0.645802, 0.752547, -0.000187, 0.000349]
  关节加速度: [-0.037380, 25.540188, 155.946155, -181.417734, 0.045060, -0.084183]

轨迹点 74:
  时间: 2.220000 秒
  关节位置: [-1.964589, 0.297139, 1.423314, -1.110878, -2.013900, -0.346277]
  关节速度: [0.000260, -0.150738, -1.115270, 1.265531, -0.000313, 0.000585]
  关节加速度: [0.037224, -20.111297, -161.707840, 181.750811, -0.044872, 0.083838]

轨迹点 75:
  时间: 2.250000 秒
  关节位置: [-1.964585, 0.294921, 1.406410, -1.091762, -2.013905, -0.346268]
  关节速度: [0.000329, -0.184482, -1.420843, 1.604722, -0.000397, 0.000741]
  关节加速度: [-0.029640, 16.666146, 127.979846, -144.591585, 0.035731, -0.066758]

轨迹点 76:
  时间: 2.280000 秒
  关节位置: [-1.964583, 0.293953, 1.398968, -1.083355, -2.013907, -0.346264]
  关节速度: [0.000090, -0.047268, -0.391241, 0.438344, -0.000108, 0.000202]
  关节加速度: [0.022681, -9.359446, -102.099465, 111.417276, -0.027341, 0.051088]

轨迹点 77:
  时间: 2.310000 秒
  关节位置: [-1.964580, 0.292641, 1.385996, -1.069076, -2.013911, -0.346257]
  关节速度: [0.000390, -0.169765, -1.744285, 1.913334, -0.000470, 0.000878]
  关节加速度: [0.003108, -0.889613, -14.473760, 15.357667, -0.003747, 0.007001]

轨迹点 78:
  时间: 2.340000 秒
  关节位置: [-1.964577, 0.291269, 1.371826, -1.053540, -2.013914, -0.346250]
  关节速度: [0.000112, -0.049256, -0.502838, 0.551887, -0.000136, 0.000253]
  关节加速度: [-0.028949, 12.379912, 129.784679, -142.111450, 0.034897, -0.065206]

轨迹点 79:
  时间: 2.370000 秒
  关节位置: [-1.964575, 0.290708, 1.364756, -1.045913, -2.013916, -0.346247]
  关节速度: [0.000290, -0.091809, -1.340815, 1.432091, -0.000350, 0.000653]
  关节加速度: [0.030743, -8.519647, -143.650397, 152.113606, -0.037060, 0.069253]

轨迹点 80:
  时间: 2.400000 秒
  关节位置: [-1.964572, 0.289506, 1.346506, -1.026468, -2.013921, -0.346238]
  关节速度: [0.000280, -0.084307, -1.297851, 1.381645, -0.000337, 0.000630]
  关节加速度: [-0.031849, 9.559514, 147.896277, -157.397324, 0.038393, -0.071743]

轨迹点 81:
  时间: 2.430000 秒
  关节位置: [-1.964570, 0.289058, 1.339542, -1.019058, -2.013923, -0.346235]
  关节速度: [0.000119, -0.028193, -0.563233, 0.591207, -0.000144, 0.000268]
  关节加速度: [0.028027, -4.111860, -135.687208, 139.747613, -0.033786, 0.063139]

轨迹点 82:
  时间: 2.460000 秒
  关节位置: [-1.964567, 0.288465, 1.323981, -1.002910, -2.013927, -0.346227]
  关节速度: [0.000371, -0.063090, -1.786391, 1.848800, -0.000448, 0.000836]
  关节加速度: [-0.004929, 1.176198, 23.279728, -24.446878, 0.005942, -0.011103]

轨迹点 83:
  时间: 2.490000 秒
  关节位置: [-1.964564, 0.287989, 1.310459, -0.988918, -2.013930, -0.346221]
  关节速度: [0.000082, -0.014561, -0.392616, 0.407027, -0.000099, 0.000184]
  关节加速度: [-0.018045, 2.954629, 86.967360, -89.888861, 0.021753, -0.040651]

轨迹点 84:
  时间: 2.520000 秒
  关节位置: [-1.964562, 0.287843, 1.301472, -0.979788, -2.013932, -0.346217]
  关节速度: [0.000310, -0.013254, -1.542526, 1.555211, -0.000373, 0.000698]
  关节加速度: [0.023153, -0.010484, -116.586004, 116.553979, -0.027910, 0.052162]

轨迹点 85:
  时间: 2.550000 秒
  关节位置: [-1.964558, 0.287711, 1.282230, -0.960421, -2.013937, -0.346208]
  关节速度: [0.000229, -0.007240, -1.141432, 1.148252, -0.000276, 0.000515]
  关节加速度: [-0.031334, 0.862765, 156.660936, -157.466173, 0.037772, -0.070592]

轨迹点 86:
  时间: 2.580000 秒
  关节位置: [-1.964557, 0.287686, 1.275334, -0.953502, -2.013939, -0.346205]
  关节速度: [0.000151, 0.008833, -0.774886, 0.765775, -0.000183, 0.000341]
  关节加速度: [0.028886, 3.870672, -150.769923, 146.846215, -0.034820, 0.065082]

轨迹点 87:
  时间: 2.610000 秒
  关节位置: [-1.964553, 0.288028, 1.257161, -0.935678, -2.013943, -0.346197]
  关节速度: [0.000342, 0.037106, -1.772609, 1.734875, -0.000412, 0.000770]
  关节加速度: [-0.011152, -0.982769, 57.512634, -56.509389, 0.013443, -0.025125]

轨迹点 88:
  时间: 2.640000 秒
  关节位置: [-1.964551, 0.288292, 1.244485, -0.923269, -2.013946, -0.346192]
  关节速度: [0.000066, 0.006299, -0.341778, 0.335358, -0.000080, 0.000149]
  关节加速度: [-0.005479, -0.569504, 28.376533, -27.796968, 0.006605, -0.012345]

轨迹点 89:
  时间: 2.670000 秒
  关节位置: [-1.964549, 0.288752, 1.232991, -0.912240, -2.013948, -0.346187]
  关节速度: [0.000317, 0.078078, -1.706785, 1.628125, -0.000383, 0.000715]
  关节加速度: [0.015375, 4.574731, -83.788798, 79.185836, -0.018534, 0.034644]

轨迹点 90:
  时间: 2.700000 秒
  关节位置: [-1.964545, 0.289683, 1.213135, -0.893322, -2.013953, -0.346178]
  关节速度: [0.000179, 0.045438, -0.966999, 0.921231, -0.000216, 0.000404]
  关节加速度: [-0.028302, -7.381734, 152.784457, -145.350755, 0.034117, -0.063771]

轨迹点 91:
  时间: 2.730000 秒
  关节位置: [-1.964544, 0.290072, 1.205736, -0.886314, -2.013954, -0.346175]
  关节速度: [0.000181, 0.066287, -1.005313, 0.938694, -0.000218, 0.000408]
  关节加速度: [0.026498, 11.548512, -149.752296, 138.155124, -0.031942, 0.059711]

轨迹点 92:
  时间: 2.760000 秒
  关节位置: [-1.964540, 0.291539, 1.185023, -0.867075, -2.013959, -0.346167]
  关节速度: [0.000304, 0.123414, -1.705134, 1.581161, -0.000366, 0.000685]
  关节加速度: [-0.015235, -6.060143, 85.265201, -79.177081, 0.018365, -0.034331]

轨迹点 93:
  时间: 2.790000 秒
  关节位置: [-1.964538, 0.292389, 1.173207, -0.856112, -2.013961, -0.346162]
  关节速度: [0.000067, 0.026836, -0.376440, 0.349481, -0.000081, 0.000152]
  关节加速度: [0.006125, 3.708553, -36.169381, 32.449580, -0.007383, 0.013803]

轨迹点 94:
  时间: 2.820000 秒
  关节位置: [-1.964535, 0.293715, 1.158667, -0.842904, -2.013964, -0.346157]
  关节速度: [0.000312, 0.174178, -1.822955, 1.648203, -0.000377, 0.000704]
  关节加速度: [0.008197, 5.207998, -48.777076, 43.554024, -0.009881, 0.018473]

轨迹点 95:
  时间: 2.850000 秒
  关节位置: [-1.964532, 0.295651, 1.138562, -0.824741, -2.013969, -0.346149]
  关节速度: [0.000136, 0.076088, -0.793830, 0.717492, -0.000164, 0.000306]
  关节加速度: [-0.023190, -13.276814, 135.822302, -122.502901, 0.027955, -0.052260]

轨迹点 96:
  时间: 2.880000 秒
  关节位置: [-1.964531, 0.296551, 1.129937, -0.817019, -2.013970, -0.346146]
  关节速度: [0.000204, 0.142333, -1.234067, 1.091360, -0.000246, 0.000460]
  关节加速度: [0.022042, 16.955897, -135.790547, 118.794169, -0.026571, 0.049678]

轨迹点 97:
  时间: 2.910000 秒
  关节位置: [-1.964527, 0.299294, 1.106823, -0.796655, -2.013975, -0.346137]
  关节速度: [0.000261, 0.190634, -1.590747, 1.399635, -0.000314, 0.000588]
  关节加速度: [-0.017061, -12.455630, 104.075934, -91.588971, 0.020566, -0.038451]

轨迹点 98:
  时间: 2.940000 秒
  关节位置: [-1.964525, 0.300569, 1.096141, -0.787251, -2.013977, -0.346133]
  关节速度: [0.000089, 0.067014, -0.544376, 0.477199, -0.000107, 0.000200]
  关节加速度: [0.036660, 31.964274, -231.872109, 199.840502, -0.044191, 0.082629]

轨迹点 99:
  时间: 2.970000 秒
  关节位置: [-1.964523, 0.301979, 1.085541, -0.778064, -2.013979, -0.346129]
  关节速度: [0.000321, 0.272373, -2.016683, 1.743721, -0.000387, 0.000723]
  关节加速度: [-0.018741, -15.231143, 116.781213, -101.515651, 0.022590, -0.042238]

轨迹点 100:
  时间: 3.000000 秒
  关节位置: [-1.964522, 0.302905, 1.078700, -0.772151, -2.013980, -0.346127]
  关节速度: [0.000000, 0.000000, 0.000000, 0.000000, 0.000000, 0.000000]
  关节加速度: [0.000000, 0.000000, 0.000000, 0.000000, 0.000000, 0.000000]

