详细轨迹分析报告
====================
轨迹点数: 42
轨迹总时间: 4.078 秒
关节名称: 
  0: joint1
  1: joint2
  2: joint3
  3: joint4
  4: joint5
  5: joint6

详细轨迹点信息:
================
轨迹点 0:
  时间: 0.000000 秒
  关节位置: [-1.964180, 0.736149, 1.853411, -1.981822, -2.013189, -0.346246]
  关节速度: [0.000000, 0.000000, 0.000000, 0.000000, 0.000000, 0.000000]
  关节加速度: [0.000000, 0.000000, 0.000000, 0.000000, 0.000000, 0.000000]

轨迹点 1:
  时间: 0.100000 秒
  关节位置: [-1.964185, 0.723116, 1.852380, -1.967734, -2.013200, -0.346245]
  关节速度: [-0.000048, -0.130329, -0.010317, 0.140885, -0.000110, 0.000017]
  关节加速度: [-0.000476, -1.303291, -0.103170, 1.408851, -0.001102, 0.000167]

轨迹点 2:
  时间: 0.200000 秒
  关节位置: [-1.964194, 0.699965, 1.849822, -1.941981, -2.013220, -0.346242]
  关节速度: [-0.000086, -0.231513, -0.025579, 0.257522, -0.000198, 0.000030]
  关节加速度: [-0.000381, -1.011843, -0.152615, 1.166369, -0.000882, 0.000134]

轨迹点 3:
  时间: 0.300000 秒
  关节位置: [-1.964202, 0.677233, 1.846365, -1.915750, -2.013240, -0.346239]
  关节速度: [-0.000086, -0.227316, -0.034572, 0.262318, -0.000198, 0.000030]
  关节加速度: [-0.000000, 0.041974, -0.089934, 0.047960, -0.000000, -0.000000]

轨迹点 4:
  时间: 0.400000 秒
  关节位置: [-1.964211, 0.654949, 1.842011, -1.889068, -2.013260, -0.346236]
  关节速度: [-0.000086, -0.222843, -0.043539, 0.266812, -0.000198, 0.000030]
  关节加速度: [-0.000000, 0.044727, -0.089670, 0.044943, -0.000000, -0.000000]

轨迹点 5:
  时间: 0.500000 秒
  关节位置: [-1.964219, 0.633139, 1.836763, -1.861968, -2.013279, -0.346233]
  关节速度: [-0.000086, -0.218101, -0.052474, 0.271005, -0.000198, 0.000030]
  关节加速度: [-0.000000, 0.047419, -0.089351, 0.041933, -0.000000, -0.000000]

轨迹点 6:
  时间: 0.600000 秒
  关节位置: [-1.964228, 0.611829, 1.830626, -1.834478, -2.013299, -0.346230]
  关节速度: [-0.000086, -0.213098, -0.061372, 0.274901, -0.000198, 0.000030]
  关节加速度: [-0.000000, 0.050030, -0.088980, 0.038950, -0.000000, -0.000000]

轨迹点 7:
  时间: 0.700000 秒
  关节位置: [-1.964236, 0.591044, 1.823603, -1.806628, -2.013319, -0.346227]
  关节速度: [-0.000086, -0.207844, -0.070229, 0.278502, -0.000198, 0.000030]
  关节加速度: [-0.000000, 0.052546, -0.088564, 0.036018, -0.000000, -0.000000]

轨迹点 8:
  时间: 0.800000 秒
  关节位置: [-1.964245, 0.570810, 1.815699, -1.778446, -2.013339, -0.346224]
  关节速度: [-0.000086, -0.202348, -0.079040, 0.281818, -0.000198, 0.000030]
  关节加速度: [-0.000000, 0.054954, -0.088112, 0.033158, -0.000000, -0.000000]

轨迹点 9:
  时间: 0.900000 秒
  关节位置: [-1.964254, 0.551147, 1.806919, -1.749960, -2.013359, -0.346221]
  关节速度: [-0.000086, -0.196624, -0.087803, 0.284857, -0.000198, 0.000030]
  关节加速度: [-0.000000, 0.057242, -0.087633, 0.030390, -0.000000, -0.000000]

轨迹点 10:
  时间: 1.000000 秒
  关节位置: [-1.964262, 0.532079, 1.797267, -1.721197, -2.013379, -0.346218]
  关节速度: [-0.000086, -0.190684, -0.096517, 0.287631, -0.000198, 0.000030]
  关节加速度: [-0.000000, 0.059403, -0.087137, 0.027734, -0.000000, -0.000000]

轨迹点 11:
  时间: 1.100000 秒
  关节位置: [-1.964271, 0.513625, 1.786749, -1.692182, -2.013399, -0.346215]
  关节速度: [-0.000086, -0.184541, -0.105180, 0.290151, -0.000198, 0.000030]
  关节加速度: [-0.000000, 0.061430, -0.086636, 0.025205, -0.000000, -0.000000]

轨迹点 12:
  时间: 1.200000 秒
  关节位置: [-1.964279, 0.495804, 1.775370, -1.662939, -2.013418, -0.346212]
  关节速度: [-0.000086, -0.178209, -0.113794, 0.292433, -0.000198, 0.000030]
  关节加速度: [-0.000000, 0.063319, -0.086140, 0.022821, -0.000000, -0.000000]

轨迹点 13:
  时间: 1.300000 秒
  关节位置: [-1.964288, 0.478634, 1.763134, -1.633489, -2.013438, -0.346209]
  关节速度: [-0.000086, -0.171702, -0.122361, 0.294493, -0.000198, 0.000030]
  关节加速度: [-0.000000, 0.065067, -0.085663, 0.020596, -0.000000, -0.000000]

轨迹点 14:
  时间: 1.400000 秒
  关节位置: [-1.964296, 0.462130, 1.750046, -1.603855, -2.013458, -0.346206]
  关节速度: [-0.000086, -0.165035, -0.130882, 0.296347, -0.000198, 0.000030]
  关节加速度: [-0.000000, 0.066675, -0.085217, 0.018541, -0.000000, -0.000000]

轨迹点 15:
  时间: 1.500000 秒
  关节位置: [-1.964305, 0.446308, 1.736109, -1.574053, -2.013478, -0.346203]
  关节速度: [-0.000086, -0.158220, -0.139364, 0.298014, -0.000198, 0.000030]
  关节加速度: [-0.000000, 0.068147, -0.084815, 0.016668, -0.000000, -0.000000]

轨迹点 16:
  时间: 1.600000 秒
  关节位置: [-1.964314, 0.431181, 1.721328, -1.544102, -2.013498, -0.346200]
  关节速度: [-0.000086, -0.151271, -0.147811, 0.299512, -0.000198, 0.000030]
  关节加速度: [-0.000000, 0.069485, -0.084471, 0.014986, -0.000000, -0.000000]

轨迹点 17:
  时间: 1.700000 秒
  关节位置: [-1.964322, 0.416761, 1.705705, -1.514016, -2.013518, -0.346197]
  关节速度: [-0.000086, -0.144202, -0.156231, 0.300863, -0.000198, 0.000030]
  关节加速度: [-0.000000, 0.070698, -0.084200, 0.013502, -0.000000, -0.000000]

轨迹点 18:
  时间: 1.800000 秒
  关节位置: [-1.964331, 0.403059, 1.689242, -1.483807, -2.013537, -0.346194]
  关节速度: [-0.000086, -0.137022, -0.164632, 0.302085, -0.000198, 0.000030]
  关节加速度: [-0.000000, 0.071793, -0.084017, 0.012223, -0.000000, -0.000000]

轨迹点 19:
  时间: 1.900000 秒
  关节位置: [-1.964339, 0.390084, 1.671939, -1.453487, -2.013557, -0.346191]
  关节速度: [-0.000086, -0.129744, -0.173026, 0.303200, -0.000198, 0.000030]
  关节加速度: [-0.000000, 0.072782, -0.083936, 0.011155, -0.000000, -0.000000]

轨迹点 20:
  时间: 2.000000 秒
  关节位置: [-1.964348, 0.377847, 1.653797, -1.423064, -2.013577, -0.346188]
  关节速度: [-0.000086, -0.122377, -0.181424, 0.304231, -0.000198, 0.000030]
  关节加速度: [-0.000000, 0.073674, -0.083976, 0.010302, -0.000000, -0.000000]

轨迹点 21:
  时间: 2.100000 秒
  关节位置: [-1.964356, 0.366354, 1.634813, -1.392544, -2.013597, -0.346185]
  关节速度: [-0.000086, -0.114928, -0.189839, 0.305197, -0.000198, 0.000030]
  关节加速度: [-0.000000, 0.074485, -0.084153, 0.009667, -0.000000, -0.000000]

轨迹点 22:
  时间: 2.200000 秒
  关节位置: [-1.964365, 0.355613, 1.614984, -1.361932, -2.013617, -0.346182]
  关节速度: [-0.000086, -0.107405, -0.198288, 0.306123, -0.000198, 0.000030]
  关节加速度: [-0.000000, 0.075229, -0.084485, 0.009257, -0.000000, -0.000000]

轨迹点 23:
  时间: 2.300000 秒
  关节位置: [-1.964374, 0.345632, 1.594306, -1.331229, -2.013637, -0.346179]
  关节速度: [-0.000086, -0.099813, -0.206787, 0.307030, -0.000198, 0.000030]
  关节加速度: [-0.000000, 0.075921, -0.084994, 0.009073, -0.000000, -0.000000]

轨迹点 24:
  时间: 2.400000 秒
  关节位置: [-1.964382, 0.336416, 1.572770, -1.300435, -2.013656, -0.346176]
  关节速度: [-0.000086, -0.092155, -0.215357, 0.307943, -0.000198, 0.000030]
  关节加速度: [-0.000000, 0.076580, -0.085702, 0.009122, -0.000000, -0.000000]

轨迹点 25:
  时间: 2.500000 秒
  关节位置: [-1.964391, 0.327973, 1.550368, -1.269546, -2.013676, -0.346173]
  关节速度: [-0.000086, -0.084433, -0.224020, 0.308883, -0.000198, 0.000030]
  关节加速度: [-0.000000, 0.077224, -0.086632, 0.009409, -0.000000, -0.000000]

轨迹点 26:
  时间: 2.600000 秒
  关节位置: [-1.964399, 0.320308, 1.527088, -1.238559, -2.013696, -0.346170]
  关节速度: [-0.000086, -0.076646, -0.232802, 0.309877, -0.000198, 0.000030]
  关节加速度: [-0.000000, 0.077873, -0.087814, 0.009940, -0.000000, -0.000000]

轨迹点 27:
  时间: 2.700000 秒
  关节位置: [-1.964408, 0.313429, 1.502915, -1.207464, -2.013716, -0.346167]
  关节速度: [-0.000086, -0.068790, -0.241729, 0.310950, -0.000198, 0.000030]
  关节加速度: [-0.000000, 0.078551, -0.089277, 0.010726, -0.000000, -0.000000]

轨迹点 28:
  时间: 2.800000 秒
  关节位置: [-1.964416, 0.307343, 1.477831, -1.176251, -2.013736, -0.346164]
  关节速度: [-0.000086, -0.060862, -0.250835, 0.312128, -0.000198, 0.000030]
  关节加速度: [-0.000000, 0.079282, -0.091059, 0.011777, -0.000000, -0.000000]

轨迹点 29:
  时间: 2.900000 秒
  关节位置: [-1.964425, 0.302058, 1.451816, -1.144907, -2.013756, -0.346161]
  关节速度: [-0.000086, -0.052853, -0.260155, 0.313439, -0.000198, 0.000030]
  关节加速度: [-0.000000, 0.080092, -0.093201, 0.013109, -0.000000, -0.000000]

轨迹点 30:
  时间: 3.000000 秒
  关节位置: [-1.964434, 0.297583, 1.424843, -1.113416, -2.013775, -0.346158]
  关节速度: [-0.000086, -0.044752, -0.269731, 0.314913, -0.000198, 0.000030]
  关节加速度: [-0.000000, 0.081011, -0.095751, 0.014740, -0.000000, -0.000000]

轨迹点 31:
  时间: 3.100000 秒
  关节位置: [-1.964442, 0.293928, 1.396882, -1.081758, -2.013795, -0.346155]
  关节速度: [-0.000086, -0.036544, -0.279607, 0.316582, -0.000198, 0.000030]
  关节加速度: [-0.000000, 0.082074, -0.098768, 0.016694, -0.000000, -0.000000]

轨迹点 32:
  时间: 3.200000 秒
  关节位置: [-1.964451, 0.291107, 1.367898, -1.049909, -2.013815, -0.346152]
  关节速度: [-0.000086, -0.028213, -0.289840, 0.318482, -0.000198, 0.000030]
  关节加速度: [-0.000000, 0.083319, -0.102322, 0.019003, -0.000000, -0.000000]

轨迹点 33:
  时间: 3.300000 秒
  关节位置: [-1.964459, 0.289134, 1.337849, -1.017844, -2.013835, -0.346149]
  关节速度: [-0.000086, -0.019733, -0.300489, 0.320653, -0.000198, 0.000030]
  关节加速度: [-0.000000, 0.084791, -0.106497, 0.021706, -0.000000, -0.000000]

轨迹点 34:
  时间: 3.400000 秒
  关节位置: [-1.964468, 0.288026, 1.306686, -0.985530, -2.013855, -0.346146]
  关节速度: [-0.000086, -0.011079, -0.311629, 0.323138, -0.000198, 0.000030]
  关节加速度: [-0.000000, 0.086543, -0.111395, 0.024852, -0.000000, -0.000000]

轨迹点 35:
  时间: 3.500000 秒
  关节位置: [-1.964476, 0.287804, 1.274352, -0.952931, -2.013875, -0.346143]
  关节速度: [-0.000086, -0.002215, -0.323343, 0.325989, -0.000198, 0.000030]
  关节加速度: [-0.000000, 0.088639, -0.117145, 0.028506, -0.000000, -0.000000]

轨迹点 36:
  时间: 3.600000 秒
  关节位置: [-1.964485, 0.288494, 1.240778, -0.920005, -2.013894, -0.346140]
  关节速度: [-0.000086, 0.006901, -0.335734, 0.329264, -0.000198, 0.000030]
  关节加速度: [-0.000000, 0.091158, -0.123907, 0.032749, -0.000000, -0.000000]

轨迹点 37:
  时间: 3.700000 秒
  关节位置: [-1.964494, 0.290126, 1.205886, -0.886702, -2.013914, -0.346137]
  关节速度: [-0.000086, 0.016320, -0.348922, 0.333032, -0.000198, 0.000030]
  关节加速度: [-0.000000, 0.094195, -0.131882, 0.037687, -0.000000, -0.000000]

轨迹点 38:
  时间: 3.800000 秒
  关节位置: [-1.964502, 0.292737, 1.169581, -0.852964, -2.013934, -0.346134]
  关节速度: [-0.000086, 0.026107, -0.363055, 0.337378, -0.000198, 0.000030]
  关节加速度: [-0.000000, 0.097874, -0.141333, 0.043459, -0.000000, -0.000000]

轨迹点 39:
  时间: 3.900000 秒
  关节位置: [-1.964511, 0.296371, 1.131749, -0.818724, -2.013954, -0.346131]
  关节速度: [-0.000086, 0.036343, -0.378315, 0.342403, -0.000198, 0.000030]
  关节加速度: [-0.000000, 0.102353, -0.152600, 0.050247, -0.000000, -0.000000]

轨迹点 40:
  时间: 4.000000 秒
  关节位置: [-1.964519, 0.301047, 1.092537, -0.784145, -2.013974, -0.346128]
  关节速度: [-0.000085, 0.046760, -0.392120, 0.345787, -0.000197, 0.000030]
  关节加速度: [0.000006, 0.104174, -0.138043, 0.033839, 0.000014, -0.000002]

轨迹点 41:
  时间: 4.077766 秒
  关节位置: [-1.964522, 0.302905, 1.078700, -0.772151, -2.013980, -0.346127]
  关节速度: [0.000000, 0.000000, 0.000000, 0.000000, 0.000000, 0.000000]
  关节加速度: [0.000000, 0.000000, 0.000000, 0.000000, 0.000000, 0.000000]

