详细轨迹分析报告
====================
轨迹点数: 42
轨迹总时间: 4.090 秒
关节名称: 
  0: joint1
  1: joint2
  2: joint3
  3: joint4
  4: joint5
  5: joint6

详细轨迹点信息:
================
轨迹点 0:
  时间: 0.000000 秒
  关节位置: [-1.963664, 0.736272, 1.854704, -1.980949, -2.014245, -0.346976]
  关节速度: [0.000000, 0.000000, 0.000000, 0.000000, 0.000000, 0.000000]
  关节加速度: [0.000000, 0.000000, 0.000000, 0.000000, 0.000000, 0.000000]

轨迹点 1:
  时间: 0.100000 秒
  关节位置: [-1.963676, 0.723260, 1.853671, -1.966911, -2.014242, -0.346965]
  关节速度: [-0.000119, -0.130119, -0.010338, 0.140377, 0.000037, 0.000118]
  关节加速度: [-0.001192, -1.301185, -0.103382, 1.403771, 0.000368, 0.001180]

轨迹点 2:
  时间: 0.200000 秒
  关节位置: [-1.963697, 0.700145, 1.851112, -1.941252, -2.014235, -0.346943]
  关节速度: [-0.000215, -0.231147, -0.025586, 0.256589, 0.000066, 0.000212]
  关节加速度: [-0.000954, -1.010281, -0.152479, 1.162123, 0.000294, 0.000944]

轨迹点 3:
  时间: 0.300000 秒
  关节位置: [-1.963719, 0.677448, 1.847658, -1.915116, -2.014228, -0.346922]
  关节速度: [-0.000215, -0.226966, -0.034540, 0.261363, 0.000066, 0.000212]
  关节加速度: [0.000000, 0.041806, -0.089542, 0.047736, 0.000000, -0.000000]

轨迹点 4:
  时间: 0.400000 秒
  关节位置: [-1.963740, 0.655197, 1.843311, -1.888532, -2.014222, -0.346901]
  关节速度: [-0.000215, -0.222511, -0.043468, 0.265836, 0.000066, 0.000212]
  关节加速度: [0.000000, 0.044546, -0.089278, 0.044732, 0.000000, -0.000000]

轨迹点 5:
  时间: 0.500000 秒
  关节位置: [-1.963762, 0.633418, 1.838075, -1.861531, -2.014215, -0.346880]
  关节速度: [-0.000215, -0.217789, -0.052364, 0.270010, 0.000066, 0.000212]
  关节加速度: [0.000000, 0.047225, -0.088960, 0.041735, 0.000000, -0.000000]

轨迹点 6:
  时间: 0.600000 秒
  关节位置: [-1.963783, 0.612138, 1.831952, -1.834143, -2.014209, -0.346858]
  关节速度: [-0.000215, -0.212806, -0.061223, 0.273886, 0.000066, 0.000212]
  关节加速度: [0.000000, 0.049824, -0.088589, 0.038765, 0.000000, -0.000000]

轨迹点 7:
  时间: 0.700000 秒
  关节位置: [-1.963805, 0.591380, 1.824948, -1.806395, -2.014202, -0.346837]
  关节速度: [-0.000215, -0.207574, -0.070040, 0.277471, 0.000066, 0.000212]
  关节加速度: [0.000000, 0.052328, -0.088174, 0.035846, 0.000000, -0.000000]

轨迹点 8:
  时间: 0.800000 秒
  关节位置: [-1.963826, 0.571170, 1.817067, -1.778318, -2.014195, -0.346816]
  关节速度: [-0.000215, -0.202101, -0.078813, 0.280771, 0.000066, 0.000212]
  关节加速度: [0.000000, 0.054724, -0.087722, 0.032998, 0.000000, -0.000000]

轨迹点 9:
  时间: 0.900000 秒
  关节位置: [-1.963848, 0.551530, 1.808313, -1.749939, -2.014189, -0.346795]
  关节速度: [-0.000215, -0.196401, -0.087537, 0.283795, 0.000066, 0.000212]
  关节加速度: [0.000000, 0.057002, -0.087243, 0.030241, 0.000000, -0.000000]

轨迹点 10:
  时间: 1.000000 秒
  关节位置: [-1.963869, 0.532482, 1.798692, -1.721284, -2.014182, -0.346773]
  关节速度: [-0.000215, -0.190486, -0.096212, 0.286554, 0.000066, 0.000212]
  关节加速度: [0.000000, 0.059153, -0.086748, 0.027594, 0.000000, -0.000000]

轨迹点 11:
  时间: 1.100000 秒
  关节位置: [-1.963890, 0.514045, 1.788209, -1.692377, -2.014175, -0.346752]
  关节速度: [-0.000215, -0.184369, -0.104836, 0.289062, 0.000066, 0.000212]
  关节加速度: [0.000000, 0.061171, -0.086246, 0.025076, 0.000000, -0.000000]

轨迹点 12:
  时间: 1.200000 秒
  关节位置: [-1.963912, 0.496238, 1.776868, -1.663244, -2.014169, -0.346731]
  关节速度: [-0.000215, -0.178064, -0.113411, 0.291332, 0.000066, 0.000212]
  关节加速度: [0.000000, 0.063050, -0.085750, 0.022700, 0.000000, -0.000000]

轨迹点 13:
  时间: 1.300000 秒
  关节位置: [-1.963933, 0.479080, 1.764674, -1.633906, -2.014162, -0.346710]
  关节速度: [-0.000215, -0.171585, -0.121938, 0.293380, 0.000066, 0.000212]
  关节加速度: [0.000000, 0.064791, -0.085272, 0.020481, 0.000000, -0.000000]

轨迹点 14:
  时间: 1.400000 秒
  关节位置: [-1.963955, 0.462585, 1.751632, -1.604384, -2.014156, -0.346689]
  关节速度: [-0.000215, -0.164945, -0.130421, 0.295223, 0.000066, 0.000212]
  关节加速度: [0.000000, 0.066392, -0.084824, 0.018432, 0.000000, -0.000000]

轨迹点 15:
  时间: 1.500000 秒
  关节位置: [-1.963976, 0.446769, 1.737745, -1.574696, -2.014149, -0.346667]
  关节速度: [-0.000215, -0.158160, -0.138863, 0.296879, 0.000066, 0.000212]
  关节加速度: [0.000000, 0.067856, -0.084420, 0.016563, 0.000000, -0.000000]

轨迹点 16:
  时间: 1.600000 秒
  关节位置: [-1.963998, 0.431645, 1.723018, -1.544859, -2.014142, -0.346646]
  关节速度: [-0.000215, -0.151241, -0.147270, 0.298368, 0.000066, 0.000212]
  关节加速度: [0.000000, 0.069189, -0.084072, 0.014884, 0.000000, -0.000000]

轨迹点 17:
  时间: 1.700000 秒
  关节位置: [-1.964019, 0.417225, 1.707453, -1.514888, -2.014136, -0.346625]
  关节速度: [-0.000215, -0.144201, -0.155650, 0.299708, 0.000066, 0.000212]
  关节加速度: [0.000000, 0.070395, -0.083796, 0.013401, 0.000000, -0.000000]

轨迹点 18:
  时间: 1.800000 秒
  关节位置: [-1.964041, 0.403520, 1.691052, -1.484796, -2.014129, -0.346604]
  关节速度: [-0.000215, -0.137053, -0.164010, 0.300920, 0.000066, 0.000212]
  关节加速度: [0.000000, 0.071485, -0.083607, 0.012122, 0.000000, -0.000000]

轨迹点 19:
  时间: 1.900000 秒
  关节位置: [-1.964062, 0.390539, 1.673816, -1.454594, -2.014122, -0.346582]
  关节速度: [-0.000215, -0.129806, -0.172362, 0.302025, 0.000066, 0.000212]
  关节加速度: [0.000000, 0.072468, -0.083519, 0.011051, 0.000000, -0.000000]

轨迹点 20:
  时间: 2.000000 秒
  关节位置: [-1.964084, 0.378292, 1.655744, -1.424289, -2.014116, -0.346561]
  关节速度: [-0.000215, -0.122471, -0.180717, 0.303044, 0.000066, 0.000212]
  关节加速度: [0.000000, 0.073355, -0.083548, 0.010193, 0.000000, -0.000000]

轨迹点 21:
  时间: 2.100000 秒
  关节位置: [-1.964105, 0.366787, 1.636836, -1.393889, -2.014109, -0.346540]
  关节速度: [-0.000215, -0.115055, -0.189088, 0.304000, 0.000066, 0.000212]
  关节加速度: [0.000000, 0.074160, -0.083713, 0.009553, 0.000000, -0.000000]

轨迹点 22:
  时间: 2.200000 秒
  关节位置: [-1.964126, 0.356030, 1.617086, -1.363398, -2.014103, -0.346519]
  关节速度: [-0.000215, -0.107565, -0.197491, 0.304913, 0.000066, 0.000212]
  关节加速度: [0.000000, 0.074897, -0.084031, 0.009134, 0.000000, -0.000000]

轨迹点 23:
  时间: 2.300000 秒
  关节位置: [-1.964148, 0.346030, 1.596492, -1.332817, -2.014096, -0.346497]
  关节速度: [-0.000215, -0.100007, -0.205944, 0.305807, 0.000066, 0.000212]
  关节加速度: [0.000000, 0.075583, -0.084523, 0.008940, 0.000000, -0.000000]

轨迹点 24:
  时间: 2.400000 秒
  关节位置: [-1.964169, 0.336791, 1.575046, -1.302147, -2.014089, -0.346476]
  关节速度: [-0.000214, -0.092383, -0.214465, 0.306705, 0.000066, 0.000212]
  关节加速度: [0.000000, 0.076234, -0.085210, 0.008976, 0.000000, -0.000000]

轨迹点 25:
  时间: 2.500000 秒
  关节位置: [-1.964191, 0.328322, 1.552738, -1.271384, -2.014083, -0.346455]
  关节速度: [-0.000214, -0.084696, -0.223077, 0.307630, 0.000066, 0.000212]
  关节加速度: [0.000000, 0.076869, -0.086117, 0.009248, 0.000000, -0.000000]

轨迹点 26:
  时间: 2.600000 秒
  关节位置: [-1.964212, 0.320627, 1.529558, -1.240523, -2.014076, -0.346434]
  关节速度: [-0.000214, -0.076945, -0.231804, 0.308606, 0.000066, 0.000212]
  关节加速度: [0.000000, 0.077508, -0.087270, 0.009762, 0.000000, -0.000000]

轨迹点 27:
  时间: 2.700000 秒
  关节位置: [-1.964234, 0.313714, 1.505490, -1.209558, -2.014070, -0.346412]
  关节速度: [-0.000214, -0.069128, -0.240674, 0.309658, 0.000066, 0.000212]
  关节加速度: [0.000000, 0.078174, -0.088701, 0.010527, 0.000000, -0.000000]

轨迹点 28:
  时间: 2.800000 秒
  关节位置: [-1.964255, 0.307590, 1.480518, -1.178476, -2.014063, -0.346391]
  关节速度: [-0.000214, -0.061239, -0.249718, 0.310814, 0.000066, 0.000212]
  关节加速度: [0.000000, 0.078890, -0.090444, 0.011553, 0.000000, -0.000000]

轨迹点 29:
  时间: 2.900000 秒
  关节位置: [-1.964277, 0.302263, 1.454621, -1.147266, -2.014056, -0.346370]
  关节速度: [-0.000214, -0.053271, -0.258972, 0.312099, 0.000066, 0.000212]
  关节加速度: [0.000000, 0.079683, -0.092540, 0.012857, 0.000000, -0.000000]

轨迹点 30:
  时间: 3.000000 秒
  关节位置: [-1.964298, 0.297742, 1.427774, -1.115912, -2.014050, -0.346349]
  关节速度: [-0.000214, -0.045212, -0.268476, 0.313545, 0.000066, 0.000212]
  关节加速度: [0.000000, 0.080582, -0.095036, 0.014455, 0.000000, -0.000000]

轨迹点 31:
  时间: 3.100000 秒
  关节位置: [-1.964319, 0.294037, 1.399946, -1.084394, -2.014043, -0.346327]
  关节速度: [-0.000214, -0.037050, -0.278275, 0.315182, 0.000066, 0.000212]
  关节加速度: [0.000000, 0.081620, -0.097991, 0.016371, 0.000000, -0.000000]

轨迹点 32:
  时间: 3.200000 秒
  关节位置: [-1.964341, 0.291160, 1.371104, -1.052689, -2.014036, -0.346306]
  关节速度: [-0.000214, -0.028767, -0.288422, 0.317045, 0.000066, 0.000212]
  关节加速度: [0.000000, 0.082835, -0.101470, 0.018635, 0.000000, -0.000000]

轨迹点 33:
  时间: 3.300000 秒
  关节位置: [-1.964362, 0.289126, 1.341206, -1.020772, -2.014030, -0.346285]
  关节速度: [-0.000214, -0.020340, -0.298977, 0.319174, 0.000066, 0.000212]
  关节加速度: [0.000000, 0.084271, -0.105557, 0.021286, 0.000000, -0.000000]

轨迹点 34:
  时间: 3.400000 秒
  关节位置: [-1.964384, 0.287952, 1.310205, -0.988611, -2.014023, -0.346264]
  关节速度: [-0.000214, -0.011742, -0.310012, 0.321611, 0.000066, 0.000212]
  关节加速度: [0.000000, 0.085979, -0.110350, 0.024371, 0.000000, -0.000000]

轨迹点 35:
  时间: 3.500000 秒
  关节位置: [-1.964405, 0.287658, 1.278044, -0.956170, -2.014017, -0.346243]
  关节速度: [-0.000214, -0.002940, -0.321610, 0.324406, 0.000066, 0.000212]
  关节加速度: [0.000000, 0.088022, -0.115974, 0.027952, 0.000000, -0.000000]

轨迹点 36:
  时间: 3.600000 秒
  关节位置: [-1.964427, 0.288269, 1.244657, -0.923408, -2.014010, -0.346221]
  关节速度: [-0.000214, 0.006108, -0.333868, 0.327617, 0.000066, 0.000212]
  关节加速度: [0.000000, 0.090476, -0.122584, 0.032108, 0.000000, -0.000000]

轨迹点 37:
  时间: 3.700000 秒
  关节位置: [-1.964448, 0.289814, 1.209967, -0.890277, -2.014003, -0.346200]
  关节速度: [-0.000214, 0.015451, -0.346906, 0.331311, 0.000066, 0.000212]
  关节加速度: [0.000000, 0.093433, -0.130374, 0.036941, 0.000000, -0.000000]

轨迹点 38:
  时间: 3.800000 秒
  关节位置: [-1.964470, 0.292329, 1.173880, -0.856720, -2.013997, -0.346179]
  关节速度: [-0.000214, 0.025152, -0.360865, 0.335570, 0.000066, 0.000212]
  关节加速度: [0.000000, 0.097013, -0.139597, 0.042584, 0.000000, -0.000000]

轨迹点 39:
  时间: 3.900000 秒
  关节位置: [-1.964491, 0.295858, 1.136288, -0.822671, -2.013990, -0.346158]
  关节速度: [-0.000214, 0.035289, -0.375923, 0.340491, 0.000066, 0.000212]
  关节加速度: [0.000000, 0.101367, -0.150579, 0.049212, 0.000000, -0.000000]

轨迹点 40:
  时间: 4.000000 秒
  关节位置: [-1.964512, 0.300454, 1.097058, -0.788051, -2.013983, -0.346136]
  关节速度: [-0.000214, 0.045959, -0.392299, 0.346197, 0.000066, 0.000212]
  关节加速度: [0.000000, 0.106695, -0.163754, 0.057059, 0.000000, -0.000000]

轨迹点 41:
  时间: 4.089759 秒
  关节位置: [-1.964522, 0.302905, 1.078700, -0.772151, -2.013980, -0.346127]
  关节速度: [0.000000, 0.000000, 0.000000, 0.000000, 0.000000, 0.000000]
  关节加速度: [0.000000, 0.000000, 0.000000, 0.000000, 0.000000, 0.000000]

