详细轨迹分析报告
====================
轨迹点数: 88
轨迹总时间: 8.675 秒
关节名称: 
  0: joint1
  1: joint2
  2: joint3
  3: joint4
  4: joint5
  5: joint6

详细轨迹点信息:
================
轨迹点 0:
  时间: 0.000000 秒
  关节位置: [-1.196581, 0.693417, 2.078314, -2.245502, -1.626409, 0.061052]
  关节速度: [0.000000, 0.000000, 0.000000, 0.000000, 0.000000, 0.000000]
  关节加速度: [0.000000, 0.000000, 0.000000, 0.000000, 0.000000, 0.000000]

轨迹点 1:
  时间: 0.100000 秒
  关节位置: [-1.199904, 0.691472, 2.086422, -2.251937, -1.630434, 0.057817]
  关节速度: [-0.033230, -0.019455, 0.081085, -0.064351, -0.040254, -0.032352]
  关节加速度: [-0.332299, -0.194552, 0.810848, -0.643511, -0.402537, -0.323516]

轨迹点 2:
  时间: 0.200000 秒
  关节位置: [-1.205979, 0.688107, 2.100711, -2.263315, -1.637599, 0.052038]
  关节速度: [-0.060751, -0.033646, 0.142892, -0.113782, -0.071648, -0.057788]
  关节加速度: [-0.275212, -0.141909, 0.618070, -0.494308, -0.313941, -0.254367]

轨迹点 3:
  时间: 0.300000 秒
  关节位置: [-1.212177, 0.684914, 2.114611, -2.274430, -1.644658, 0.046317]
  关节速度: [-0.061978, -0.031927, 0.138997, -0.111151, -0.070586, -0.057212]
  关节加速度: [-0.012264, 0.017186, -0.038948, 0.026314, 0.010613, 0.005767]

轨迹点 4:
  时间: 0.400000 秒
  关节位置: [-1.218499, 0.681888, 2.128126, -2.285282, -1.651608, 0.040654]
  关节速度: [-0.063228, -0.030264, 0.135146, -0.108521, -0.069501, -0.056629]
  关节加速度: [-0.012508, 0.016636, -0.038506, 0.026293, 0.010857, 0.005826]

轨迹点 5:
  时间: 0.500000 秒
  关节位置: [-1.224950, 0.679022, 2.141259, -2.295871, -1.658447, 0.035050]
  关节速度: [-0.064502, -0.028655, 0.131336, -0.105890, -0.068392, -0.056041]
  关节加速度: [-0.012738, 0.016089, -0.038104, 0.026310, 0.011087, 0.005883]

轨迹点 6:
  时间: 0.600000 秒
  关节位置: [-1.231529, 0.676312, 2.154015, -2.306197, -1.665173, 0.029505]
  关节速度: [-0.065798, -0.027101, 0.127562, -0.103254, -0.067262, -0.055447]
  关节加速度: [-0.012955, 0.015543, -0.037741, 0.026364, 0.011304, 0.005938]

轨迹点 7:
  时间: 0.700000 秒
  关节位置: [-1.238241, 0.673752, 2.166397, -2.316257, -1.671784, 0.024020]
  关节速度: [-0.067113, -0.025601, 0.123820, -0.100608, -0.066111, -0.054848]
  关节加速度: [-0.013156, 0.014998, -0.037416, 0.026456, 0.011507, 0.005989]

轨迹点 8:
  时间: 0.800000 秒
  关节位置: [-1.245085, 0.671337, 2.178408, -2.326052, -1.678278, 0.018596]
  关节速度: [-0.068447, -0.024156, 0.120108, -0.097950, -0.064942, -0.054244]
  关节加速度: [-0.013342, 0.014453, -0.037126, 0.026583, 0.011694, 0.006037]

轨迹点 9:
  时间: 0.900000 秒
  关节位置: [-1.252065, 0.669060, 2.190050, -2.335580, -1.684654, 0.013232]
  关节速度: [-0.069798, -0.022765, 0.116420, -0.095275, -0.063755, -0.053636]
  关节加速度: [-0.013509, 0.013909, -0.036872, 0.026748, 0.011864, 0.006080]

轨迹点 10:
  时间: 1.000000 秒
  关节位置: [-1.259182, 0.666917, 2.201326, -2.344838, -1.690909, 0.007930]
  关节速度: [-0.071164, -0.021428, 0.112755, -0.092580, -0.062554, -0.053024]
  关节加速度: [-0.013657, 0.013364, -0.036651, 0.026948, 0.012016, 0.006118]

轨迹点 11:
  时间: 1.100000 秒
  关节位置: [-1.266436, 0.664903, 2.212237, -2.353824, -1.697043, 0.002689]
  关节速度: [-0.072542, -0.020146, 0.109109, -0.089862, -0.061339, -0.052409]
  关节加速度: [-0.013784, 0.012818, -0.036464, 0.027184, 0.012148, 0.006150]

轨迹点 12:
  时间: 1.200000 秒
  关节位置: [-1.273829, 0.663011, 2.222785, -2.362536, -1.703054, -0.002490]
  关节速度: [-0.073931, -0.018919, 0.105478, -0.087116, -0.060113, -0.051792]
  关节加速度: [-0.013889, 0.012272, -0.036310, 0.027455, 0.012259, 0.006174]

轨迹点 13:
  时间: 1.300000 秒
  关节位置: [-1.281362, 0.661236, 2.232970, -2.370970, -1.708942, -0.007608]
  关节速度: [-0.075328, -0.017747, 0.101859, -0.084340, -0.058878, -0.051173]
  关节加速度: [-0.013970, 0.011726, -0.036188, 0.027762, 0.012349, 0.006191]

轨迹点 14:
  时间: 1.400000 秒
  关节位置: [-1.289035, 0.659573, 2.242795, -2.379123, -1.714706, -0.012663]
  关节速度: [-0.076731, -0.016629, 0.098250, -0.081530, -0.057637, -0.050553]
  关节加速度: [-0.014026, 0.011180, -0.036096, 0.028102, 0.012415, 0.006198]

轨迹点 15:
  时间: 1.500000 秒
  关节位置: [-1.296849, 0.658017, 2.252260, -2.386991, -1.720345, -0.017656]
  关节速度: [-0.078137, -0.015565, 0.094646, -0.078682, -0.056391, -0.049933]
  关节加速度: [-0.014056, 0.010634, -0.036035, 0.028477, 0.012457, 0.006196]

轨迹点 16:
  时间: 1.600000 秒
  关节位置: [-1.304803, 0.656561, 2.261365, -2.394571, -1.725859, -0.022588]
  关节速度: [-0.079542, -0.014556, 0.091046, -0.075794, -0.055144, -0.049315]
  关节加速度: [-0.014058, 0.010089, -0.036004, 0.028884, 0.012473, 0.006184]

轨迹点 17:
  时间: 1.700000 秒
  关节位置: [-1.312897, 0.655201, 2.270109, -2.401857, -1.731249, -0.027458]
  关节速度: [-0.080945, -0.013602, 0.087445, -0.072862, -0.053897, -0.048699]
  关节加速度: [-0.014031, 0.009545, -0.036001, 0.029323, 0.012463, 0.006160]

轨迹点 18:
  时间: 1.800000 秒
  关节位置: [-1.321132, 0.653931, 2.278493, -2.408845, -1.736515, -0.032266]
  关节速度: [-0.082343, -0.012701, 0.083843, -0.069882, -0.052655, -0.048087]
  关节加速度: [-0.013973, 0.009004, -0.036027, 0.029793, 0.012425, 0.006125]

轨迹点 19:
  时间: 1.900000 秒
  关节位置: [-1.329505, 0.652745, 2.286517, -2.415530, -1.741656, -0.037014]
  关节速度: [-0.083731, -0.011855, 0.080235, -0.066853, -0.051419, -0.047479]
  关节加速度: [-0.013884, 0.008467, -0.036081, 0.030293, 0.012359, 0.006076]

轨迹点 20:
  时间: 2.000000 秒
  关节位置: [-1.338016, 0.651639, 2.294179, -2.421907, -1.746676, -0.041702]
  关节速度: [-0.085107, -0.011061, 0.076619, -0.063771, -0.050193, -0.046878]
  关节加速度: [-0.013763, 0.007935, -0.036161, 0.030820, 0.012263, 0.006014]

轨迹点 21:
  时间: 2.100000 秒
  关节位置: [-1.346662, 0.650607, 2.301478, -2.427971, -1.751574, -0.046330]
  关节速度: [-0.086468, -0.010320, 0.072992, -0.060634, -0.048979, -0.046284]
  关节加速度: [-0.013608, 0.007409, -0.036267, 0.031372, 0.012138, 0.005937]

轨迹点 22:
  时间: 2.200000 秒
  关节位置: [-1.355443, 0.649644, 2.308413, -2.433715, -1.756352, -0.050900]
  关节速度: [-0.087810, -0.009631, 0.069352, -0.057439, -0.047781, -0.045699]
  关节加速度: [-0.013419, 0.006890, -0.036398, 0.031949, 0.011982, 0.005846]

轨迹点 23:
  时间: 2.300000 秒
  关节位置: [-1.364356, 0.648745, 2.314983, -2.439133, -1.761012, -0.055413]
  关节速度: [-0.089130, -0.008993, 0.065697, -0.054184, -0.046601, -0.045126]
  关节加速度: [-0.013195, 0.006382, -0.036553, 0.032547, 0.011794, 0.005738]

轨迹点 24:
  时间: 2.400000 秒
  关节位置: [-1.373399, 0.647904, 2.321185, -2.444220, -1.765556, -0.059869]
  关节速度: [-0.090423, -0.008405, 0.062024, -0.050868, -0.045444, -0.044564]
  关节加速度: [-0.012937, 0.005886, -0.036731, 0.033163, 0.011576, 0.005615]

轨迹点 25:
  时间: 2.500000 秒
  关节位置: [-1.382567, 0.647118, 2.327018, -2.448969, -1.769987, -0.064271]
  关节速度: [-0.091687, -0.007864, 0.058331, -0.047488, -0.044311, -0.044016]
  关节加速度: [-0.012643, 0.005403, -0.036932, 0.033796, 0.011325, 0.005476]

轨迹点 26:
  时间: 2.600000 秒
  关节位置: [-1.391859, 0.646381, 2.332480, -2.453373, -1.774308, -0.068619]
  关节速度: [-0.092919, -0.007371, 0.054615, -0.044044, -0.043207, -0.043484]
  关节加速度: [-0.012313, 0.004937, -0.037153, 0.034440, 0.011044, 0.005320]

轨迹点 27:
  时间: 2.700000 秒
  关节位置: [-1.401271, 0.645689, 2.337567, -2.457427, -1.778521, -0.072916]
  关节速度: [-0.094114, -0.006922, 0.050876, -0.040535, -0.042134, -0.042970]
  关节加速度: [-0.011948, 0.004490, -0.037395, 0.035094, 0.010730, 0.005147]

轨迹点 28:
  时间: 2.800000 秒
  关节位置: [-1.410797, 0.645037, 2.342278, -2.461123, -1.782631, -0.077164]
  关节速度: [-0.095268, -0.006515, 0.047110, -0.036960, -0.041095, -0.042474]
  关节加速度: [-0.011547, 0.004064, -0.037654, 0.035754, 0.010386, 0.004956]

轨迹点 29:
  时间: 2.900000 秒
  关节位置: [-1.420435, 0.644422, 2.346610, -2.464454, -1.786640, -0.081364]
  关节速度: [-0.096379, -0.006149, 0.043317, -0.033318, -0.040094, -0.041999]
  关节加速度: [-0.011112, 0.003663, -0.037931, 0.036415, 0.010011, 0.004749]

轨迹点 30:
  时间: 3.000000 秒
  关节位置: [-1.430180, 0.643840, 2.350560, -2.467415, -1.790554, -0.085518]
  关节速度: [-0.097444, -0.005820, 0.039495, -0.029611, -0.039133, -0.041547]
  关节加速度: [-0.010643, 0.003288, -0.038224, 0.037073, 0.009606, 0.004525]

轨迹点 31:
  时间: 3.100000 秒
  关节位置: [-1.440026, 0.643288, 2.354124, -2.469999, -1.794375, -0.089630]
  关节速度: [-0.098458, -0.005526, 0.035642, -0.025838, -0.038216, -0.041118]
  关节加速度: [-0.010141, 0.002944, -0.038532, 0.037724, 0.009172, 0.004284]

轨迹点 32:
  时间: 3.200000 秒
  关节位置: [-1.449967, 0.642761, 2.357299, -2.472199, -1.798110, -0.093702]
  关节速度: [-0.099419, -0.005262, 0.031756, -0.022002, -0.037345, -0.040716]
  关节加速度: [-0.009608, 0.002633, -0.038852, 0.038364, 0.008710, 0.004027]

轨迹点 33:
  时间: 3.300000 秒
  关节位置: [-1.460000, 0.642259, 2.360083, -2.474010, -1.801762, -0.097736]
  关节速度: [-0.100323, -0.005027, 0.027838, -0.018103, -0.036523, -0.040340]
  关节加速度: [-0.009044, 0.002358, -0.039184, 0.038987, 0.008222, 0.003754]

轨迹点 34:
  时间: 3.400000 秒
  关节位置: [-1.470117, 0.641777, 2.362472, -2.475424, -1.805337, -0.101735]
  关节速度: [-0.101168, -0.004815, 0.023886, -0.014144, -0.035752, -0.039994]
  关节加速度: [-0.008451, 0.002121, -0.039525, 0.039590, 0.007710, 0.003465]

轨迹点 35:
  时间: 3.500000 秒
  关节位置: [-1.480312, 0.641315, 2.364461, -2.476437, -1.808841, -0.105703]
  关节速度: [-0.101951, -0.004622, 0.019898, -0.010127, -0.035035, -0.039678]
  关节加速度: [-0.007832, 0.001927, -0.039875, 0.040168, 0.007173, 0.003162]

轨迹点 36:
  时间: 3.600000 秒
  关节位置: [-1.490579, 0.640871, 2.366049, -2.477043, -1.812278, -0.109642]
  关节速度: [-0.102670, -0.004444, 0.015875, -0.006056, -0.034373, -0.039393]
  关节加速度: [-0.007188, 0.001777, -0.040231, 0.040716, 0.006616, 0.002845]

轨迹点 37:
  时间: 3.700000 秒
  关节位置: [-1.500911, 0.640443, 2.367231, -2.477236, -1.815655, -0.113556]
  关节速度: [-0.103322, -0.004277, 0.011816, -0.001933, -0.033769, -0.039141]
  关节加速度: [-0.006522, 0.001674, -0.040592, 0.041231, 0.006040, 0.002516]

轨迹点 38:
  时间: 3.800000 秒
  关节位置: [-1.511302, 0.640031, 2.368003, -2.477012, -1.818977, -0.117449]
  关节速度: [-0.103906, -0.004115, 0.007720, 0.002238, -0.033224, -0.038924]
  关节加速度: [-0.005836, 0.001620, -0.040956, 0.041706, 0.005447, 0.002175]

轨迹点 39:
  时间: 3.900000 秒
  关节位置: [-1.521743, 0.639636, 2.368361, -2.476367, -1.822251, -0.121323]
  关节速度: [-0.104419, -0.003953, 0.003588, 0.006452, -0.032741, -0.038742]
  关节加速度: [-0.005133, 0.001618, -0.041322, 0.042140, 0.004839, 0.001823]

轨迹点 40:
  时间: 4.000000 秒
  关节位置: [-1.532230, 0.639257, 2.368303, -2.475296, -1.825483, -0.125182]
  关节速度: [-0.104861, -0.003786, -0.000581, 0.010705, -0.032319, -0.038595]
  关节加速度: [-0.004415, 0.001668, -0.041688, 0.042528, 0.004219, 0.001462]

轨迹点 41:
  时间: 4.100000 秒
  关节位置: [-1.542752, 0.638897, 2.367825, -2.473797, -1.828679, -0.129031]
  关节速度: [-0.105229, -0.003609, -0.004786, 0.014991, -0.031960, -0.038486]
  关节加速度: [-0.003686, 0.001773, -0.042053, 0.042866, 0.003590, 0.001093]

轨迹点 42:
  时间: 4.200000 秒
  关节位置: [-1.553305, 0.638555, 2.366922, -2.471867, -1.831846, -0.132872]
  关节速度: [-0.105524, -0.003416, -0.009028, 0.019307, -0.031664, -0.038415]
  关节加速度: [-0.002949, 0.001933, -0.042415, 0.043153, 0.002955, 0.000717]

轨迹点 43:
  时间: 4.300000 秒
  关节位置: [-1.563879, 0.638235, 2.365591, -2.469502, -1.834989, -0.136711]
  关节速度: [-0.105745, -0.003201, -0.013305, 0.023645, -0.031432, -0.038381]
  关节加速度: [-0.002207, 0.002150, -0.042773, 0.043386, 0.002316, 0.000336]

轨迹点 44:
  时间: 4.400000 秒
  关节位置: [-1.574468, 0.637939, 2.363830, -2.466702, -1.838115, -0.140549]
  关节速度: [-0.105891, -0.002958, -0.017618, 0.028001, -0.031265, -0.038386]
  关节加速度: [-0.001463, 0.002422, -0.043125, 0.043562, 0.001676, -0.000049]

轨迹点 45:
  时间: 4.500000 秒
  关节位置: [-1.585065, 0.637671, 2.361633, -2.463465, -1.841231, -0.144392]
  关节速度: [-0.105963, -0.002683, -0.021965, 0.032370, -0.031161, -0.038429]
  关节加速度: [-0.000719, 0.002750, -0.043471, 0.043682, 0.001038, -0.000436]

轨迹点 46:
  时间: 4.600000 秒
  关节位置: [-1.595661, 0.637434, 2.358999, -2.459791, -1.844344, -0.148243]
  关节速度: [-0.105961, -0.002370, -0.026346, 0.036744, -0.031120, -0.038512]
  关节加速度: [0.000019, 0.003133, -0.043809, 0.043744, 0.000405, -0.000824]

轨迹点 47:
  时间: 4.700000 秒
  关节位置: [-1.606250, 0.637232, 2.355923, -2.455679, -1.847458, -0.152107]
  关节速度: [-0.105886, -0.002013, -0.030760, 0.041119, -0.031142, -0.038633]
  关节加速度: [0.000750, 0.003570, -0.044139, 0.043748, -0.000220, -0.001211]

轨迹点 48:
  时间: 4.800000 秒
  关节位置: [-1.616823, 0.637072, 2.352402, -2.451130, -1.850580, -0.155986]
  关节速度: [-0.105739, -0.001607, -0.035206, 0.045488, -0.031226, -0.038793]
  关节加速度: [0.001471, 0.004058, -0.044460, 0.043695, -0.000835, -0.001597]

轨迹点 49:
  时间: 4.900000 秒
  关节位置: [-1.627376, 0.636957, 2.348434, -2.446145, -1.853717, -0.159885]
  关节速度: [-0.105521, -0.001148, -0.039683, 0.049847, -0.031370, -0.038990]
  关节加速度: [0.002178, 0.004596, -0.044772, 0.043587, -0.001437, -0.001978]

轨迹点 50:
  时间: 5.000000 秒
  关节位置: [-1.637899, 0.636894, 2.344015, -2.440726, -1.856875, -0.163808]
  关节速度: [-0.105234, -0.000630, -0.044190, 0.054189, -0.031572, -0.039226]
  关节加速度: [0.002869, 0.005181, -0.045073, 0.043425, -0.002023, -0.002356]

轨迹点 51:
  时间: 5.100000 秒
  关节位置: [-1.648387, 0.636889, 2.339142, -2.434875, -1.860058, -0.167757]
  关节速度: [-0.104880, -0.000049, -0.048727, 0.058511, -0.031831, -0.039499]
  关节加速度: [0.003540, 0.005810, -0.045365, 0.043211, -0.002591, -0.002727]

轨迹点 52:
  时间: 5.200000 秒
  关节位置: [-1.658833, 0.636949, 2.333813, -2.428595, -1.863272, -0.171738]
  关节速度: [-0.104461, 0.000599, -0.053291, 0.062805, -0.032145, -0.039808]
  关节加速度: [0.004190, 0.006480, -0.045646, 0.042949, -0.003139, -0.003091]

轨迹点 53:
  时间: 5.300000 秒
  关节位置: [-1.669231, 0.637081, 2.328025, -2.421888, -1.866523, -0.175753]
  关节速度: [-0.103980, 0.001318, -0.057883, 0.067070, -0.032511, -0.040152]
  关节加速度: [0.004816, 0.007187, -0.045918, 0.042642, -0.003665, -0.003446]

轨迹点 54:
  时间: 5.400000 秒
  关节位置: [-1.679575, 0.637292, 2.321775, -2.414758, -1.869816, -0.179807]
  关节速度: [-0.103438, 0.002111, -0.062501, 0.071299, -0.032928, -0.040532]
  关节加速度: [0.005416, 0.007927, -0.046181, 0.042294, -0.004167, -0.003792]

轨迹点 55:
  时间: 5.500000 秒
  关节位置: [-1.689859, 0.637590, 2.315060, -2.407209, -1.873155, -0.183901]
  关节速度: [-0.102839, 0.002980, -0.067144, 0.075490, -0.033392, -0.040944]
  关节加速度: [0.005988, 0.008697, -0.046435, 0.041909, -0.004643, -0.004129]

轨迹点 56:
  时间: 5.600000 秒
  关节位置: [-1.700078, 0.637983, 2.307879, -2.399245, -1.876545, -0.188040]
  关节速度: [-0.102186, 0.003929, -0.071813, 0.079639, -0.033902, -0.041390]
  关节加速度: [0.006531, 0.009491, -0.046681, 0.041493, -0.005091, -0.004454]

轨迹点 57:
  时间: 5.700000 秒
  关节位置: [-1.710226, 0.638479, 2.300228, -2.390870, -1.879991, -0.192227]
  关节速度: [-0.101482, 0.004960, -0.076505, 0.083744, -0.034453, -0.041867]
  关节加速度: [0.007042, 0.010307, -0.046920, 0.041049, -0.005511, -0.004768]

轨迹点 58:
  时间: 5.800000 秒
  关节位置: [-1.720299, 0.639086, 2.292106, -2.382090, -1.883495, -0.196464]
  关节速度: [-0.100730, 0.006074, -0.081220, 0.087802, -0.035043, -0.042374]
  关节加速度: [0.007522, 0.011140, -0.047154, 0.040584, -0.005902, -0.005069]

轨迹点 59:
  时间: 5.900000 秒
  关节位置: [-1.730292, 0.639814, 2.283511, -2.372909, -1.887062, -0.200755]
  关节速度: [-0.099933, 0.007273, -0.085958, 0.091813, -0.035669, -0.042909]
  关节加速度: [0.007969, 0.011986, -0.047383, 0.040102, -0.006262, -0.005358]

轨迹点 60:
  时间: 6.000000 秒
  关节位置: [-1.740202, 0.640669, 2.274439, -2.363332, -1.890695, -0.205102]
  关节速度: [-0.099095, 0.008557, -0.090719, 0.095773, -0.036328, -0.043473]
  关节加速度: [0.008382, 0.012840, -0.047610, 0.039608, -0.006592, -0.005634]

轨迹点 61:
  时间: 6.100000 秒
  关节位置: [-1.750023, 0.641662, 2.264888, -2.353363, -1.894397, -0.209508]
  关节速度: [-0.098219, 0.009927, -0.095503, 0.099684, -0.037017, -0.044062]
  关节加速度: [0.008762, 0.013700, -0.047836, 0.039109, -0.006890, -0.005897]

轨迹点 62:
  时间: 6.200000 秒
  关节位置: [-1.759754, 0.642800, 2.254857, -2.343009, -1.898170, -0.213976]
  关节速度: [-0.097308, 0.011383, -0.100309, 0.103545, -0.037733, -0.044677]
  关节加速度: [0.009107, 0.014561, -0.048063, 0.038609, -0.007158, -0.006147]

轨迹点 63:
  时间: 6.300000 秒
  关节位置: [-1.769391, 0.644093, 2.244344, -2.332273, -1.902017, -0.218508]
  关节速度: [-0.096366, 0.012925, -0.105139, 0.107356, -0.038472, -0.045316]
  关节加速度: [0.009419, 0.015421, -0.048293, 0.038113, -0.007393, -0.006384]

轨迹点 64:
  时间: 6.400000 秒
  关节位置: [-1.778931, 0.645548, 2.233344, -2.321161, -1.905940, -0.223105]
  关节速度: [-0.095396, 0.014552, -0.109992, 0.111119, -0.039232, -0.045976]
  关节加速度: [0.009696, 0.016276, -0.048529, 0.037627, -0.007598, -0.006608]

轨迹点 65:
  时间: 6.500000 秒
  关节位置: [-1.788371, 0.647174, 2.221858, -2.309678, -1.909941, -0.227771]
  关节速度: [-0.094402, 0.016265, -0.114869, 0.114835, -0.040010, -0.046658]
  关节加速度: [0.009941, 0.017124, -0.048772, 0.037156, -0.007773, -0.006819]

轨迹点 66:
  时间: 6.600000 秒
  关节位置: [-1.797709, 0.648980, 2.209880, -2.297827, -1.914021, -0.232507]
  关节速度: [-0.093387, 0.018061, -0.119771, 0.118505, -0.040801, -0.047360]
  关节加速度: [0.010153, 0.017962, -0.049025, 0.036704, -0.007917, -0.007017]

轨迹点 67:
  时间: 6.700000 秒
  关节位置: [-1.806945, 0.650974, 2.197410, -2.285614, -1.918182, -0.237315]
  关节速度: [-0.092354, 0.019940, -0.124700, 0.122133, -0.041604, -0.048080]
  关节加速度: [0.010334, 0.018789, -0.049291, 0.036275, -0.008032, -0.007204]

轨迹点 68:
  时间: 6.800000 秒
  关节位置: [-1.816075, 0.653164, 2.184445, -2.273042, -1.922423, -0.242197]
  关节速度: [-0.091305, 0.021900, -0.129658, 0.125720, -0.042416, -0.048818]
  关节加速度: [0.010483, 0.019604, -0.049573, 0.035875, -0.008119, -0.007378]

轨迹点 69:
  时间: 6.900000 秒
  关节位置: [-1.825100, 0.655559, 2.170980, -2.260115, -1.926747, -0.247154]
  关节速度: [-0.090245, 0.023941, -0.134645, 0.129271, -0.043234, -0.049572]
  关节加速度: [0.010603, 0.020405, -0.049873, 0.035506, -0.008178, -0.007542]

轨迹点 70:
  时间: 7.000000 秒
  关节位置: [-1.834017, 0.658165, 2.157014, -2.246836, -1.931152, -0.252188]
  关节速度: [-0.089176, 0.026060, -0.139664, 0.132788, -0.044055, -0.050342]
  关节加速度: [0.010695, 0.021191, -0.050195, 0.035173, -0.008211, -0.007694]

轨迹点 71:
  时间: 7.100000 秒
  关节位置: [-1.842827, 0.660990, 2.142542, -2.233208, -1.935640, -0.257301]
  关节速度: [-0.088100, 0.028256, -0.144719, 0.136276, -0.044877, -0.051125]
  关节加速度: [0.010759, 0.021963, -0.050543, 0.034879, -0.008218, -0.007837]

轨迹点 72:
  时间: 7.200000 秒
  关节位置: [-1.851529, 0.664043, 2.127561, -2.219235, -1.940210, -0.262493]
  关节速度: [-0.087020, 0.030528, -0.149811, 0.139739, -0.045697, -0.051922]
  关节加速度: [0.010797, 0.022721, -0.050919, 0.034628, -0.008202, -0.007970]

轨迹点 73:
  时间: 7.300000 秒
  关节位置: [-1.860123, 0.667330, 2.112067, -2.204917, -1.944861, -0.267766]
  关节速度: [-0.085939, 0.032875, -0.154943, 0.143181, -0.046514, -0.052732]
  关节加速度: [0.010811, 0.023465, -0.051327, 0.034423, -0.008162, -0.008094]

轨迹点 74:
  时间: 7.400000 秒
  关节位置: [-1.868609, 0.670860, 2.096054, -2.190256, -1.949594, -0.273122]
  关节速度: [-0.084859, 0.035294, -0.160120, 0.146608, -0.047324, -0.053553]
  关节加速度: [0.010802, 0.024196, -0.051772, 0.034266, -0.008101, -0.008210]

轨迹点 75:
  时间: 7.500000 秒
  关节位置: [-1.876987, 0.674638, 2.079520, -2.175253, -1.954406, -0.278560]
  关节速度: [-0.083782, 0.037786, -0.165346, 0.150024, -0.048126, -0.054385]
  关节加速度: [0.010772, 0.024916, -0.052257, 0.034161, -0.008020, -0.008318]

轨迹点 76:
  时间: 7.600000 秒
  关节位置: [-1.885258, 0.678673, 2.062457, -2.159910, -1.959298, -0.284083]
  关节速度: [-0.082709, 0.040348, -0.170625, 0.153435, -0.048918, -0.055227]
  关节加速度: [0.010721, 0.025626, -0.052788, 0.034110, -0.007919, -0.008420]

轨迹点 77:
  时间: 7.700000 秒
  关节位置: [-1.893423, 0.682971, 2.044861, -2.144225, -1.964268, -0.289691]
  关节速度: [-0.081644, 0.042981, -0.175962, 0.156846, -0.049698, -0.056078]
  关节加速度: [0.010652, 0.026329, -0.053368, 0.034117, -0.007801, -0.008515]

轨迹点 78:
  时间: 7.800000 秒
  关节位置: [-1.901482, 0.687540, 2.026725, -2.128199, -1.969314, -0.295385]
  关节速度: [-0.080588, 0.045684, -0.181362, 0.160265, -0.050464, -0.056939]
  关节加速度: [0.010565, 0.027028, -0.054003, 0.034183, -0.007667, -0.008605]

轨迹点 79:
  时间: 7.900000 秒
  关节位置: [-1.909436, 0.692385, 2.008042, -2.111829, -1.974436, -0.301165]
  关节速度: [-0.079541, 0.048457, -0.186832, 0.163696, -0.051216, -0.057808]
  关节加速度: [0.010463, 0.027724, -0.054700, 0.034312, -0.007517, -0.008690]

轨迹点 80:
  时间: 8.000000 秒
  关节位置: [-1.917286, 0.697515, 1.988804, -2.095115, -1.979631, -0.307034]
  关节速度: [-0.078507, 0.051299, -0.192378, 0.167146, -0.051951, -0.058685]
  关节加速度: [0.010347, 0.028422, -0.055463, 0.034506, -0.007353, -0.008770]

轨迹点 81:
  时间: 8.100000 秒
  关节位置: [-1.925035, 0.702936, 1.969003, -2.078052, -1.984898, -0.312991]
  关节速度: [-0.077485, 0.054211, -0.198008, 0.170623, -0.052669, -0.059569]
  关节加速度: [0.010218, 0.029125, -0.056299, 0.034768, -0.007176, -0.008847]

轨迹点 82:
  时间: 8.200000 秒
  关节位置: [-1.932683, 0.708656, 1.948630, -2.060639, -1.990235, -0.319037]
  关节速度: [-0.076477, 0.057195, -0.203730, 0.174133, -0.053368, -0.060461]
  关节加速度: [0.010077, 0.029838, -0.057217, 0.035103, -0.006988, -0.008921]

轨迹点 83:
  时间: 8.300000 秒
  关节位置: [-1.940231, 0.714681, 1.927675, -2.042871, -1.995639, -0.325173]
  关节速度: [-0.075485, 0.060252, -0.209552, 0.177685, -0.054047, -0.061361]
  关节加速度: [0.009925, 0.030565, -0.058223, 0.035512, -0.006789, -0.008992]

轨迹点 84:
  时间: 8.400000 秒
  关节位置: [-1.947682, 0.721019, 1.906126, -2.024742, -2.001110, -0.331399]
  关节速度: [-0.074508, 0.063383, -0.215485, 0.181285, -0.054705, -0.062267]
  关节加速度: [0.009765, 0.031310, -0.059328, 0.036001, -0.006581, -0.009061]

轨迹点 85:
  时间: 8.500000 秒
  关节位置: [-1.955037, 0.727678, 1.883972, -2.006248, -2.006644, -0.337717]
  关节速度: [-0.073549, 0.066591, -0.221539, 0.184942, -0.055341, -0.063180]
  关节加速度: [0.009597, 0.032080, -0.060540, 0.036574, -0.006364, -0.009129]

轨迹点 86:
  时间: 8.600000 秒
  关节位置: [-1.962223, 0.734592, 1.861438, -1.987578, -2.012181, -0.344061]
  关节速度: [-0.071862, 0.069141, -0.225344, 0.186700, -0.055375, -0.063433]
  关节加速度: [0.016866, 0.025500, -0.038053, 0.017576, -0.000336, -0.002535]

轨迹点 87:
  时间: 8.675345 秒
  关节位置: [-1.964527, 0.736876, 1.854068, -1.981494, -2.013977, -0.346122]
  关节速度: [0.000000, 0.000000, 0.000000, 0.000000, 0.000000, 0.000000]
  关节加速度: [0.000000, 0.000000, 0.000000, 0.000000, 0.000000, 0.000000]

