详细轨迹分析报告
====================
轨迹点数: 101
轨迹总时间: 3.000 秒
关节名称: 
  0: joint1
  1: joint2
  2: joint3
  3: joint4
  4: joint5
  5: joint6

详细轨迹点信息:
================
轨迹点 0:
  时间: 0.000000 秒
  关节位置: [-1.196444, 0.694337, 2.077592, -2.246261, -1.625745, 0.061809]
  关节速度: [0.000000, 0.000000, 0.000000, 0.000000, 0.000000, 0.000000]
  关节加速度: [0.000000, 0.000000, 0.000000, 0.000000, 0.000000, 0.000000]

轨迹点 1:
  时间: 0.030000 秒
  关节位置: [-1.198158, 0.693477, 2.080504, -2.252599, -1.622931, 0.062570]
  关节速度: [-0.432929, -0.217111, 0.735566, -1.600755, 0.710577, 0.192165]
  关节加速度: [4.798567, 2.406447, -8.152986, 17.742711, -7.876011, -2.129946]

轨迹点 2:
  时间: 0.060000 秒
  关节位置: [-1.199836, 0.692636, 2.083355, -2.258803, -1.620177, 0.063315]
  关节速度: [-0.040723, -0.020107, 0.068578, -0.149971, 0.066842, 0.017858]
  关节加速度: [-15.275269, -6.968896, 24.611679, -55.157345, 25.074716, 6.302846]

轨迹点 3:
  时间: 0.090000 秒
  关节位置: [-1.203315, 0.691033, 2.088992, -2.271397, -1.614466, 0.064761]
  关节速度: [-0.410165, -0.187897, 0.662359, -1.482538, 0.673293, 0.169774]
  关节加速度: [10.730873, 4.971530, -17.436924, 38.893196, -17.614652, -4.480134]

轨迹点 4:
  时间: 0.120000 秒
  关节位置: [-1.206058, 0.689777, 2.093420, -2.281310, -1.609963, 0.065896]
  关节速度: [-0.085838, -0.037975, 0.135966, -0.307666, 0.140913, 0.034559]
  关节加速度: [-25.798495, -10.282626, 38.643286, -90.291744, 42.357122, 9.574791]

轨迹点 5:
  时间: 0.150000 秒
  关节位置: [-1.209944, 0.688185, 2.099326, -2.294996, -1.603583, 0.067370]
  关节速度: [-0.395207, -0.159990, 0.596827, -1.387933, 0.648855, 0.148447]
  关节加速度: [19.410816, 7.948227, -29.490771, 68.342829, -31.868384, -7.355885]

轨迹点 6:
  时间: 0.180000 秒
  关节位置: [-1.212381, 0.687199, 2.103004, -2.303551, -1.599582, 0.068284]
  关节速度: [-0.114318, -0.043691, 0.167460, -0.396452, 0.187707, 0.040978]
  关节加速度: [-35.505199, -12.451355, 49.777845, -120.963270, 58.306599, 11.885135]

轨迹点 7:
  时间: 0.210000 秒
  关节位置: [-1.216587, 0.685683, 2.108982, -2.317958, -1.592676, 0.069723]
  关节速度: [-0.386402, -0.137891, 0.546484, -1.321058, 0.634533, 0.131135]
  关节加速度: [27.472369, 9.857695, -38.961646, 94.029065, -45.113523, -9.364156]

轨迹点 8:
  时间: 0.240000 秒
  关节位置: [-1.218833, 0.684886, 2.112151, -2.325631, -1.588987, 0.070482]
  关节速度: [-0.151199, -0.049689, 0.205151, -0.508595, 0.248331, 0.047923]
  关节加速度: [-43.188912, -13.206685, 56.595134, -143.351033, 70.943127, 12.909029]

轨迹点 9:
  时间: 0.270000 秒
  关节位置: [-1.223318, 0.683476, 2.118106, -2.340592, -1.581620, 0.071853]
  关节速度: [-0.369899, -0.115208, 0.488977, -1.231846, 0.607586, 0.112216]
  关节加速度: [35.286936, 11.017265, -46.701212, 117.565867, -57.961112, -10.726309]

轨迹点 10:
  时间: 0.300000 秒
  关节位置: [-1.225414, 0.682831, 2.120860, -2.347557, -1.578177, 0.072482]
  关节速度: [-0.194275, -0.054463, 0.244268, -0.635102, 0.319182, 0.053893]
  关节加速度: [-48.657245, -12.806903, 59.451226, -157.427835, 79.950233, 12.805194]

轨迹点 11:
  时间: 0.330000 秒
  关节位置: [-1.230126, 0.681555, 2.126690, -2.362870, -1.570436, 0.073751]
  关节速度: [-0.346357, -0.093016, 0.427027, -1.124255, 0.569089, 0.092688]
  关节加速度: [42.463291, 11.406698, -52.359764, 137.839377, -69.770135, -11.366096]

轨迹点 12:
  时间: 0.360000 秒
  关节位置: [-1.232123, 0.681032, 2.129125, -2.369329, -1.567153, 0.074274]
  关节速度: [-0.241614, -0.057062, 0.281300, -0.768810, 0.397103, 0.057790]
  关节加速度: [-51.868927, -11.557828, 58.923876, -163.679126, 85.258575, 11.801095]

轨迹点 13:
  时间: 0.390000 秒
  关节位置: [-1.236997, 0.679913, 2.134732, -2.384774, -1.559142, 0.075412]
  关节速度: [-0.316473, -0.072153, 0.362976, -1.001898, 0.520174, 0.073431]
  关节加速度: [48.589752, 11.059818, -55.691015, 153.790652, -79.865175, -11.258316]

轨迹点 14:
  时间: 0.420000 秒
  关节位置: [-1.238957, 0.679486, 2.136937, -2.390940, -1.555920, 0.075848]
  关节速度: [-0.291258, -0.056888, 0.313406, -0.903183, 0.478898, 0.058781]
  关节加速度: [-52.815437, -9.745392, 55.595882, -162.647620, 86.851499, 10.133432]

轨迹点 15:
  时间: 0.450000 秒
  关节位置: [-1.243922, 0.678539, 2.142230, -2.406290, -1.547757, 0.076829]
  关节速度: [-0.281324, -0.053346, 0.299245, -0.869200, 0.462593, 0.055299]
  关节加速度: [53.205565, 10.051921, -56.514538, 164.314370, -87.488901, -10.424268]

轨迹点 16:
  时间: 0.480000 秒
  关节位置: [-1.245910, 0.678189, 2.144284, -2.412379, -1.544487, 0.077193]
  关节速度: [-0.341258, -0.053656, 0.338395, -1.032348, 0.561387, 0.056297]
  关节加速度: [-51.523451, -7.632464, 50.050077, -154.931516, 84.768947, 8.044155]

轨迹点 17:
  时间: 0.510000 秒
  关节位置: [-1.250889, 0.677422, 2.149186, -2.427409, -1.536296, 0.077999]
  关节速度: [-0.242396, -0.037165, 0.238259, -0.731392, 0.398774, 0.039067]
  关节加速度: [55.799756, 8.501391, -54.727178, 168.259454, -91.799448, -8.940633]

轨迹点 18:
  时间: 0.540000 秒
  关节位置: [-1.252974, 0.677139, 2.151153, -2.433628, -1.532865, 0.078298]
  关节速度: [-0.389715, -0.047357, 0.354710, -1.151127, 0.641463, 0.050038]
  关节加速度: [-48.057209, -5.455929, 42.863984, -141.182919, 79.111286, 5.776039]

轨迹点 19:
  时间: 0.570000 秒
  关节位置: [-1.257890, 0.676552, 2.155602, -2.448126, -1.524774, 0.078918]
  关节速度: [-0.201615, -0.023988, 0.182336, -0.594502, 0.331868, 0.025360]
  关节加速度: [55.810256, 6.571179, -50.315981, 164.429612, -91.868111, -6.949308]

轨迹点 20:
  时间: 0.600000 秒
  关节位置: [-1.260139, 0.676330, 2.157530, -2.454668, -1.521070, 0.079152]
  关节速度: [-0.434813, -0.038218, 0.361396, -1.255063, 0.716151, 0.039967]
  关节加速度: [-42.520789, -3.424009, 34.604019, -122.106526, 70.043080, 3.567780]

轨迹点 21:
  时间: 0.630000 秒
  关节位置: [-1.264916, 0.675918, 2.161482, -2.468440, -1.513202, 0.079583]
  关节速度: [-0.161374, -0.013955, 0.133588, -0.465339, 0.265795, 0.014584]
  关节加速度: [52.623402, 4.470142, -43.372936, 151.583910, -86.677445, -4.668294]

轨迹点 22:
  时间: 0.660000 秒
  关节位置: [-1.267393, 0.675758, 2.163400, -2.475475, -1.509119, 0.079743]
  关节速度: [-0.474859, -0.026661, 0.358074, -1.340442, 0.782675, 0.026300]
  关节加速度: [-35.060305, -1.713843, 25.819106, -98.458644, 57.796824, 1.648523]

轨迹点 23:
  时间: 0.690000 秒
  关节位置: [-1.271961, 0.675507, 2.166832, -2.488358, -1.501591, 0.079990]
  关节速度: [-0.124548, -0.006942, 0.093792, -0.351474, 0.205285, 0.006839]
  关节加速度: [45.573913, 2.454309, -34.111845, 128.437632, -75.119967, -2.403766]

轨迹点 24:
  时间: 0.720000 秒
  关节位置: [-1.274723, 0.675418, 2.168748, -2.496022, -1.497036, 0.080062]
  关节速度: [-0.508325, -0.013260, 0.344900, -1.404312, 0.838513, 0.009489]
  关节加速度: [-25.866018, -0.469279, 17.033525, -71.046606, 42.676680, 0.231750]

轨迹点 25:
  时间: 0.750000 秒
  关节位置: [-1.279022, 0.675309, 2.171657, -2.507892, -1.489944, 0.080139]
  关节速度: [-0.094516, -0.002516, 0.064255, -0.261212, 0.155908, 0.001825]
  关节加速度: [33.945527, 0.828091, -22.887675, 93.663732, -55.997735, -0.563436]

轨迹点 26:
  时间: 0.780000 秒
  关节位置: [-1.282113, 0.675302, 2.173561, -2.516283, -1.484842, 0.080101]
  关节速度: [-0.533883, 0.001300, 0.322523, -1.444500, 0.881467, -0.009800]
  关节加速度: [-15.174376, 0.201131, 8.738777, -40.728581, 25.062212, -0.491595]

轨迹点 27:
  时间: 0.810000 秒
  关节位置: [-1.286096, 0.675314, 2.175963, -2.527057, -1.478265, 0.080025]
  关节速度: [-0.075167, 0.000088, 0.045657, -0.203565, 0.124099, -0.001256]
  关节加速度: [16.972541, -0.054531, -10.218762, 45.895387, -28.023196, 0.328712]

轨迹点 28:
  时间: 0.840000 秒
  关节位置: [-1.289546, 0.675403, 2.177827, -2.536231, -1.472564, 0.079850]
  关节速度: [-0.550445, 0.016270, 0.292035, -1.459624, 0.909721, -0.030712]
  关节加速度: [-3.269909, 0.225979, 1.384187, -8.413710, 5.412051, -0.360867]

轨迹点 29:
  时间: 0.870000 秒
  关节位置: [-1.293185, 0.675512, 2.179755, -2.545878, -1.466549, 0.079645]
  关节速度: [-0.070892, 0.002012, 0.037836, -0.188152, 0.117158, -0.003841]
  关节加速度: [-6.039225, 0.368539, 2.669216, -15.638852, 9.994254, -0.614389]

轨迹点 30:
  时间: 0.900000 秒
  关节位置: [-1.297006, 0.675713, 2.181534, -2.555836, -1.460229, 0.079303]
  关节速度: [-0.557200, 0.030872, 0.254916, -1.449102, 0.921901, -0.052245]
  关节加速度: [9.513070, -0.427271, -4.634077, 24.937571, -15.732584, 0.745500]

轨迹点 31:
  时间: 0.930000 秒
  关节位置: [-1.300292, 0.675895, 2.183036, -2.564381, -1.454792, 0.078994]
  关节速度: [-0.084282, 0.004950, 0.037720, -0.218645, 0.139470, -0.008350]
  关节加速度: [-28.802525, 2.390747, 10.833790, -73.351917, 47.718776, -3.942053]

轨迹点 32:
  时间: 0.960000 秒
  关节位置: [-1.304473, 0.676221, 2.184672, -2.575073, -1.447866, 0.078455]
  关节速度: [-0.553654, 0.044346, 0.212961, -1.413156, 0.917143, -0.073290]
  关节加速度: [22.789076, -1.750649, -8.985888, 58.313201, -37.744682, 2.900036]

轨迹点 33:
  时间: 0.990000 秒
  关节位置: [-1.307419, 0.676457, 2.185803, -2.582591, -1.442986, 0.078064]
  关节速度: [-0.112953, 0.010056, 0.040322, -0.286358, 0.187204, -0.016641]
  关节加速度: [-47.626686, 5.058994, 14.482668, -119.162344, 79.009934, -8.374470]

轨迹点 34:
  时间: 1.020000 秒
  关节位置: [-1.311931, 0.676917, 2.187234, -2.593915, -1.435503, 0.077303]
  关节速度: [-0.539659, 0.055986, 0.168207, -1.352817, 0.895141, -0.092682]
  关节加速度: [36.120529, -3.694082, -11.422324, 90.649479, -59.908815, 6.115008]

轨迹点 35:
  时间: 1.050000 秒
  关节位置: [-1.314567, 0.677192, 2.188051, -2.600522, -1.431130, 0.076848]
  关节速度: [-0.153784, 0.017935, 0.041521, -0.381752, 0.255294, -0.029930]
  关节加速度: [-62.458762, 8.039298, 14.431112, -153.613593, 103.764958, -13.488991]

轨迹点 36:
  时间: 1.080000 秒
  关节位置: [-1.319359, 0.677791, 2.189215, -2.612340, -1.423171, 0.075844]
  关节速度: [-0.515446, 0.065180, 0.122840, -1.269922, 0.856208, -0.109268]
  关节加速度: [49.017546, -6.163841, -11.793477, 120.831806, -81.419473, 10.329798]

轨迹点 37:
  时间: 1.110000 秒
  关节位置: [-1.321732, 0.678094, 2.189770, -2.618181, -1.419229, 0.075335]
  关节速度: [-0.203649, 0.028852, 0.038024, -0.495987, 0.338649, -0.049022]
  关节加速度: [-73.291026, 11.027937, 11.508309, -177.303338, 121.951651, -18.852493]

轨迹点 38:
  时间: 1.140000 秒
  关节位置: [-1.326740, 0.678832, 2.190612, -2.630328, -1.410897, 0.074077]
  关节速度: [-0.481653, 0.071447, 0.079092, -1.167108, 0.801320, -0.121970]
  关节加速度: [60.938758, -9.021016, -10.069205, 147.696749, -101.380875, 15.396895]

轨迹点 39:
  时间: 1.170000 秒
  关节位置: [-1.328907, 0.679158, 2.190948, -2.635568, -1.407292, 0.073518]
  关节速度: [-0.259457, 0.042778, 0.027356, -0.620951, 0.432222, -0.074301]
  关节加速度: [-80.164926, 13.753370, 6.552438, -190.886598, 133.615189, -24.027297]

轨迹点 40:
  时间: 1.200000 秒
  关节位置: [-1.334057, 0.680027, 2.191423, -2.647860, -1.398709, 0.072004]
  关节速度: [-0.439346, 0.074469, 0.039120, -1.047801, 0.732163, -0.129875]
  关节加速度: [71.293550, -12.080042, -6.363056, 170.036134, -118.808946, 21.066571]

轨迹点 41:
  时间: 1.230000 秒
  关节位置: [-1.336084, 0.680379, 2.191572, -2.652678, -1.395331, 0.071387]
  关节速度: [-0.318203, 0.059430, 0.007855, -0.749287, 0.531086, -0.105738]
  关节加速度: [-83.175308, 15.978154, 0.403907, -195.079865, 138.885595, -28.578540]

轨迹点 42:
  时间: 1.260000 秒
  关节位置: [-1.341294, 0.681365, 2.191650, -2.664923, -1.386633, 0.069627]
  关节速度: [-0.390035, 0.074126, 0.004867, -0.916192, 0.651161, -0.132320]
  关节加速度: [79.446206, -15.107359, -0.959418, 186.604023, -132.636277, 26.970486]

轨迹点 43:
  时间: 1.290000 秒
  关节位置: [-1.343252, 0.681750, 2.191626, -2.669500, -1.383363, 0.068935]
  关节速度: [-0.377018, 0.078322, -0.021354, -0.874421, 0.630506, -0.142897]
  关节加速度: [-82.474791, 17.500920, -6.103847, -190.665974, 137.985722, -32.083281]

轨迹点 44:
  时间: 1.320000 秒
  关节位置: [-1.348436, 0.682836, 2.191295, -2.681508, -1.374692, 0.066949]
  关节速度: [-0.335678, 0.070525, -0.022096, -0.777210, 0.561498, -0.129002]
  关节加速度: [84.722552, -17.820302, 5.656309, 196.127560, -141.721089, 32.604676]

轨迹点 45:
  时间: 1.350000 秒
  关节位置: [-1.350396, 0.683265, 2.191097, -2.686020, -1.371409, 0.066155]
  关节速度: [-0.433217, 0.098804, -0.060377, -0.990586, 0.726026, -0.184952]
  关节加速度: [-78.278065, 18.158463, -12.156628, -178.499288, 131.239395, -34.141660]

轨迹点 46:
  时间: 1.380000 秒
  关节位置: [-1.355470, 0.684429, 2.190362, -2.697610, -1.362906, 0.063973]
  关节速度: [-0.278681, 0.064027, -0.040750, -0.636478, 0.467123, -0.120084]
  关节加速度: [86.419705, -19.886381, 12.765053, 197.322736, -144.861319, 37.312649]

轨迹点 47:
  时间: 1.410000 秒
  关节位置: [-1.357503, 0.684918, 2.189969, -2.702219, -1.359494, 0.063042]
  关节速度: [-0.484350, 0.120109, -0.108589, -1.092853, 0.813545, -0.230717]
  关节加速度: [-70.865786, 17.827980, -16.975470, -159.510604, 119.079200, -34.390321]

轨迹点 48:
  时间: 1.440000 秒
  关节位置: [-1.362385, 0.686134, 2.188854, -2.713228, -1.351292, 0.060704]
  关节速度: [-0.221881, 0.055275, -0.050828, -0.500254, 0.372734, -0.106323]
  关节加速度: [83.819599, -20.923185, 19.379970, 188.916187, -140.815028, 40.269638]

轨迹点 49:
  时间: 1.470000 秒
  关节位置: [-1.364554, 0.686702, 2.188232, -2.718079, -1.347643, 0.059591]
  关节速度: [-0.528253, 0.141388, -0.164679, -1.177154, 0.889404, -0.278680]
  关节加速度: [-60.587598, 16.429450, -19.836871, -134.710951, 102.053140, -32.518208]

轨迹点 50:
  时间: 1.500000 秒
  关节位置: [-1.369173, 0.687942, 2.186777, -2.728366, -1.339866, 0.057146]
  关节速度: [-0.168511, 0.045215, -0.053034, -0.375350, 0.283741, -0.089192]
  关节加速度: [76.206895, -20.499175, 24.212496, 169.674011, -128.328312, 40.469460]

轨迹点 51:
  时间: 1.530000 秒
  关节位置: [-1.371532, 0.688610, 2.185873, -2.733577, -1.335885, 0.055803]
  关节速度: [-0.563098, 0.161760, -0.226711, -1.240310, 0.950469, -0.327055]
  关节加速度: [-47.863688, 13.928097, -20.097646, -105.193264, 80.829177, -28.284639]

轨迹点 52:
  时间: 1.560000 秒
  关节位置: [-1.375827, 0.689846, 2.184133, -2.743034, -1.328635, 0.053302]
  关节速度: [-0.122153, 0.035114, -0.049288, -0.269030, 0.206190, -0.071011]
  关节加速度: [62.891737, -18.135702, 25.640863, 138.438381, -106.171676, 36.715785]

轨迹点 53:
  时间: 1.590000 秒
  关节位置: [-1.378419, 0.690633, 2.182885, -2.748692, -1.324250, 0.051676]
  关节速度: [-0.587441, 0.180344, -0.292209, -1.280055, 0.994210, -0.373849]
  关节加速度: [-33.184168, 10.336835, -17.224417, -72.130721, 56.196418, -21.539296]

轨迹点 54:
  时间: 1.620000 秒
  关节位置: [-1.382345, 0.691840, 2.180925, -2.757244, -1.317606, 0.049174]
  关节速度: [-0.086666, 0.026577, -0.042971, -0.188882, 0.146670, -0.055073]
  关节加速度: [43.237600, -13.310604, 21.684102, 94.172303, -73.185496, 27.620039]

轨迹点 55:
  时间: 1.650000 秒
  关节位置: [-1.385195, 0.692765, 2.179261, -2.763403, -1.312769, 0.047215]
  关节速度: [-0.600262, 0.196300, -0.358251, -1.295050, 1.018779, -0.416939]
  关节加速度: [-17.105486, 5.718503, -10.827340, -36.770442, 29.061573, -12.243405]

轨迹点 56:
  时间: 1.680000 秒
  关节位置: [-1.388724, 0.693919, 2.177150, -2.771015, -1.306780, 0.044761]
  关节速度: [-0.066094, 0.021562, -0.039187, -0.142652, 0.112163, -0.045756]
  关节加速度: [16.694016, -5.463746, 9.985290, 36.012209, -28.334524, 11.608392]

轨迹点 57:
  时间: 1.710000 秒
  关节位置: [-1.391843, 0.694996, 2.174997, -2.777689, -1.301473, 0.042425]
  关节速度: [-0.601002, 0.208868, -0.421607, -1.284897, 1.023076, -0.454170]
  关节加速度: [-0.243065, 0.187649, -0.697019, -0.421216, 0.439222, -0.490959]

轨迹点 58:
  时间: 1.740000 秒
  关节位置: [-1.394967, 0.696083, 2.172802, -2.784368, -1.296154, 0.040062]
  关节速度: [-0.064362, 0.022367, -0.045152, -0.137610, 0.109563, -0.048638]
  关节加速度: [-15.528282, 5.764301, -12.812572, -32.891968, 26.526329, -12.849510]

轨迹点 59:
  时间: 1.770000 秒
  关节位置: [-1.398343, 0.697321, 2.170093, -2.791531, -1.290392, 0.037313]
  关节速度: [-0.589586, 0.217398, -0.478885, -1.250133, 1.006798, -0.483462]
  关节加速度: [16.740533, -6.088455, 13.157155, 35.565908, -28.565475, 13.471612]

轨迹点 60:
  时间: 1.800000 秒
  关节位置: [-1.401076, 0.698329, 2.167871, -2.797326, -1.285724, 0.035071]
  关节速度: [-0.081037, 0.030312, -0.068122, -0.171529, 0.138492, -0.067777]
  关节加速度: [-42.753551, 16.793036, -40.197942, -89.924817, 73.270675, -38.216279]

轨迹点 61:
  时间: 1.830000 秒
  关节位置: [-1.404678, 0.699731, 2.164553, -2.804911, -1.279554, 0.031890]
  关节速度: [-0.566440, 0.221385, -0.526717, -1.192211, 0.970478, -0.502939]
  关节加速度: [33.152422, -12.889922, 30.469786, 69.824937, -56.782622, 29.229342]

轨迹点 62:
  时间: 1.860000 秒
  关节位置: [-1.407051, 0.700660, 2.162342, -2.809906, -1.275488, 0.029781]
  关节速度: [-0.111446, 0.044809, -0.110389, -0.233835, 0.191262, -0.102821]
  关节加速度: [-63.182904, 26.283786, -67.325992, -132.047348, 108.659153, -61.009847]

轨迹点 63:
  时间: 1.890000 秒
  关节位置: [-1.410833, 0.702220, 2.158380, -2.817816, -1.268988, 0.026168]
  关节速度: [-0.532486, 0.220501, -0.561960, -1.113461, 0.915487, -0.511053]
  关节加速度: [48.291280, -19.945839, 50.686671, 101.010345, -83.012451, 46.188527]

轨迹点 64:
  时间: 1.920000 秒
  关节位置: [-1.412891, 0.703074, 2.156199, -2.822119, -1.265450, 0.024188]
  关节速度: [-0.150980, 0.064939, -0.172504, -0.314561, 0.260193, -0.152372]
  关节加速度: [-77.154976, 34.005242, -92.613437, -160.355113, 133.175452, -80.397679]

轨迹点 65:
  时间: 1.950000 秒
  关节位置: [-1.416792, 0.704781, 2.151583, -2.830234, -1.258718, 0.020161]
  关节速度: [-0.489117, 0.214620, -0.581928, -1.017020, 0.844011, -0.506729]
  关节加速度: [61.473912, -26.937670, 72.940265, 127.839918, -106.068765, 63.574826]

轨迹点 66:
  时间: 1.980000 秒
  关节位置: [-1.418589, 0.705573, 2.149427, -2.833968, -1.255617, 0.018289]
  关节速度: [-0.195367, 0.089620, -0.253738, -0.404778, 0.338103, -0.214359]
  关节加速度: [-85.136143, 39.783923, -114.562559, -176.117168, 147.521205, -95.653491]

轨迹点 67:
  时间: 2.010000 秒
  关节位置: [-1.422544, 0.707409, 2.144173, -2.842156, -1.248766, 0.013883]
  关节速度: [-0.438158, 0.203840, -0.584629, -0.906742, 0.758997, -0.489492]
  关节加速度: [72.065439, -33.504678, 96.037438, 149.143316, -124.829466, 80.441878]

轨迹点 68:
  时间: 2.040000 秒
  关节位置: [-1.424139, 0.708157, 2.142010, -2.845454, -1.246002, 0.012082]
  关节速度: [-0.240764, 0.117657, -0.352159, -0.496676, 0.418457, -0.286122]
  关节加速度: [-87.715083, 43.508893, -131.821927, -180.766725, 152.611232, -106.195969]

轨迹点 69:
  时间: 2.070000 秒
  关节位置: [-1.428078, 0.710098, 2.136160, -2.853576, -1.239152, 0.007352]
  关节速度: [-0.381796, 0.188509, -0.569010, -0.787068, 0.664053, -0.459589]
  关节加速度: [79.511379, -39.251439, 118.463240, 163.913628, -138.291474, 95.692014]

轨迹点 70:
  时间: 2.100000 秒
  关节位置: [-1.429532, 0.710827, 2.133934, -2.856571, -1.236621, 0.005570]
  关节速度: [-0.283835, 0.147790, -0.464742, -0.583632, 0.495507, -0.364524]
  关节加速度: [-85.589704, 45.135165, -143.249013, -175.879646, 149.555861, -111.624526]

轨迹点 71:
  时间: 2.130000 秒
  关节位置: [-1.433386, 0.712846, 2.127557, -2.864493, -1.229890, 0.000583]
  关节速度: [-0.322497, 0.169231, -0.535195, -0.662870, 0.563316, -0.418095]
  关节加速度: [83.369300, -43.757279, 138.403457, 171.358169, -145.626245, 108.109691]

轨迹点 72:
  时间: 2.160000 秒
  关节位置: [-1.434758, 0.713583, 2.125190, -2.867311, -1.227490, -0.001244]
  关节速度: [-0.321815, 0.178733, -0.587527, -0.660264, 0.564415, -0.446092]
  关节加速度: [-79.546286, 44.685220, -147.969625, -163.140579, 139.629703, -111.748476]

轨迹点 73:
  时间: 2.190000 秒
  关节位置: [-1.438461, 0.715649, 2.118376, -2.874908, -1.220992, -0.006406]
  关节速度: [-0.262897, 0.146883, -0.484695, -0.539274, 0.461285, -0.366979]
  关节加速度: [83.337310, -46.587254, 153.787160, 170.944181, -146.231268, 116.406935]

轨迹点 74:
  时间: 2.220000 秒
  关节位置: [-1.439806, 0.716424, 2.115767, -2.877664, -1.218628, -0.008352]
  关节速度: [-0.352562, 0.209222, -0.715818, -0.722460, 0.621346, -0.527168]
  关节加速度: [-70.431587, 42.248233, -145.428601, -144.297911, 124.227708, -106.606206]

轨迹点 75:
  时间: 2.250000 秒
  关节位置: [-1.443301, 0.718506, 2.108630, -2.884825, -1.212466, -0.013600]
  关节速度: [-0.205686, 0.122616, -0.420593, -0.421450, 0.362619, -0.309139]
  关节加速度: [79.276544, -47.304045, 162.348480, 162.434944, -139.772629, 119.278636]

轨迹点 76:
  时间: 2.280000 秒
  关节位置: [-1.444664, 0.719353, 2.105661, -2.887618, -1.210056, -0.015744]
  关节速度: [-0.374576, 0.238055, -0.844420, -0.767371, 0.663524, -0.604091]
  关节加速度: [-59.119528, 37.976740, -135.426469, -121.110169, 104.810943, -96.471577]

轨迹点 77:
  时间: 2.310000 秒
  关节位置: [-1.447903, 0.721417, 2.098328, -2.894253, -1.204317, -0.020983]
  关节速度: [-0.153472, 0.097856, -0.347678, -0.314405, 0.271928, -0.248400]
  关节加速度: [71.225136, -45.479984, 161.704554, 145.912312, -126.214072, 115.464137]

轨迹点 78:
  时间: 2.340000 秒
  关节位置: [-1.449322, 0.722368, 2.094869, -2.897162, -1.201794, -0.023406]
  关节速度: [-0.386999, 0.264122, -0.967895, -0.793372, 0.689246, -0.673366]
  关节加速度: [-46.474878, 32.080794, -118.137853, -95.287704, 82.845910, -81.845983]

轨迹点 79:
  时间: 2.370000 秒
  关节位置: [-1.452268, 0.724384, 2.087477, -2.903202, -1.196545, -0.028545]
  关节速度: [-0.108657, 0.074302, -0.272519, -0.222757, 0.193547, -0.189454]
  关节加速度: [59.401864, -40.708340, 149.444570, 121.782800, -105.829070, 103.810504]

轨迹点 80:
  时间: 2.400000 秒
  关节位置: [-1.453769, 0.725472, 2.083394, -2.906282, -1.193861, -0.031323]
  关节速度: [-0.389589, 0.286442, -1.080838, -0.799991, 0.697856, -0.731840]
  关节加速度: [-33.316857, 24.819888, -94.109119, -68.434315, 59.742239, -63.435956]

轨迹点 81:
  时间: 2.430000 秒
  关节位置: [-1.456399, 0.727409, 2.076078, -2.911684, -1.189148, -0.036273]
  关节速度: [-0.073310, 0.053921, -0.203490, -0.150538, 0.131321, -0.137766]
  关节加速度: [44.198665, -32.613050, 123.223305, 90.766000, -79.194057, 83.332369]

轨迹点 82:
  时间: 2.460000 秒
  关节位置: [-1.457995, 0.728663, 2.071240, -2.914967, -1.186275, -0.039475]
  关节速度: [-0.382663, 0.304185, -1.178149, -0.787789, 0.689666, -0.776851]
  关节加速度: [-20.385677, 16.493209, -64.234990, -41.993578, 36.793917, -42.117847]

轨迹点 83:
  时间: 2.490000 秒
  关节位置: [-1.460300, 0.730498, 2.064129, -2.919714, -1.182119, -0.044162]
  关节速度: [-0.049060, 0.038936, -0.150729, -0.100995, 0.088409, -0.099440]
  关节加速度: [26.162443, -20.856230, 80.851918, 53.865961, -47.162985, 53.263442]

轨迹点 84:
  时间: 2.520000 秒
  关节位置: [-1.461991, 0.731943, 2.058416, -2.923206, -1.179054, -0.047843]
  关节速度: [-0.367022, 0.316693, -1.255291, -0.758227, 0.665842, -0.806355]
  关节加速度: [-8.314712, 7.428919, -29.716065, -17.204160, 15.128866, -18.892464]

轨迹点 85:
  时间: 2.550000 秒
  关节位置: [-1.463976, 0.733658, 2.051619, -2.927307, -1.175453, -0.052208]
  关节速度: [-0.037007, 0.031828, -0.126047, -0.076441, 0.067118, -0.081049]
  关节加速度: [5.967710, -5.143071, 20.379111, 12.327974, -10.825355, 13.095661]

轨迹点 86:
  时间: 2.580000 秒
  关节位置: [-1.465751, 0.735313, 2.044934, -2.930988, -1.172212, -0.056402]
  关节速度: [-0.343858, 0.323495, -1.308519, -0.713492, 0.628261, -0.819025]
  关节加速度: [2.389643, -2.026740, 7.998831, 4.932654, -4.329373, 5.166407]

轨迹点 87:
  时间: 2.610000 秒
  关节位置: [-1.467433, 0.736897, 2.038527, -2.934479, -1.169138, -0.060412]
  关节速度: [-0.037108, 0.035065, -0.141954, -0.077018, 0.067824, -0.088732]
  关节加速度: [-12.270200, 12.764556, -52.635921, -25.608488, 22.610946, -32.025964]

轨迹点 88:
  时间: 2.640000 秒
  关节位置: [-1.469269, 0.738775, 2.030807, -2.938307, -1.165760, -0.065130]
  关节速度: [-0.314649, 0.324318, -1.335069, -0.656325, 0.579341, -0.814302]
  关节加速度: [11.359346, -11.519780, 47.280292, 23.671504, -20.885516, 28.965305]

轨迹点 89:
  时间: 2.670000 秒
  关节位置: [-1.470677, 0.740227, 2.024829, -2.941243, -1.163168, -0.068776]
  关节速度: [-0.045656, 0.048459, -0.200415, -0.095404, 0.084271, -0.121245]
  关节加速度: [-23.823187, 27.275723, -114.113272, -50.024421, 44.269670, -67.676665]

轨迹点 90:
  时间: 2.700000 秒
  关节位置: [-1.472541, 0.742329, 2.016053, -2.945154, -1.159709, -0.074000]
  关节速度: [-0.281050, 0.319088, -1.333310, -0.589826, 0.521859, -0.792418]
  关节加速度: [18.367151, -20.697638, 86.390230, 38.527332, -34.081363, 51.442080]

轨迹点 91:
  时间: 2.730000 秒
  关节位置: [-1.473710, 0.743659, 2.010498, -2.947608, -1.157538, -0.077301]
  关节速度: [-0.058538, 0.070109, -0.294897, -0.123282, 0.109210, -0.172838]
  关节加速度: [-30.106850, 38.202429, -161.789088, -63.659939, 56.472281, -93.486104]

轨迹点 92:
  时间: 2.760000 秒
  关节位置: [-1.475566, 0.745978, 2.000691, -2.951526, -1.154063, -0.082988]
  关节速度: [-0.244787, 0.307941, -1.302848, -0.517277, 0.458774, -0.754377]
  关节加速度: [23.320891, -29.216758, 123.552531, 49.266776, -43.690415, 71.611057]

轨迹点 93:
  时间: 2.790000 秒
  关节位置: [-1.476534, 0.747202, 1.995510, -2.953574, -1.152246, -0.085984]
  关节速度: [-0.072540, 0.098126, -0.417991, -0.154055, 0.136876, -0.237748]
  关节加速度: [-32.320869, 45.769450, -195.759958, -68.870308, 61.263084, -110.171757]

轨迹点 94:
  时间: 2.820000 秒
  关节位置: [-1.478342, 0.749724, 1.984738, -2.957421, -1.148826, -0.092067]
  关节速度: [-0.207558, 0.291223, -1.244580, -0.441968, 0.393054, -0.701907]
  关节加速度: [26.251041, -36.748433, 157.018033, 55.888851, -49.700482, 88.600010]

轨迹点 95:
  时间: 2.850000 秒
  关节位置: [-1.479149, 0.750868, 1.979845, -2.959141, -1.147295, -0.094819]
  关节速度: [-0.085273, 0.130692, -0.561886, -0.182708, 0.162899, -0.310462]
  关节加速度: [-31.550461, 50.246298, -216.556458, -67.795058, 60.514549, -118.657387]

轨迹点 96:
  时间: 2.880000 秒
  关节位置: [-1.480871, 0.753570, 1.968213, -2.962838, -1.143997, -0.101214]
  关节速度: [-0.170945, 0.269489, -1.160719, -0.367040, 0.327522, -0.637383]
  关节加速度: [27.293354, -42.982909, 185.120462, 58.597696, -52.287092, 101.677516]

轨迹点 97:
  时间: 2.910000 秒
  关节位置: [-1.481551, 0.754663, 1.963500, -2.964300, -1.142692, -0.103791]
  关节速度: [-0.095214, 0.166177, -0.719089, -0.205901, 0.184395, -0.386166]
  关节加速度: [-29.092099, 52.519599, -227.599058, -63.072100, 56.555538, -121.378400]

轨迹点 98:
  时间: 2.940000 秒
  关节位置: [-1.483140, 0.757486, 1.951275, -2.967740, -1.139609, -0.110332]
  关节速度: [-0.136385, 0.243416, -1.054351, -0.295427, 0.264790, -0.563594]
  关节加速度: [27.013774, -48.213403, 208.834919, 58.515366, -52.447111, 111.631044]

轨迹点 99:
  时间: 2.970000 秒
  关节位置: [-1.483634, 0.758379, 1.947407, -2.968811, -1.138648, -0.112394]
  关节速度: [-0.152896, 0.288618, -1.252394, -0.332491, 0.298718, -0.661682]
  关节加速度: [-74.996953, 143.199378, -621.609569, -163.225655, 146.717757, -327.660609]

轨迹点 100:
  时间: 3.000000 秒
  关节位置: [-1.484144, 0.759344, 1.943216, -2.969920, -1.137652, -0.114606]
  关节速度: [0.000000, 0.000000, 0.000000, 0.000000, 0.000000, 0.000000]
  关节加速度: [0.000000, 0.000000, 0.000000, 0.000000, 0.000000, 0.000000]

