详细轨迹分析报告
====================
轨迹点数: 42
轨迹总时间: 4.081 秒
关节名称: 
  0: joint1
  1: joint2
  2: joint3
  3: joint4
  4: joint5
  5: joint6

详细轨迹点信息:
================
轨迹点 0:
  时间: 0.000000 秒
  关节位置: [-1.963634, 0.736032, 1.853196, -1.980496, -2.013481, -0.346991]
  关节速度: [0.000000, 0.000000, 0.000000, 0.000000, 0.000000, 0.000000]
  关节加速度: [0.000000, 0.000000, 0.000000, 0.000000, 0.000000, 0.000000]

轨迹点 1:
  时间: 0.100000 秒
  关节位置: [-1.963647, 0.723016, 1.852165, -1.966438, -2.013488, -0.346979]
  关节速度: [-0.000123, -0.130164, -0.010317, 0.140582, -0.000069, 0.000120]
  关节加速度: [-0.001235, -1.301643, -0.103172, 1.405819, -0.000694, 0.001202]

轨迹点 2:
  时间: 0.200000 秒
  关节位置: [-1.963669, 0.699894, 1.849608, -1.940741, -2.013501, -0.346958]
  关节速度: [-0.000222, -0.231223, -0.025563, 0.256967, -0.000125, 0.000216]
  关节加速度: [-0.000988, -1.010588, -0.152460, 1.163852, -0.000555, 0.000962]

轨迹点 3:
  时间: 0.300000 秒
  关节位置: [-1.963691, 0.677190, 1.846155, -1.914566, -2.013513, -0.346936]
  关节速度: [-0.000222, -0.227035, -0.034537, 0.261752, -0.000125, 0.000216]
  关节加速度: [-0.000000, 0.041884, -0.089734, 0.047850, -0.000000, 0.000000]

轨迹点 4:
  时间: 0.400000 秒
  关节位置: [-1.963714, 0.654933, 1.841806, -1.887942, -2.013526, -0.346914]
  关节速度: [-0.000222, -0.222572, -0.043484, 0.266236, -0.000125, 0.000216]
  关节加速度: [-0.000000, 0.044627, -0.089471, 0.044844, -0.000000, 0.000000]

轨迹点 5:
  时间: 0.500000 秒
  关节位置: [-1.963736, 0.633149, 1.836566, -1.860900, -2.013538, -0.346893]
  关节速度: [-0.000222, -0.217841, -0.052399, 0.270421, -0.000125, 0.000216]
  关节加速度: [-0.000000, 0.047308, -0.089153, 0.041845, -0.000000, 0.000000]

轨迹点 6:
  时间: 0.600000 秒
  关节位置: [-1.963758, 0.611864, 1.830439, -1.833469, -2.013551, -0.346871]
  关节速度: [-0.000222, -0.212850, -0.061277, 0.274308, -0.000125, 0.000216]
  关节加速度: [-0.000000, 0.049910, -0.088784, 0.038874, -0.000000, 0.000000]

轨迹点 7:
  时间: 0.700000 秒
  关节位置: [-1.963780, 0.591103, 1.823427, -1.805679, -2.013563, -0.346850]
  关节速度: [-0.000222, -0.207608, -0.070114, 0.277904, -0.000125, 0.000216]
  关节加速度: [-0.000000, 0.052417, -0.088370, 0.035952, -0.000000, 0.000000]

轨迹点 8:
  时间: 0.800000 秒
  关节位置: [-1.963802, 0.570890, 1.815537, -1.777557, -2.013576, -0.346828]
  关节速度: [-0.000222, -0.202127, -0.078906, 0.281214, -0.000125, 0.000216]
  关节加速度: [-0.000000, 0.054817, -0.087919, 0.033102, -0.000000, 0.000000]

轨迹点 9:
  时间: 0.900000 秒
  关节位置: [-1.963825, 0.551249, 1.806771, -1.749133, -2.013588, -0.346806]
  关节速度: [-0.000222, -0.196417, -0.087650, 0.284248, -0.000125, 0.000216]
  关节加速度: [-0.000000, 0.057098, -0.087442, 0.030344, -0.000000, 0.000000]

轨迹点 10:
  时间: 1.000000 秒
  关节位置: [-1.963847, 0.532199, 1.797137, -1.720431, -2.013601, -0.346785]
  关节速度: [-0.000222, -0.190492, -0.096345, 0.287018, -0.000125, 0.000216]
  关节加速度: [-0.000000, 0.059252, -0.086949, 0.027696, -0.000000, 0.000000]

轨迹点 11:
  时间: 1.100000 秒
  关节位置: [-1.963869, 0.513763, 1.786638, -1.691477, -2.013613, -0.346763]
  关节速度: [-0.000222, -0.184364, -0.104990, 0.289535, -0.000125, 0.000217]
  关节加速度: [-0.000000, 0.061273, -0.086450, 0.025176, -0.000000, 0.000000]

轨迹点 12:
  时间: 1.200000 秒
  关节位置: [-1.963891, 0.495958, 1.775279, -1.662296, -2.013626, -0.346741]
  关节速度: [-0.000222, -0.178049, -0.113586, 0.291815, -0.000125, 0.000217]
  关节加速度: [-0.000000, 0.063156, -0.085956, 0.022800, -0.000000, 0.000000]

轨迹点 13:
  时间: 1.300000 秒
  关节位置: [-1.963914, 0.478802, 1.763066, -1.632908, -2.013638, -0.346720]
  关节速度: [-0.000222, -0.171559, -0.122134, 0.293874, -0.000125, 0.000217]
  关节加速度: [-0.000000, 0.064900, -0.085481, 0.020581, -0.000000, 0.000000]

轨迹点 14:
  时间: 1.400000 秒
  关节位置: [-1.963936, 0.462311, 1.750002, -1.603336, -2.013651, -0.346698]
  关节速度: [-0.000222, -0.164908, -0.130638, 0.295727, -0.000125, 0.000217]
  关节加速度: [-0.000000, 0.066504, -0.085037, 0.018532, -0.000000, 0.000000]

轨迹点 15:
  时间: 1.500000 秒
  关节位置: [-1.963958, 0.446500, 1.736092, -1.573596, -2.013663, -0.346676]
  关节速度: [-0.000222, -0.158111, -0.139101, 0.297393, -0.000125, 0.000217]
  关节加速度: [-0.000000, 0.067972, -0.084636, 0.016664, -0.000000, 0.000000]

轨迹点 16:
  时间: 1.600000 秒
  关节位置: [-1.963980, 0.431382, 1.721339, -1.543707, -2.013676, -0.346655]
  关节速度: [-0.000222, -0.151180, -0.147531, 0.298892, -0.000125, 0.000217]
  关节加速度: [-0.000000, 0.069308, -0.084294, 0.014986, -0.000000, 0.000000]

轨迹点 17:
  时间: 1.700000 秒
  关节位置: [-1.964003, 0.416969, 1.705746, -1.513683, -2.013688, -0.346633]
  关节速度: [-0.000222, -0.144129, -0.155933, 0.300242, -0.000125, 0.000217]
  关节加速度: [-0.000000, 0.070518, -0.084023, 0.013505, -0.000000, 0.000000]

轨迹点 18:
  时间: 1.800000 秒
  关节位置: [-1.964025, 0.403273, 1.689314, -1.483536, -2.013701, -0.346611]
  关节速度: [-0.000222, -0.136967, -0.164317, 0.301465, -0.000125, 0.000217]
  关节加速度: [-0.000000, 0.071612, -0.083840, 0.012228, -0.000000, 0.000000]

轨迹点 19:
  时间: 1.900000 秒
  关节位置: [-1.964047, 0.390302, 1.672045, -1.453278, -2.013713, -0.346590]
  关节速度: [-0.000222, -0.129707, -0.172693, 0.302581, -0.000125, 0.000217]
  关节加速度: [-0.000000, 0.072599, -0.083759, 0.011160, -0.000000, 0.000000]

轨迹点 20:
  时间: 2.000000 秒
  关节位置: [-1.964069, 0.378066, 1.653937, -1.422917, -2.013726, -0.346568]
  关节速度: [-0.000222, -0.122358, -0.181073, 0.303612, -0.000125, 0.000217]
  关节加速度: [-0.000000, 0.073491, -0.083797, 0.010306, -0.000000, 0.000000]

轨迹点 21:
  时间: 2.100000 秒
  关节位置: [-1.964091, 0.366573, 1.634990, -1.392459, -2.013738, -0.346546]
  关节速度: [-0.000222, -0.114928, -0.189470, 0.304579, -0.000125, 0.000217]
  关节加速度: [-0.000000, 0.074301, -0.083971, 0.009670, -0.000000, 0.000000]

轨迹点 22:
  时间: 2.200000 秒
  关节位置: [-1.964114, 0.355831, 1.615200, -1.361909, -2.013751, -0.346525]
  关节速度: [-0.000222, -0.107424, -0.197900, 0.305504, -0.000125, 0.000217]
  关节加速度: [-0.000000, 0.075043, -0.084300, 0.009257, -0.000000, 0.000000]

轨迹点 23:
  时间: 2.300000 秒
  关节位置: [-1.964136, 0.345846, 1.594562, -1.331268, -2.013763, -0.346503]
  关节速度: [-0.000222, -0.099851, -0.206380, 0.306411, -0.000125, 0.000217]
  关节加速度: [-0.000000, 0.075735, -0.084805, 0.009070, -0.000000, 0.000000]

轨迹点 24:
  时间: 2.400000 秒
  关节位置: [-1.964158, 0.336625, 1.573069, -1.300535, -2.013776, -0.346481]
  关节速度: [-0.000222, -0.092211, -0.214931, 0.307323, -0.000125, 0.000217]
  关节加速度: [-0.000000, 0.076393, -0.085507, 0.009114, -0.000000, 0.000000]

轨迹点 25:
  时间: 2.500000 秒
  关节位置: [-1.964180, 0.328174, 1.550712, -1.269709, -2.013788, -0.346460]
  关节速度: [-0.000222, -0.084508, -0.223574, 0.308262, -0.000125, 0.000217]
  关节加速度: [-0.000000, 0.077035, -0.086430, 0.009395, -0.000000, 0.000000]

轨迹点 26:
  时间: 2.600000 秒
  关节位置: [-1.964203, 0.320500, 1.527479, -1.238784, -2.013801, -0.346438]
  关节速度: [-0.000222, -0.076739, -0.232334, 0.309254, -0.000125, 0.000217]
  关节加速度: [-0.000000, 0.077683, -0.087603, 0.009919, -0.000000, 0.000000]

轨迹点 27:
  时间: 2.700000 秒
  关节位置: [-1.964225, 0.313610, 1.503355, -1.207751, -2.013813, -0.346416]
  关节速度: [-0.000222, -0.068904, -0.241240, 0.310324, -0.000125, 0.000217]
  关节加速度: [-0.000000, 0.078359, -0.089056, 0.010697, -0.000000, 0.000000]

轨迹点 28:
  时间: 2.800000 秒
  关节位置: [-1.964247, 0.307510, 1.478322, -1.176602, -2.013826, -0.346395]
  关节速度: [-0.000222, -0.060995, -0.250322, 0.311498, -0.000125, 0.000217]
  关节加速度: [-0.000000, 0.079087, -0.090824, 0.011738, -0.000000, 0.000000]

轨迹点 29:
  时间: 2.900000 秒
  关节位置: [-1.964269, 0.302209, 1.452361, -1.145321, -2.013838, -0.346373]
  关节速度: [-0.000222, -0.053006, -0.259617, 0.312803, -0.000125, 0.000217]
  关节加速度: [-0.000000, 0.079893, -0.092950, 0.013058, -0.000000, 0.000000]

轨迹点 30:
  时间: 3.000000 秒
  关节位置: [-1.964292, 0.297717, 1.425444, -1.113894, -2.013851, -0.346351]
  关节速度: [-0.000222, -0.044925, -0.269166, 0.314271, -0.000125, 0.000217]
  关节加速度: [-0.000000, 0.080807, -0.095482, 0.014675, -0.000000, 0.000000]

轨迹点 31:
  时间: 3.100000 秒
  关节位置: [-1.964314, 0.294043, 1.397543, -1.082301, -2.013863, -0.346330]
  关节速度: [-0.000222, -0.036739, -0.279013, 0.315932, -0.000125, 0.000217]
  关节加速度: [-0.000000, 0.081863, -0.098477, 0.016615, -0.000000, 0.000000]

轨迹点 32:
  时间: 3.200000 秒
  关节位置: [-1.964336, 0.291200, 1.368621, -1.050519, -2.013876, -0.346308]
  关节速度: [-0.000222, -0.028429, -0.289214, 0.317823, -0.000125, 0.000217]
  关节加速度: [-0.000000, 0.083099, -0.102005, 0.018906, -0.000000, 0.000000]

轨迹点 33:
  时间: 3.300000 秒
  关节位置: [-1.964358, 0.289203, 1.338638, -1.018520, -2.013888, -0.346286]
  关节速度: [-0.000222, -0.019973, -0.299829, 0.319982, -0.000125, 0.000217]
  关节加速度: [-0.000000, 0.084560, -0.106148, 0.021588, -0.000000, 0.000000]

轨迹点 34:
  时间: 3.400000 秒
  关节位置: [-1.964381, 0.288069, 1.307546, -0.986275, -2.013901, -0.346265]
  关节速度: [-0.000222, -0.011343, -0.310929, 0.322453, -0.000125, 0.000217]
  关节加速度: [-0.000000, 0.086298, -0.111008, 0.024710, -0.000000, 0.000000]

轨迹点 35:
  时间: 3.500000 秒
  关节位置: [-1.964403, 0.287818, 1.275285, -0.953746, -2.013913, -0.346243]
  关节速度: [-0.000222, -0.002505, -0.322601, 0.325286, -0.000125, 0.000217]
  关节加速度: [-0.000000, 0.088377, -0.116713, 0.028336, -0.000000, 0.000000]

轨迹点 36:
  时间: 3.600000 秒
  关节位置: [-1.964425, 0.288476, 1.241791, -0.920892, -2.013926, -0.346221]
  关节速度: [-0.000222, 0.006582, -0.334943, 0.328541, -0.000125, 0.000217]
  关节加速度: [-0.000000, 0.090874, -0.123419, 0.032545, -0.000000, 0.000000]

轨迹点 37:
  时间: 3.700000 秒
  关节位置: [-1.964447, 0.290073, 1.206984, -0.887664, -2.013938, -0.346200]
  关节速度: [-0.000222, 0.015970, -0.348075, 0.332285, -0.000125, 0.000217]
  关节加速度: [-0.000000, 0.093884, -0.131327, 0.037444, -0.000000, 0.000000]

轨迹点 38:
  时间: 3.800000 秒
  关节位置: [-1.964470, 0.292646, 1.170769, -0.854004, -2.013951, -0.346178]
  关节速度: [-0.000222, 0.025723, -0.362145, 0.336602, -0.000125, 0.000217]
  关节加速度: [-0.000000, 0.097528, -0.140695, 0.043167, -0.000000, 0.000000]

轨迹点 39:
  时间: 3.900000 秒
  关节位置: [-1.964492, 0.296238, 1.133036, -0.819844, -2.013963, -0.346156]
  关节速度: [-0.000222, 0.035920, -0.377331, 0.341591, -0.000125, 0.000217]
  关节加速度: [-0.000000, 0.101963, -0.151858, 0.049895, -0.000000, 0.000000]

轨迹点 40:
  时间: 4.000000 秒
  关节位置: [-1.964514, 0.300887, 1.093782, -0.785221, -2.013976, -0.346135]
  关节速度: [-0.000222, 0.046488, -0.392541, 0.346233, -0.000125, 0.000216]
  关节加速度: [0.000007, 0.105688, -0.152106, 0.046413, 0.000004, -0.000007]

轨迹点 41:
  时间: 4.081267 秒
  关节位置: [-1.964522, 0.302905, 1.078700, -0.772151, -2.013980, -0.346127]
  关节速度: [0.000000, 0.000000, 0.000000, 0.000000, 0.000000, 0.000000]
  关节加速度: [0.000000, 0.000000, 0.000000, 0.000000, 0.000000, 0.000000]

