详细轨迹分析报告
====================
轨迹点数: 101
轨迹总时间: 3.000 秒
关节名称: 
  0: joint1
  1: joint2
  2: joint3
  3: joint4
  4: joint5
  5: joint6

详细轨迹点信息:
================
轨迹点 0:
  时间: 0.000000 秒
  关节位置: [-1.196707, 0.694039, 2.078416, -2.245424, -1.626353, 0.061389]
  关节速度: [0.000000, 0.000000, 0.000000, 0.000000, 0.000000, 0.000000]
  关节加速度: [0.000000, 0.000000, 0.000000, 0.000000, 0.000000, 0.000000]

轨迹点 1:
  时间: 0.030000 秒
  关节位置: [-1.198422, 0.693174, 2.081339, -2.251784, -1.623534, 0.062157]
  关节速度: [-0.432405, -0.218006, 0.737038, -1.603315, 0.710795, 0.193593]
  关节加速度: [5.266138, 2.655034, -8.976171, 19.526312, -8.656565, -2.357710]

轨迹点 2:
  时间: 0.060000 秒
  关节位置: [-1.200091, 0.692333, 2.084184, -2.257972, -1.620790, 0.062904]
  关节速度: [-0.041376, -0.020510, 0.069846, -0.152748, 0.068017, 0.018283]
  关节加速度: [-16.020215, -7.347806, 25.893819, -58.006903, 26.337064, 6.670249]

轨迹点 3:
  时间: 0.090000 秒
  关节位置: [-1.203589, 0.690712, 2.089867, -2.270666, -1.615041, 0.064371]
  关节速度: [-0.408993, -0.188375, 0.662589, -1.482409, 0.672377, 0.170832]
  关节加速度: [11.406414, 5.308200, -18.584762, 41.447398, -18.751734, -4.801952]

轨迹点 4:
  时间: 0.120000 秒
  关节位置: [-1.206302, 0.689464, 2.094261, -2.280498, -1.610581, 0.065504]
  关节速度: [-0.088173, -0.039108, 0.139893, -0.316693, 0.144963, 0.035749]
  关节加速度: [-26.888864, -10.777328, 40.407411, -94.366273, 44.212809, 10.078945]

轨迹点 5:
  时间: 0.150000 秒
  关节位置: [-1.210216, 0.687851, 2.100229, -2.294320, -1.604144, 0.067002]
  关节速度: [-0.392506, -0.159776, 0.594656, -1.382222, 0.645378, 0.148882]
  关节加速度: [20.434998, 8.404514, -31.128474, 72.128183, -33.599795, -7.812951]

轨迹点 6:
  时间: 0.180000 秒
  关节位置: [-1.212615, 0.686877, 2.103859, -2.302764, -1.600200, 0.067911]
  关节速度: [-0.119254, -0.045670, 0.174931, -0.414381, 0.196103, 0.043062]
  关节加速度: [-36.725437, -12.954823, 51.659330, -125.461698, 60.399031, 12.427862]

轨迹点 7:
  时间: 0.210000 秒
  关节位置: [-1.216856, 0.685339, 2.109907, -2.317333, -1.593225, 0.069377]
  关节速度: [-0.381437, -0.136896, 0.541213, -1.307610, 0.627300, 0.130835]
  关节加速度: [28.820041, 10.392249, -40.989709, 98.893234, -47.396264, -9.922225]

轨迹点 8:
  时间: 0.240000 秒
  关节位置: [-1.219062, 0.684553, 2.113027, -2.324883, -1.589598, 0.070129]
  关节速度: [-0.159186, -0.052431, 0.216312, -0.536530, 0.261833, 0.050878]
  关节加速度: [-44.254016, -13.613858, 58.183383, -147.279919, 72.798529, 13.385827]

轨迹点 9:
  时间: 0.270000 秒
  关节位置: [-1.223583, 0.683124, 2.119048, -2.340005, -1.582161, 0.071527]
  关节速度: [-0.362019, -0.113424, 0.480138, -1.208832, 0.595509, 0.111121]
  关节加速度: [36.821403, 11.557380, -48.877790, 122.992456, -60.569809, -11.318775]

轨迹点 10:
  时间: 0.300000 秒
  关节位置: [-1.225642, 0.682488, 2.121760, -2.346861, -1.578774, 0.072151]
  关节速度: [-0.205404, -0.057740, 0.258715, -0.672880, 0.337957, 0.057544]
  关节加速度: [-49.301295, -13.057125, 60.438769, -159.931557, 81.125583, 13.147660]

轨迹点 11:
  时间: 0.330000 秒
  关节位置: [-1.230382, 0.681197, 2.127644, -2.362307, -1.570974, 0.073445]
  关节速度: [-0.335086, -0.090554, 0.414524, -1.090557, 0.551367, 0.090857]
  关节加速度: [43.983936, 11.882399, -54.403138, 143.140644, -72.373281, -11.922960]

轨迹点 12:
  时间: 0.360000 秒
  关节位置: [-1.232355, 0.680680, 2.130052, -2.368699, -1.567727, 0.073966]
  关节速度: [-0.255642, -0.060576, 0.298239, -0.815199, 0.420765, 0.061870]
  关节加速度: [-51.844437, -11.626986, 59.092750, -164.024305, 85.340767, 11.973663]

轨迹点 13:
  时间: 0.390000 秒
  关节位置: [-1.237241, 0.679551, 2.135690, -2.384221, -1.559686, 0.075123]
  关节速度: [-0.301587, -0.069223, 0.347103, -0.957286, 0.496418, 0.071035]
  关节加速度: [49.821360, 11.409655, -57.286168, 158.090303, -82.007320, -11.712381]

轨迹点 14:
  时间: 0.420000 秒
  关节位置: [-1.239198, 0.679125, 2.137893, -2.390387, -1.556464, 0.075563]
  关节速度: [-0.307626, -0.060326, 0.331782, -0.956052, 0.506539, 0.062978]
  关节加速度: [-51.900196, -9.640968, 54.814693, -160.232675, 85.468524, 10.132080]

轨迹点 15:
  时间: 0.450000 秒
  关节位置: [-1.244148, 0.678174, 2.143188, -2.405732, -1.548312, 0.076558]
  关节速度: [-0.262937, -0.050229, 0.280700, -0.814521, 0.432977, 0.052604]
  关节加速度: [53.789815, 10.230284, -57.325669, 166.539207, -88.576203, -10.719792]

轨迹点 16:
  时间: 0.480000 秒
  关节位置: [-1.246164, 0.677821, 2.145269, -2.411912, -1.544993, 0.076930]
  关节速度: [-0.359124, -0.056735, 0.357022, -1.088842, 0.591623, 0.060308]
  关节加速度: [-49.527735, -7.388117, 48.269854, -149.295975, 81.601713, 7.894141]

轨迹点 17:
  时间: 0.510000 秒
  关节位置: [-1.251094, 0.677056, 2.150140, -2.426833, -1.536870, 0.077744]
  关节速度: [-0.221059, -0.034182, 0.218119, -0.668760, 0.364190, 0.036403]
  关节加速度: [55.286524, 8.486135, -54.412329, 167.131166, -91.084779, -9.043590]

轨迹点 18:
  时间: 0.540000 秒
  关节位置: [-1.253244, 0.676765, 2.152166, -2.433253, -1.533328, 0.078056]
  关节速度: [-0.407986, -0.049864, 0.372382, -1.207842, 0.672495, 0.053610]
  关节加速度: [-44.831338, -5.125632, 40.112701, -132.016525, 73.906052, 5.528576]

轨迹点 19:
  时间: 0.570000 秒
  关节位置: [-1.258069, 0.676184, 2.156549, -2.447521, -1.525373, 0.078680]
  关节速度: [-0.178416, -0.021447, 0.162026, -0.527482, 0.294097, 0.023075]
  关节加速度: [53.648798, 6.371524, -48.544078, 158.456702, -88.435767, -6.859415]

轨迹点 20:
  时间: 0.600000 秒
  关节位置: [-1.260427, 0.675953, 2.158568, -2.454387, -1.521486, 0.078929]
  关节速度: [-0.452195, -0.040037, 0.376996, -1.308230, 0.745842, 0.042939]
  关节加速度: [-37.963004, -3.075802, 30.979634, -109.258168, 62.624476, 3.295514]

轨迹点 21:
  时间: 0.630000 秒
  关节位置: [-1.265067, 0.675548, 2.162423, -2.467801, -1.513831, 0.079363]
  关节速度: [-0.138043, -0.012102, 0.114805, -0.399128, 0.227690, 0.012978]
  关节加速度: [48.153482, 4.134831, -39.843549, 139.053804, -79.427557, -4.432999]

轨迹点 22:
  时间: 0.660000 秒
  关节位置: [-1.267699, 0.675380, 2.164460, -2.475284, -1.509488, 0.079538]
  关节速度: [-0.489912, -0.027788, 0.370662, -1.386115, 0.808636, 0.028635]
  关节加速度: [-29.124926, -1.423215, 21.480936, -81.945169, 48.081448, 1.439702]

轨迹点 23:
  时间: 0.690000 秒
  关节位置: [-1.272084, 0.675135, 2.167768, -2.487684, -1.502249, 0.079790]
  关节速度: [-0.103572, -0.005895, 0.078411, -0.293079, 0.170952, 0.006077]
  关节加速度: [38.016979, 2.080011, -28.578074, 107.409013, -62.752727, -2.134401]

轨迹点 24:
  时间: 0.720000 秒
  关节位置: [-1.275046, 0.675041, 2.169824, -2.495916, -1.497358, 0.079874]
  关节速度: [-0.519524, -0.013814, 0.353793, -1.438553, 0.858210, 0.011303]
  关节加速度: [-18.571860, -0.312221, 12.191719, -51.061521, 30.687221, 0.182912]

轨迹点 25:
  时间: 0.750000 秒
  关节位置: [-1.279119, 0.674935, 2.172592, -2.507189, -1.490630, 0.079959]
  关节速度: [-0.079249, -0.002196, 0.054192, -0.219617, 0.130908, 0.001833]
  关节加速度: [22.396055, 0.568031, -15.182598, 61.959257, -36.997613, -0.453762]

轨迹点 26:
  时间: 0.780000 秒
  关节位置: [-1.282451, 0.674928, 2.174648, -2.516251, -1.485121, 0.079926]
  关节速度: [-0.539692, 0.001083, 0.327356, -1.463572, 0.892335, -0.008226]
  关节加速度: [-6.613351, 0.155374, 3.641624, -17.650665, 10.942043, -0.284567]

轨迹点 27:
  时间: 0.810000 秒
  关节位置: [-1.286173, 0.674937, 2.176902, -2.526342, -1.478968, 0.079868]
  关节速度: [-0.069945, 0.000035, 0.042699, -0.189892, 0.115643, -0.000931]
  关节加速度: [0.389732, 0.018289, -0.285950, 1.094996, -0.643396, -0.018665]

轨迹点 28:
  时间: 0.840000 秒
  关节位置: [-1.289895, 0.675034, 2.178918, -2.536258, -1.472808, 0.079688]
  关节速度: [-0.549395, 0.016044, 0.292806, -1.460177, 0.909292, -0.028928]
  关节加速度: [6.384247, -0.077548, -3.697092, 17.184505, -10.559778, 0.186479]

轨迹点 29:
  时间: 0.870000 秒
  关节位置: [-1.293250, 0.675132, 2.180705, -2.545175, -1.467254, 0.079510]
  关节速度: [-0.079849, 0.002509, 0.042047, -0.211874, 0.132169, -0.004472]
  关节加速度: [-24.000924, 1.400308, 10.821585, -62.408222, 39.772877, -2.285880]

轨迹点 30:
  时间: 0.900000 秒
  关节位置: [-1.297359, 0.675349, 2.182623, -2.555906, -1.460446, 0.079153]
  关节速度: [-0.547977, 0.030206, 0.252002, -1.428364, 0.907953, -0.049644]
  关节加速度: [19.996051, -1.021430, -9.423425, 52.281532, -33.126100, 1.693362]

轨迹点 31:
  时间: 0.930000 秒
  关节位置: [-1.300358, 0.675514, 2.184000, -2.563721, -1.455478, 0.078880]
  关节速度: [-0.107234, 0.006819, 0.046631, -0.277743, 0.177752, -0.011138]
  关节加速度: [-44.104226, 3.640356, 16.725650, -112.598272, 73.175707, -5.877939]

轨迹点 32:
  时间: 0.960000 秒
  关节位置: [-1.304825, 0.675863, 2.185754, -2.575166, -1.448068, 0.078317]
  关节速度: [-0.535188, 0.042753, 0.207118, -1.369121, 0.887846, -0.069131]
  关节加速度: [33.737372, -2.638128, -13.223844, 86.418424, -55.963674, 4.269289]

轨迹点 33:
  时间: 0.990000 秒
  关节位置: [-1.307497, 0.676077, 2.186784, -2.582000, -1.443635, 0.077969]
  关节速度: [-0.148517, 0.013801, 0.051506, -0.376201, 0.246562, -0.022404]
  关节加速度: [-59.856944, 6.344490, 18.357059, -150.110446, 99.444893, -10.322361]

轨迹点 34:
  时间: 1.020000 秒
  关节位置: [-1.312272, 0.676565, 2.188306, -2.594010, -1.435703, 0.077177]
  关节速度: [-0.511225, 0.052961, 0.160538, -1.284428, 0.849224, -0.086141]
  关节加速度: [47.063107, -4.839079, -14.891300, 118.314260, -78.175724, 7.869646]

轨迹点 35:
  时间: 1.050000 秒
  关节位置: [-1.314668, 0.676816, 2.189048, -2.600022, -1.431724, 0.076768]
  关节速度: [-0.200111, 0.023872, 0.052708, -0.496813, 0.332749, -0.039271]
  关节加速度: [-71.261437, 9.165572, 16.634381, -175.658457, 118.565062, -15.153438]

轨迹点 36:
  时间: 1.080000 秒
  关节位置: [-1.319682, 0.677444, 2.190274, -2.612416, -1.423383, 0.075732]
  关节速度: [-0.476763, 0.060248, 0.114732, -1.177251, 0.793127, -0.099498]
  关节加速度: [59.368098, -7.483501, -14.347387, 146.630909, -98.760881, 12.356692]

轨迹点 37:
  时间: 1.110000 秒
  关节位置: [-1.321863, 0.677725, 2.190780, -2.617792, -1.419754, 0.075266]
  关节速度: [-0.258481, 0.037091, 0.047244, -0.630043, 0.430530, -0.062261]
  关节加速度: [-78.375482, 11.794100, 12.480350, -190.021053, 130.608394, -19.902916]

轨迹点 38:
  时间: 1.140000 秒
  关节位置: [-1.327036, 0.678487, 2.191657, -2.630363, -1.411135, 0.073982]
  关节速度: [-0.432987, 0.064216, 0.072115, -1.051526, 0.721438, -0.108196]
  关节加速度: [69.988842, -10.376656, -11.668018, 169.976579, -116.614119, 17.482688]

轨迹点 39:
  时间: 1.170000 秒
  关节位置: [-1.329077, 0.678799, 2.191965, -2.635302, -1.407734, 0.073454]
  关节速度: [-0.320200, 0.053208, 0.033063, -0.767285, 0.534278, -0.091425]
  关节加速度: [-81.316543, 13.960445, 6.813995, -194.045474, 135.742209, -24.108171]

轨迹点 40:
  时间: 1.200000 秒
  关节位置: [-1.334318, 0.679684, 2.192457, -2.647835, -1.398987, 0.071930]
  关节速度: [-0.381615, 0.064691, 0.034889, -0.912139, 0.636923, -0.111501]
  关节加速度: [78.207067, -13.268211, -7.112776, 186.912063, -130.530535, 22.871614]

轨迹点 41:
  时间: 1.230000 秒
  关节位置: [-1.336297, 0.680033, 2.192588, -2.652543, -1.395682, 0.071323]
  关节速度: [-0.382007, 0.071725, 0.009036, -0.900896, 0.638611, -0.126355]
  关节加速度: [-80.266180, 15.437099, 0.540338, -188.651734, 134.237032, -27.322120]

轨迹点 42:
  时间: 1.260000 秒
  关节位置: [-1.341511, 0.681022, 2.192676, -2.664823, -1.386963, 0.069578]
  关节速度: [-0.324906, 0.061767, 0.004854, -0.764895, 0.543266, -0.109079]
  关节加速度: [83.255744, -15.850790, -1.157951, 195.960732, -139.213005, 27.999811]

轨迹点 43:
  时间: 1.290000 秒
  关节位置: [-1.343510, 0.681420, 2.192634, -2.669497, -1.383619, 0.068866]
  关节速度: [-0.440864, 0.091943, -0.025086, -1.024223, 0.738484, -0.166208]
  关节加速度: [-75.474368, 16.040980, -5.462994, -174.837324, 126.474831, -29.125211]

轨迹点 44:
  时间: 1.320000 秒
  关节位置: [-1.348604, 0.682489, 2.192318, -2.681322, -1.375084, 0.066930]
  关节速度: [-0.265663, 0.055836, -0.016796, -0.616466, 0.445078, -0.101120]
  关节加速度: [84.328251, -17.758857, 5.467104, 195.623431, -141.284934, 32.176182]

轨迹点 45:
  时间: 1.350000 秒
  关节位置: [-1.350699, 0.682954, 2.192087, -2.686144, -1.371570, 0.066076]
  关节速度: [-0.494016, 0.113022, -0.068718, -1.131631, 0.829290, -0.209738]
  关节加速度: [-67.263427, 15.635850, -10.362928, -153.681753, 112.956945, -29.139708]

轨迹点 46:
  时间: 1.380000 秒
  关节位置: [-1.355586, 0.684076, 2.191388, -2.697330, -1.363366, 0.063990]
  关节速度: [-0.207221, 0.047626, -0.029710, -0.474328, 0.347895, -0.088490]
  关节加速度: [80.591409, -18.568148, 11.741084, 184.399552, -135.309433, 34.522892]

轨迹点 47:
  时间: 1.410000 秒
  关节位置: [-1.357848, 0.684627, 2.190933, -2.702462, -1.359562, 0.062948]
  关节速度: [-0.539051, 0.134026, -0.120501, -1.218532, 0.906947, -0.255347]
  关节加速度: [-56.031109, 14.134848, -13.392478, -126.350119, 94.310957, -27.046460]

轨迹点 48:
  时间: 1.440000 秒
  关节位置: [-1.362448, 0.685774, 2.189891, -2.712856, -1.351822, 0.060761]
  关节速度: [-0.153415, 0.038225, -0.034641, -0.346675, 0.258135, -0.072874]
  关节加速度: [71.203165, -17.795924, 16.310677, 160.815529, -119.816337, 33.957907]

轨迹点 49:
  时间: 1.470000 秒
  关节位置: [-1.364937, 0.686432, 2.189161, -2.718426, -1.347627, 0.059481]
  关节速度: [-0.573953, 0.153980, -0.178384, -1.281411, 0.968003, -0.301139]
  关节加速度: [-42.252250, 11.503119, -13.877102, -94.094697, 71.295533, -22.604095]

轨迹点 50:
  时间: 1.500000 秒
  关节位置: [-1.369186, 0.687574, 2.187831, -2.727910, -1.340459, 0.057246]
  关节速度: [-0.108529, 0.029115, -0.033728, -0.242303, 0.183039, -0.056941]
  关节加速度: [55.335593, -14.902382, 17.451458, 123.461892, -93.338389, 29.181195]

轨迹点 51:
  时间: 1.530000 秒
  关节位置: [-1.371946, 0.688360, 2.186762, -2.734011, -1.335796, 0.055674]
  关节速度: [-0.597156, 0.171913, -0.239722, -1.317845, 1.009720, -0.345003]
  关节加速度: [-26.478274, 7.760419, -11.266065, -58.253287, 44.801999, -15.670370]

轨迹点 52:
  时间: 1.560000 秒
  关节位置: [-1.375799, 0.689470, 2.185209, -2.742512, -1.329280, 0.053444]
  关节速度: [-0.077218, 0.022187, -0.030799, -0.170468, 0.130558, -0.044495]
  关节加速度: [32.203717, -9.293640, 13.032639, 71.039662, -54.457666, 18.666827]

轨迹点 53:
  时间: 1.590000 秒
  关节位置: [-1.378854, 0.690403, 2.183728, -2.749191, -1.324102, 0.051530]
  关节速度: [-0.607595, 0.186908, -0.301402, -1.326518, 1.030163, -0.384702]
  关节加速度: [-9.333710, 2.983548, -5.168529, -20.242940, 15.851207, -6.225037]

轨迹点 54:
  时间: 1.620000 秒
  关节位置: [-1.382286, 0.691460, 2.182022, -2.756684, -1.318282, 0.049355]
  关节速度: [-0.064416, 0.019760, -0.031688, -0.140702, 0.109203, -0.040630]
  关节加速度: [1.100296, -0.326707, 0.489477, 2.416344, -1.862792, 0.663668]

轨迹点 55:
  时间: 1.650000 秒
  关节位置: [-1.385641, 0.692552, 2.180058, -2.763942, -1.312580, 0.047055]
  关节速度: [-0.604743, 0.198146, -0.359993, -1.307230, 1.028272, -0.417987]
  关节加速度: [8.491153, -2.691636, 4.606483, 18.452404, -14.415902, 5.606844]

轨迹点 56:
  时间: 1.680000 秒
  关节位置: [-1.388653, 0.693540, 2.178262, -2.770454, -1.307457, 0.044972]
  关节速度: [-0.073524, 0.024264, -0.044661, -0.158773, 0.125061, -0.051339]
  关节加速度: [-31.226450, 10.934191, -22.166249, -66.827588, 53.272457, -23.668872]

轨迹点 57:
  时间: 1.710000 秒
  关节位置: [-1.392287, 0.694799, 2.175750, -2.778243, -1.301261, 0.042257]
  关节速度: [-0.588638, 0.204948, -0.411929, -1.260885, 1.003926, -0.442721]
  关节加速度: [26.252307, -9.068946, 18.007850, 56.301746, -44.755575, 19.532702]

轨迹点 58:
  时间: 1.740000 秒
  关节位置: [-1.394903, 0.695710, 2.173916, -2.783847, -1.296799, 0.040288]
  关节速度: [-0.100897, 0.035965, -0.074971, -0.215438, 0.172297, -0.078417]
  关节加速度: [-56.242334, 20.876052, -46.103170, -119.397151, 96.255056, -46.213823]

轨迹点 59:
  时间: 1.770000 秒
  关节位置: [-1.398774, 0.697134, 2.170808, -2.792074, -1.290178, 0.037145]
  关节速度: [-0.559900, 0.206817, -0.453725, -1.189466, 0.957973, -0.457024]
  关节加速度: [43.169432, -15.891705, 34.700308, 91.755410, -73.847712, 35.073389]

轨迹点 60:
  时间: 1.800000 秒
  关节位置: [-1.401037, 0.697971, 2.168968, -2.796881, -1.286306, 0.035294]
  关节速度: [-0.141198, 0.054018, -0.124319, -0.298653, 0.242073, -0.120959]
  关节加速度: [-74.198700, 29.180927, -69.545098, -156.372500, 127.415254, -65.994823]

轨迹点 61:
  时间: 1.830000 秒
  关节位置: [-1.405084, 0.699551, 2.165239, -2.805419, -1.279360, 0.031731]
  关节速度: [-0.519727, 0.203472, -0.482215, -1.095983, 0.892243, -0.459427]
  关节加速度: [58.448993, -22.844109, 54.025931, 123.282505, -100.332323, 51.549741]

轨迹点 62:
  时间: 1.860000 秒
  关节位置: [-1.407050, 0.700323, 2.163400, -2.809563, -1.275984, 0.029985]
  关节速度: [-0.189407, 0.077353, -0.192972, -0.397532, 0.326005, -0.177290]
  关节加速度: [-85.493362, 35.617501, -90.882730, -179.017556, 147.334658, -82.187580]

轨迹点 63:
  时间: 1.890000 秒
  关节位置: [-1.411202, 0.702041, 2.159051, -2.818264, -1.268832, 0.026031]
  关节速度: [-0.469868, 0.194885, -0.494820, -0.984392, 0.809517, -0.449028]
  关节加速度: [71.312865, -29.554517, 74.973203, 149.417188, -122.856002, 68.077440]

轨迹点 64:
  时间: 1.920000 秒
  关节位置: [-1.412936, 0.702766, 2.157196, -2.821895, -1.265842, 0.024357]
  关节速度: [-0.240916, 0.104728, -0.279820, -0.502437, 0.416322, -0.245030]
  关节加速度: [-90.656067, 40.018821, -108.607990, -188.771137, 156.820305, -94.082500]

轨迹点 65:
  时间: 1.950000 秒
  关节位置: [-1.417114, 0.704598, 2.152255, -2.830600, -1.258618, 0.020058]
  关节速度: [-0.412571, 0.181307, -0.489832, -0.859485, 0.713468, -0.425648]
  关节加速度: [81.031650, -35.600956, 96.158242, 168.812400, -140.127329, 83.572855]

轨迹点 66:
  时间: 1.980000 秒
  关节位置: [-1.418687, 0.705298, 2.150339, -2.833873, -1.255897, 0.018408]
  关节速度: [-0.291626, 0.134792, -0.382466, -0.605046, 0.506029, -0.321190]
  关节加速度: [-90.343216, 42.287121, -121.376376, -187.237776, 156.900411, -101.124544]

轨迹点 67:
  时间: 2.010000 秒
  关节位置: [-1.422811, 0.707216, 2.144865, -2.842424, -1.248738, 0.013829]
  关节速度: [-0.350513, 0.163295, -0.466710, -0.726737, 0.608542, -0.389982]
  关节加速度: [86.961098, -40.519042, 115.822667, 180.298497, -150.978801, 96.772071]

轨迹点 68:
  时间: 2.040000 秒
  关节位置: [-1.424290, 0.707920, 2.142816, -2.845488, -1.246165, 0.012139]
  关节速度: [-0.338029, 0.166132, -0.497365, -0.698433, 0.589060, -0.402302]
  关节加速度: [-85.324808, 42.397399, -128.072241, -176.166126, 148.807016, -102.950757]

轨迹点 69:
  时间: 2.070000 秒
  关节位置: [-1.428283, 0.709891, 2.136893, -2.853735, -1.239205, 0.007360]
  关节速度: [-0.286692, 0.141730, -0.426357, -0.592126, 0.499808, -0.343715]
  关节加速度: [88.579295, -43.812244, 131.851968, 182.943041, -154.431562, 106.264454]

轨迹点 70:
  时间: 2.100000 秒
  关节位置: [-1.429735, 0.710630, 2.134617, -2.856729, -1.236669, 0.005556]
  关节速度: [-0.377281, 0.197330, -0.620012, -0.777106, 0.660407, -0.484578]
  关节加速度: [-76.463196, 40.399124, -127.871956, -157.414325, 133.944431, -99.421744]

轨迹点 71:
  时间: 2.130000 秒
  关节位置: [-1.433525, 0.712620, 2.128351, -2.864536, -1.230032, 0.000667]
  关节速度: [-0.224304, 0.117828, -0.371393, -0.461910, 0.392757, -0.289617]
  关节加速度: [85.521637, -44.964197, 141.816808, 176.107004, -149.757989, 110.540761]

轨迹点 72:
  时间: 2.160000 秒
  关节位置: [-1.435007, 0.713428, 2.125734, -2.867583, -1.227431, -0.001334]
  关节速度: [-0.407248, 0.227014, -0.745172, -0.837034, 0.716215, -0.564084]
  关节加速度: [-64.684086, 36.415588, -120.299187, -132.903047, 113.843841, -90.643370]

轨迹点 73:
  时间: 2.190000 秒
  关节位置: [-1.438535, 0.715400, 2.119249, -2.874835, -1.221224, -0.006237]
  关节速度: [-0.166602, 0.093152, -0.306375, -0.342389, 0.293066, -0.231589]
  关节加速度: [77.610308, -43.452463, 143.037643, 159.492131, -136.536506, 108.054202]

轨迹点 74:
  时间: 2.220000 秒
  关节位置: [-1.440093, 0.716313, 2.116163, -2.878034, -1.218474, -0.008520]
  关节速度: [-0.426529, 0.253902, -0.867156, -0.875632, 0.753845, -0.636938]
  关节加速度: [-50.941224, 30.640526, -105.266423, -104.558520, 90.106038, -76.975413]

轨迹点 75:
  时间: 2.250000 秒
  关节位置: [-1.443312, 0.718233, 2.109596, -2.884643, -1.212783, -0.013339]
  关节速度: [-0.116733, 0.069608, -0.237970, -0.239637, 0.206341, -0.174662]
  关节加速度: [64.875011, -38.762915, 132.670511, 133.174344, -114.692892, 97.291106]

轨迹点 76:
  时间: 2.280000 秒
  关节位置: [-1.444980, 0.719283, 2.105904, -2.888066, -1.209823, -0.015988]
  关节速度: [-0.434457, 0.276845, -0.980121, -0.891707, 0.771881, -0.699511]
  关节加速度: [-36.177085, 23.331962, -83.097677, -74.249262, 64.335949, -59.024982]

轨迹点 77:
  时间: 2.310000 秒
  关节位置: [-1.447859, 0.721120, 2.099394, -2.893975, -1.204707, -0.020631]
  关节速度: [-0.077582, 0.049445, -0.175067, -0.159234, 0.137839, -0.124937]
  关节加速度: [47.562308, -30.403731, 107.809223, 97.618967, -84.523155, 76.846365]

轨迹点 78:
  时间: 2.340000 秒
  关节位置: [-1.449656, 0.722337, 2.094962, -2.897665, -1.201500, -0.023719]
  关节速度: [-0.431053, 0.294866, -1.078391, -0.885363, 0.770093, -0.748619]
  关节加速度: [-21.282603, 14.803471, -54.528887, -43.721343, 38.073873, -37.623965]

轨迹点 79:
  时间: 2.370000 秒
  关节位置: [-1.452180, 0.724066, 2.088638, -2.902849, -1.196990, -0.028107]
  关节速度: [-0.051614, 0.035247, -0.128809, -0.106011, 0.092198, -0.089476]
  关节加速度: [26.131906, -17.917981, 65.596945, 53.675151, -46.694578, 45.497770]

轨迹点 80:
  时间: 2.400000 秒
  关节位置: [-1.454109, 0.725475, 2.083347, -2.906818, -1.193526, -0.031693]
  关节速度: [-0.416968, 0.307189, -1.156773, -0.857865, 0.749342, -0.781697]
  关节加速度: [-7.059271, 5.413385, -20.684789, -14.537503, 12.729113, -13.791543]

轨迹点 81:
  时间: 2.430000 秒
  关节位置: [-1.456280, 0.727076, 2.077317, -2.911285, -1.189624, -0.035767]
  关节速度: [-0.040737, 0.029923, -0.112554, -0.083806, 0.073191, -0.076137]
  关节加速度: [1.239567, -0.893868, 3.338713, 2.549032, -2.223758, 2.273084]

轨迹点 82:
  时间: 2.460000 秒
  关节位置: [-1.458329, 0.728696, 2.071069, -2.915510, -1.185920, -0.039888]
  关节速度: [-0.393389, 0.313259, -1.210862, -0.811466, 0.711446, -0.796945]
  关节加速度: [5.813177, -4.447333, 16.966462, 11.974832, -10.478423, 11.315517]

轨迹点 83:
  时间: 2.490000 秒
  关节位置: [-1.460168, 0.730160, 2.065407, -2.919302, -1.182596, -0.043614]
  关节速度: [-0.044756, 0.035995, -0.139536, -0.092362, 0.081006, -0.091532]
  关节加速度: [-19.747472, 17.191985, -68.147746, -40.891433, 35.979675, -43.604014]

轨迹点 84:
  时间: 2.520000 秒
  关节位置: [-1.462309, 0.731999, 2.058145, -2.923733, -1.178699, -0.048280]
  关节速度: [-0.361926, 0.312768, -1.237308, -0.749205, 0.659000, -0.793435]
  关节加速度: [16.800919, -14.367655, 56.677244, 34.762488, -30.563893, 36.460741]

轨迹点 85:
  时间: 2.550000 秒
  关节位置: [-1.463847, 0.733330, 2.052882, -2.926917, -1.175898, -0.051654]
  关节速度: [-0.058699, 0.052487, -0.209365, -0.121719, 0.107182, -0.132847]
  关节加速度: [-33.077644, 31.379033, -126.886630, -68.802637, 60.709366, -79.135756]

轨迹点 86:
  时间: 2.580000 秒
  关节位置: [-1.466041, 0.735385, 2.044594, -2.931478, -1.171876, -0.056842]
  关节速度: [-0.324485, 0.305662, -1.234042, -0.674687, 0.595173, -0.771169]
  关节加速度: [25.530361, -23.928629, 96.497490, 53.069854, -46.807177, 60.389195]

轨迹点 87:
  时间: 2.610000 秒
  关节位置: [-1.467321, 0.736593, 2.039713, -2.934140, -1.169527, -0.059890]
  关节速度: [-0.077671, 0.077249, -0.315237, -0.162003, 0.143130, -0.193929]
  关节加速度: [-40.202764, 41.784563, -171.925620, -84.075266, 74.379710, -104.503611]

轨迹点 88:
  时间: 2.640000 秒
  关节位置: [-1.469522, 0.738853, 2.030435, -2.938740, -1.165460, -0.065548]
  关节速度: [-0.283139, 0.292146, -1.200450, -0.591860, 0.523489, -0.731101]
  关节加速度: [31.792078, -32.714326, 134.358297, 66.445663, -58.765125, 81.887167]

轨迹点 89:
  时间: 2.670000 秒
  关节位置: [-1.470590, 0.739962, 2.025877, -2.940973, -1.163484, -0.068320]
  关节速度: [-0.097780, 0.108163, -0.449360, -0.205298, 0.181911, -0.268546]
  关节加速度: [-42.460656, 48.623747, -203.056634, -89.354871, 79.251265, -120.277703]

轨迹点 90:
  时间: 2.700000 秒
  关节位置: [-1.472750, 0.742405, 2.015690, -2.945515, -1.159457, -0.074372]
  关节速度: [-0.239995, 0.272697, -1.137492, -0.504785, 0.447611, -0.675105]
  关节加速度: [35.534930, -40.321027, 168.155580, 74.734152, -66.266814, 99.835985]

轨迹点 91:
  时间: 2.730000 秒
  关节位置: [-1.473653, 0.743444, 2.011352, -2.947415, -1.157772, -0.076938]
  关节速度: [-0.116102, 0.143184, -0.603346, -0.245557, 0.218200, -0.350642]
  关节加速度: [-41.096687, 52.173708, -220.595630, -87.100229, 77.456578, -127.305451]

轨迹点 92:
  时间: 2.760000 秒
  关节位置: [-1.475726, 0.746043, 2.000379, -2.951804, -1.153870, -0.083289]
  关节速度: [-0.197079, 0.248057, -1.047763, -0.417431, 0.371126, -0.605909]
  关节加速度: [36.851793, -46.364346, 195.827927, 78.052816, -69.393896, 113.256588]

轨迹点 93:
  时间: 2.790000 秒
  关节位置: [-1.476506, 0.747048, 1.996124, -2.953459, -1.152397, -0.085736]
  关节速度: [-0.130605, 0.180382, -0.768592, -0.278456, 0.248192, -0.434562]
  关节加速度: [-37.228997, 52.759066, -225.317515, -79.527327, 70.936032, -126.646017]

轨迹点 94:
  时间: 2.820000 秒
  关节位置: [-1.478450, 0.749767, 1.984524, -2.957608, -1.148698, -0.092275]
  关节速度: [-0.156225, 0.219242, -0.935506, -0.333476, 0.297368, -0.526995]
  关节加速度: [35.958982, -50.484256, 215.424421, 76.760027, -68.449264, 121.342953]

轨迹点 95:
  时间: 2.850000 秒
  关节位置: [-1.479146, 0.750783, 1.980179, -2.959099, -1.147368, -0.094701]
  关节速度: [-0.140058, 0.217958, -0.936632, -0.301212, 0.269464, -0.515238]
  关节加速度: [-31.825219, 50.738197, -218.377682, -68.571539, 61.392532, -119.502052]

轨迹点 96:
  时间: 2.880000 秒
  关节位置: [-1.480927, 0.753582, 1.968141, -2.962932, -1.143937, -0.101308]
  关节速度: [-0.118990, 0.187540, -0.806581, -0.256152, 0.229248, -0.442472]
  关节加速度: [33.171635, -52.348162, 225.159535, 71.416037, -63.917750, 123.483561]

轨迹点 97:
  时间: 2.910000 秒
  关节位置: [-1.481570, 0.754655, 1.963514, -2.964322, -1.142691, -0.103815]
  关节速度: [-0.143935, 0.254290, -1.099488, -0.312426, 0.280825, -0.588358]
  关节加速度: [-25.715509, 46.533307, -201.410484, -55.921918, 50.313842, -107.252647]

轨迹点 98:
  时间: 2.940000 秒
  关节位置: [-1.483162, 0.757489, 1.951257, -2.967778, -1.139583, -0.110363]
  关节速度: [-0.086583, 0.154500, -0.668316, -0.188081, 0.169125, -0.356896]
  关节加速度: [28.907755, -51.703643, 223.675463, 62.806721, -56.481763, 119.391111]

轨迹点 99:
  时间: 2.970000 秒
  关节位置: [-1.483596, 0.758301, 1.947740, -2.968724, -1.138731, -0.112223]
  关节速度: [-0.177065, 0.344723, -1.495197, -0.387044, 0.349431, -0.784223]
  关节加速度: [-35.594169, 70.593021, -306.359928, -77.914059, 70.404451, -160.099361]

轨迹点 100:
  时间: 3.000000 秒
  关节位置: [-1.484133, 0.759350, 1.943187, -2.969899, -1.137670, -0.114609]
  关节速度: [0.000000, 0.000000, 0.000000, 0.000000, 0.000000, 0.000000]
  关节加速度: [0.000000, 0.000000, 0.000000, 0.000000, 0.000000, 0.000000]

