详细轨迹分析报告
====================
轨迹点数: 42
轨迹总时间: 4.089 秒
关节名称: 
  0: joint1
  1: joint2
  2: joint3
  3: joint4
  4: joint5
  5: joint6

详细轨迹点信息:
================
轨迹点 0:
  时间: 0.000000 秒
  关节位置: [-1.963756, 0.736242, 1.854629, -1.980814, -2.014764, -0.346720]
  关节速度: [0.000000, 0.000000, 0.000000, 0.000000, 0.000000, 0.000000]
  关节加速度: [0.000000, 0.000000, 0.000000, 0.000000, 0.000000, 0.000000]

轨迹点 1:
  时间: 0.100000 秒
  关节位置: [-1.963767, 0.723229, 1.853595, -1.966775, -2.014753, -0.346712]
  关节速度: [-0.000106, -0.130130, -0.010342, 0.140388, 0.000109, 0.000082]
  关节加速度: [-0.001064, -1.301295, -0.103419, 1.403876, 0.001088, 0.000824]

轨迹点 2:
  时间: 0.200000 秒
  关节位置: [-1.963786, 0.700113, 1.851035, -1.941114, -2.014733, -0.346697]
  关节速度: [-0.000192, -0.231165, -0.025595, 0.256609, 0.000196, 0.000148]
  关节加速度: [-0.000851, -1.010359, -0.152527, 1.162216, 0.000870, 0.000660]

轨迹点 3:
  时间: 0.300000 秒
  关节位置: [-1.963805, 0.677414, 1.847580, -1.914976, -2.014714, -0.346682]
  关节速度: [-0.000192, -0.226984, -0.034551, 0.261384, 0.000196, 0.000148]
  关节加速度: [0.000000, 0.041819, -0.089566, 0.047747, 0.000000, -0.000000]

轨迹点 4:
  时间: 0.400000 秒
  关节位置: [-1.963824, 0.655161, 1.843232, -1.888390, -2.014694, -0.346667]
  关节速度: [-0.000192, -0.222528, -0.043481, 0.265858, 0.000196, 0.000148]
  关节加速度: [0.000000, 0.044560, -0.089302, 0.044742, 0.000000, -0.000000]

轨迹点 5:
  时间: 0.500000 秒
  关节位置: [-1.963843, 0.633381, 1.837994, -1.861387, -2.014675, -0.346652]
  关节速度: [-0.000192, -0.217804, -0.052380, 0.270032, 0.000196, 0.000148]
  关节加速度: [0.000000, 0.047239, -0.088983, 0.041744, 0.000000, -0.000000]

轨迹点 6:
  时间: 0.600000 秒
  关节位置: [-1.963863, 0.612099, 1.831870, -1.833996, -2.014655, -0.346637]
  关节速度: [-0.000192, -0.212820, -0.061241, 0.273910, 0.000196, 0.000148]
  关节加速度: [0.000000, 0.049839, -0.088612, 0.038774, 0.000000, -0.000000]

轨迹点 7:
  时间: 0.700000 秒
  关节位置: [-1.963882, 0.591341, 1.824864, -1.806246, -2.014635, -0.346622]
  关节速度: [-0.000192, -0.207585, -0.070061, 0.277495, 0.000196, 0.000148]
  关节加速度: [0.000000, 0.052343, -0.088197, 0.035853, 0.000000, -0.000000]

轨迹点 8:
  时间: 0.800000 秒
  关节位置: [-1.963901, 0.571129, 1.816980, -1.778167, -2.014616, -0.346608]
  关节速度: [-0.000192, -0.202111, -0.078835, 0.280796, 0.000196, 0.000148]
  关节加速度: [0.000000, 0.054740, -0.087745, 0.033005, 0.000000, -0.000000]

轨迹点 9:
  时间: 0.900000 秒
  关节位置: [-1.963920, 0.551488, 1.808224, -1.749784, -2.014596, -0.346593]
  关节速度: [-0.000192, -0.196409, -0.087562, 0.283820, 0.000196, 0.000148]
  关节加速度: [0.000000, 0.057019, -0.087266, 0.030247, 0.000000, -0.000000]

轨迹点 10:
  时间: 1.000000 秒
  关节位置: [-1.963939, 0.532439, 1.798600, -1.721126, -2.014577, -0.346578]
  关节速度: [-0.000192, -0.190492, -0.096239, 0.286580, 0.000196, 0.000148]
  关节加速度: [0.000000, 0.059170, -0.086771, 0.027600, 0.000000, -0.000000]

轨迹点 11:
  时间: 1.100000 秒
  关节位置: [-1.963958, 0.514002, 1.788114, -1.692218, -2.014557, -0.346563]
  关节速度: [-0.000192, -0.184374, -0.104866, 0.289088, 0.000196, 0.000148]
  关节加速度: [0.000000, 0.061188, -0.086269, 0.025081, 0.000000, -0.000000]

轨迹点 12:
  时间: 1.200000 秒
  关节位置: [-1.963978, 0.496195, 1.776769, -1.663082, -2.014537, -0.346548]
  关节速度: [-0.000192, -0.178067, -0.113443, 0.291359, 0.000196, 0.000148]
  关节加速度: [0.000000, 0.063069, -0.085773, 0.022705, 0.000000, -0.000000]

轨迹点 13:
  时间: 1.300000 秒
  关节位置: [-1.963997, 0.479037, 1.764572, -1.633741, -2.014518, -0.346533]
  关节速度: [-0.000192, -0.171586, -0.121973, 0.293408, 0.000196, 0.000148]
  关节加速度: [0.000000, 0.064809, -0.085295, 0.020486, 0.000000, -0.000000]

轨迹点 14:
  时间: 1.400000 秒
  关节位置: [-1.964016, 0.462542, 1.751526, -1.604216, -2.014498, -0.346519]
  关节速度: [-0.000192, -0.164945, -0.130457, 0.295251, 0.000196, 0.000148]
  关节加速度: [0.000000, 0.066411, -0.084847, 0.018437, 0.000000, -0.000000]

轨迹点 15:
  时间: 1.500000 秒
  关节位置: [-1.964035, 0.446726, 1.737636, -1.574525, -2.014479, -0.346504]
  关节速度: [-0.000192, -0.158157, -0.138902, 0.296908, 0.000196, 0.000148]
  关节加速度: [0.000000, 0.067875, -0.084443, 0.016568, 0.000000, -0.000000]

轨迹点 16:
  时间: 1.600000 秒
  关节位置: [-1.964054, 0.431603, 1.722905, -1.544685, -2.014459, -0.346489]
  关节速度: [-0.000192, -0.151236, -0.147311, 0.298397, 0.000196, 0.000148]
  关节加速度: [0.000000, 0.069208, -0.084096, 0.014888, 0.000000, -0.000000]

轨迹点 17:
  时间: 1.700000 秒
  关节位置: [-1.964073, 0.417183, 1.707336, -1.514712, -2.014440, -0.346474]
  关节速度: [-0.000192, -0.144195, -0.155693, 0.299737, 0.000196, 0.000148]
  关节加速度: [0.000000, 0.070415, -0.083821, 0.013406, 0.000000, -0.000000]

轨迹点 18:
  时间: 1.800000 秒
  关节位置: [-1.964092, 0.403479, 1.690930, -1.484617, -2.014420, -0.346459]
  关节速度: [-0.000192, -0.137044, -0.164056, 0.300950, 0.000196, 0.000148]
  关节加速度: [0.000000, 0.071505, -0.083631, 0.012126, 0.000000, -0.000000]

轨迹点 19:
  时间: 1.900000 秒
  关节位置: [-1.964112, 0.390499, 1.673689, -1.454411, -2.014400, -0.346445]
  关节速度: [-0.000192, -0.129796, -0.172411, 0.302056, 0.000196, 0.000148]
  关节加速度: [0.000000, 0.072488, -0.083544, 0.011056, 0.000000, -0.000000]

轨迹点 20:
  时间: 2.000000 秒
  关节位置: [-1.964131, 0.378253, 1.655612, -1.424104, -2.014381, -0.346430]
  关节速度: [-0.000192, -0.122458, -0.180768, 0.303075, 0.000196, 0.000148]
  关节加速度: [0.000000, 0.073375, -0.083574, 0.010199, 0.000000, -0.000000]

轨迹点 21:
  时间: 2.100000 秒
  关节位置: [-1.964150, 0.366749, 1.636698, -1.393700, -2.014361, -0.346415]
  关节速度: [-0.000192, -0.115040, -0.189142, 0.304031, 0.000196, 0.000148]
  关节加速度: [0.000000, 0.074181, -0.083740, 0.009559, 0.000000, -0.000000]

轨迹点 22:
  时间: 2.200000 秒
  关节位置: [-1.964169, 0.355995, 1.616943, -1.363206, -2.014342, -0.346400]
  关节速度: [-0.000192, -0.107548, -0.197548, 0.304945, 0.000196, 0.000148]
  关节加速度: [0.000000, 0.074918, -0.084059, 0.009141, 0.000000, -0.000000]

轨迹点 23:
  时间: 2.300000 秒
  关节位置: [-1.964188, 0.345996, 1.596343, -1.332622, -2.014322, -0.346385]
  关节速度: [-0.000192, -0.099988, -0.206003, 0.305840, 0.000196, 0.000148]
  关节加速度: [0.000000, 0.075604, -0.084552, 0.008948, 0.000000, -0.000000]

轨迹点 24:
  时间: 2.400000 秒
  关节位置: [-1.964207, 0.336760, 1.574890, -1.301948, -2.014302, -0.346370]
  关节速度: [-0.000191, -0.092362, -0.214527, 0.306739, 0.000196, 0.000148]
  关节加速度: [0.000000, 0.076256, -0.085241, 0.008985, 0.000000, -0.000000]

轨迹点 25:
  时间: 2.500000 秒
  关节位置: [-1.964226, 0.328292, 1.552576, -1.271182, -2.014283, -0.346356]
  关节速度: [-0.000191, -0.084673, -0.223142, 0.307665, 0.000196, 0.000148]
  关节加速度: [0.000000, 0.076891, -0.086149, 0.009258, 0.000000, -0.000000]

轨迹点 26:
  时间: 2.600000 秒
  关节位置: [-1.964246, 0.320600, 1.529389, -1.240317, -2.014263, -0.346341]
  关节速度: [-0.000191, -0.076920, -0.231873, 0.308642, 0.000196, 0.000148]
  关节加速度: [0.000000, 0.077531, -0.087304, 0.009773, 0.000000, -0.000000]

轨迹点 27:
  时间: 2.700000 秒
  关节位置: [-1.964265, 0.313690, 1.505314, -1.209348, -2.014244, -0.346326]
  关节速度: [-0.000191, -0.069100, -0.240746, 0.309696, 0.000196, 0.000148]
  关节加速度: [0.000000, 0.078198, -0.088737, 0.010539, 0.000000, -0.000000]

轨迹点 28:
  时间: 2.800000 秒
  关节位置: [-1.964284, 0.307569, 1.480335, -1.178263, -2.014224, -0.346311]
  关节速度: [-0.000191, -0.061209, -0.249795, 0.310853, 0.000196, 0.000148]
  关节加速度: [0.000000, 0.078915, -0.090482, 0.011568, 0.000000, -0.000000]

轨迹点 29:
  时间: 2.900000 秒
  关节位置: [-1.964303, 0.302246, 1.454429, -1.147049, -2.014205, -0.346296]
  关节速度: [-0.000191, -0.053238, -0.259053, 0.312140, 0.000196, 0.000148]
  关节加速度: [0.000000, 0.079709, -0.092581, 0.012873, 0.000000, -0.000000]

轨迹点 30:
  时间: 3.000000 秒
  关节位置: [-1.964322, 0.297728, 1.427573, -1.115690, -2.014185, -0.346281]
  关节速度: [-0.000191, -0.045177, -0.268561, 0.313587, 0.000196, 0.000148]
  关节加速度: [0.000000, 0.080609, -0.095082, 0.014473, 0.000000, -0.000000]

轨迹点 31:
  时间: 3.100000 秒
  关节位置: [-1.964341, 0.294027, 1.399737, -1.084167, -2.014165, -0.346267]
  关节速度: [-0.000191, -0.037012, -0.278365, 0.315226, 0.000196, 0.000148]
  关节加速度: [0.000000, 0.081648, -0.098040, 0.016392, 0.000000, -0.000000]

轨迹点 32:
  时间: 3.200000 秒
  关节位置: [-1.964361, 0.291154, 1.370885, -1.052458, -2.014146, -0.346252]
  关节速度: [-0.000191, -0.028726, -0.288517, 0.317092, 0.000196, 0.000148]
  关节加速度: [0.000000, 0.082865, -0.101525, 0.018660, 0.000000, -0.000000]

轨迹点 33:
  时间: 3.300000 秒
  关节位置: [-1.964380, 0.289125, 1.340977, -1.020536, -2.014126, -0.346237]
  关节速度: [-0.000191, -0.020295, -0.299079, 0.319224, 0.000196, 0.000148]
  关节加速度: [0.000000, 0.084304, -0.105617, 0.021314, 0.000000, -0.000000]

轨迹点 34:
  时间: 3.400000 秒
  关节位置: [-1.964399, 0.287955, 1.309965, -0.988369, -2.014107, -0.346222]
  关节速度: [-0.000191, -0.011694, -0.310121, 0.321664, 0.000196, 0.000148]
  关节加速度: [0.000000, 0.086015, -0.110418, 0.024403, 0.000000, -0.000000]

轨迹点 35:
  时间: 3.500000 秒
  关节位置: [-1.964418, 0.287667, 1.277792, -0.955923, -2.014087, -0.346207]
  关节速度: [-0.000191, -0.002888, -0.321726, 0.324463, 0.000196, 0.000148]
  关节加速度: [0.000000, 0.088062, -0.116050, 0.027988, 0.000000, -0.000000]

轨迹点 36:
  时间: 3.600000 秒
  关节位置: [-1.964437, 0.288283, 1.244393, -0.923155, -2.014067, -0.346193]
  关节速度: [-0.000191, 0.006164, -0.333993, 0.327678, 0.000196, 0.000148]
  关节加速度: [0.000000, 0.090519, -0.122670, 0.032150, 0.000000, -0.000000]

轨迹点 37:
  时间: 3.700000 秒
  关节位置: [-1.964456, 0.289834, 1.209689, -0.890017, -2.014048, -0.346178]
  关节速度: [-0.000191, 0.015513, -0.347040, 0.331377, 0.000196, 0.000148]
  关节加速度: [0.000000, 0.093482, -0.130472, 0.036990, 0.000000, -0.000000]

轨迹点 38:
  时间: 3.800000 秒
  关节位置: [-1.964475, 0.292356, 1.173588, -0.856453, -2.014028, -0.346163]
  关节速度: [-0.000191, 0.025219, -0.361011, 0.335641, 0.000196, 0.000148]
  关节加速度: [0.000000, 0.097068, -0.139710, 0.042642, 0.000000, -0.000000]

轨迹点 39:
  时间: 3.900000 秒
  关节位置: [-1.964495, 0.295892, 1.135980, -0.822396, -2.014009, -0.346148]
  关节速度: [-0.000191, 0.035362, -0.376082, 0.340569, 0.000196, 0.000148]
  关节加速度: [0.000000, 0.101430, -0.150711, 0.049281, 0.000000, -0.000000]

轨迹点 40:
  时间: 4.000000 秒
  关节位置: [-1.964514, 0.300496, 1.096733, -0.787768, -2.013989, -0.346133]
  关节速度: [-0.000191, 0.046039, -0.392473, 0.346283, 0.000196, 0.000148]
  关节加速度: [0.000000, 0.106769, -0.163910, 0.057141, 0.000000, -0.000000]

轨迹点 41:
  时间: 4.088944 秒
  关节位置: [-1.964522, 0.302905, 1.078700, -0.772151, -2.013980, -0.346127]
  关节速度: [0.000000, 0.000000, 0.000000, 0.000000, 0.000000, 0.000000]
  关节加速度: [0.000000, 0.000000, 0.000000, 0.000000, 0.000000, 0.000000]

