详细轨迹分析报告
====================
轨迹点数: 53
轨迹总时间: 5.169 秒
关节名称: 
  0: joint1
  1: joint2
  2: joint3
  3: joint4
  4: joint5
  5: joint6

详细轨迹点信息:
================
轨迹点 0:
  时间: 0.000000 秒
  关节位置: [-1.195834, 0.693497, 2.077263, -2.245907, -1.625549, 0.061880]
  关节速度: [0.000000, 0.000000, 0.000000, 0.000000, 0.000000, 0.000000]
  关节加速度: [0.000000, 0.000000, 0.000000, 0.000000, 0.000000, 0.000000]

轨迹点 1:
  时间: 0.100000 秒
  关节位置: [-1.199204, 0.691821, 2.082971, -2.258341, -1.620029, 0.063370]
  关节速度: [-0.033702, -0.016754, 0.057073, -0.124341, 0.055199, 0.014903]
  关节加速度: [-0.337023, -0.167543, 0.570735, -1.243412, 0.551993, 0.149029]

轨迹点 2:
  时间: 0.200000 秒
  关节位置: [-1.205354, 0.689019, 2.092890, -2.280543, -1.609955, 0.065913]
  关节速度: [-0.061501, -0.028020, 0.099195, -0.222019, 0.100743, 0.025430]
  关节加速度: [-0.277989, -0.112657, 0.421214, -0.976777, 0.455442, 0.105268]

轨迹点 3:
  时间: 0.300000 秒
  关节位置: [-1.211609, 0.686487, 2.102353, -2.302510, -1.599708, 0.068271]
  关节速度: [-0.062544, -0.025317, 0.094634, -0.219670, 0.102473, 0.023576]
  关节加速度: [-0.010433, 0.027029, -0.045605, 0.023486, 0.017297, -0.018538]

轨迹点 4:
  时间: 0.400000 秒
  关节位置: [-1.217963, 0.684221, 2.111359, -2.324237, -1.589294, 0.070436]
  关节速度: [-0.063546, -0.022670, 0.090056, -0.217272, 0.104138, 0.021652]
  关节加速度: [-0.010011, 0.026474, -0.045784, 0.023984, 0.016648, -0.019235]

轨迹点 5:
  时间: 0.500000 秒
  关节位置: [-1.224413, 0.682213, 2.119905, -2.345719, -1.578721, 0.072402]
  关节速度: [-0.064500, -0.020080, 0.085455, -0.214821, 0.105731, 0.019659]
  关节加速度: [-0.009546, 0.025899, -0.046004, 0.024512, 0.015936, -0.019930]

轨迹点 6:
  时间: 0.600000 秒
  关节位置: [-1.230954, 0.680458, 2.127988, -2.366951, -1.567996, 0.074162]
  关节速度: [-0.065404, -0.017550, 0.080829, -0.212314, 0.107247, 0.017597]
  关节加速度: [-0.009037, 0.025303, -0.046262, 0.025068, 0.015160, -0.020619]

轨迹点 7:
  时间: 0.700000 秒
  关节位置: [-1.237579, 0.678949, 2.135605, -2.387926, -1.557128, 0.075708]
  关节速度: [-0.066252, -0.015081, 0.076174, -0.209749, 0.108679, 0.015467]
  关节加速度: [-0.008484, 0.024685, -0.046556, 0.025648, 0.014319, -0.021301]

轨迹点 8:
  时间: 0.800000 秒
  关节位置: [-1.244283, 0.677682, 2.142753, -2.408638, -1.546126, 0.077035]
  关节速度: [-0.067041, -0.012677, 0.071485, -0.207124, 0.110021, 0.013270]
  关节加速度: [-0.007887, 0.024045, -0.046884, 0.026253, 0.013414, -0.021975]

轨迹点 9:
  时间: 0.900000 秒
  关节位置: [-1.251059, 0.676648, 2.149430, -2.429082, -1.535000, 0.078136]
  关节速度: [-0.067766, -0.010338, 0.066761, -0.204436, 0.111265, 0.011006]
  关节加速度: [-0.007246, 0.023384, -0.047244, 0.026879, 0.012444, -0.022637]

轨迹点 10:
  时间: 1.000000 秒
  关节位置: [-1.257902, 0.675841, 2.155629, -2.449250, -1.523759, 0.079004]
  关节速度: [-0.068422, -0.008068, 0.061997, -0.201683, 0.112406, 0.008677]
  关节加速度: [-0.006561, 0.022702, -0.047634, 0.027525, 0.011408, -0.023286]

轨迹点 11:
  时间: 1.100000 秒
  关节位置: [-1.264802, 0.675254, 2.161348, -2.469136, -1.512415, 0.079632]
  关节速度: [-0.069005, -0.005868, 0.057192, -0.198865, 0.113437, 0.006286]
  关节加速度: [-0.005833, 0.021999, -0.048051, 0.028187, 0.010309, -0.023919]

轨迹点 12:
  时间: 1.200000 秒
  关节位置: [-1.271753, 0.674880, 2.166583, -2.488734, -1.500980, 0.080016]
  关节速度: [-0.069511, -0.003740, 0.052343, -0.195978, 0.114352, 0.003832]
  关节加速度: [-0.005063, 0.021278, -0.048493, 0.028864, 0.009146, -0.024534]

轨迹点 13:
  时间: 1.300000 秒
  关节位置: [-1.278747, 0.674712, 2.171328, -2.508036, -1.489466, 0.080148]
  关节速度: [-0.069937, -0.001686, 0.047447, -0.193023, 0.115144, 0.001319]
  关节加速度: [-0.004252, 0.020540, -0.048956, 0.029553, 0.007922, -0.025127]

轨迹点 14:
  时间: 1.400000 秒
  关节位置: [-1.285775, 0.674741, 2.175578, -2.527036, -1.477885, 0.080023]
  关节速度: [-0.070277, 0.000292, 0.042504, -0.189998, 0.115808, -0.001250]
  关节加速度: [-0.003402, 0.019787, -0.049439, 0.030250, 0.006638, -0.025696]

轨迹点 15:
  时间: 1.500000 秒
  关节位置: [-1.292827, 0.674960, 2.179329, -2.545727, -1.466251, 0.079635]
  关节速度: [-0.070528, 0.002194, 0.037510, -0.186903, 0.116337, -0.003874]
  关节加速度: [-0.002515, 0.019020, -0.049937, 0.030952, 0.005296, -0.026238]

轨迹点 16:
  时间: 1.600000 秒
  关节位置: [-1.299896, 0.675362, 2.182575, -2.564100, -1.454579, 0.078980]
  关节速度: [-0.070688, 0.004019, 0.032465, -0.183737, 0.116727, -0.006549]
  关节加速度: [-0.001593, 0.018243, -0.050448, 0.031656, 0.003900, -0.026750]

轨迹点 17:
  时间: 1.700000 秒
  关节位置: [-1.306971, 0.675939, 2.185312, -2.582150, -1.442881, 0.078053]
  关节速度: [-0.070752, 0.005765, 0.027368, -0.180501, 0.116972, -0.009272]
  关节加速度: [-0.000640, 0.017459, -0.050968, 0.032359, 0.002453, -0.027228]

轨迹点 18:
  时间: 1.800000 秒
  关节位置: [-1.314043, 0.676682, 2.187534, -2.599870, -1.431174, 0.076849]
  关节速度: [-0.070717, 0.007432, 0.022219, -0.177196, 0.117068, -0.012039]
  关节加速度: [0.000342, 0.016671, -0.051494, 0.033055, 0.000960, -0.027669]

轨迹点 19:
  时间: 1.900000 秒
  关节位置: [-1.321101, 0.677584, 2.189236, -2.617252, -1.419473, 0.075365]
  关节速度: [-0.070583, 0.009020, 0.017017, -0.173821, 0.117011, -0.014846]
  关节加速度: [0.001350, 0.015884, -0.052022, 0.033742, -0.000577, -0.028070]

轨迹点 20:
  时间: 2.000000 秒
  关节位置: [-1.328136, 0.678637, 2.190412, -2.634290, -1.407794, 0.073596]
  关节速度: [-0.070345, 0.010530, 0.011762, -0.170380, 0.116796, -0.017689]
  关节加速度: [0.002378, 0.015100, -0.052548, 0.034416, -0.002151, -0.028427]

轨迹点 21:
  时间: 2.100000 秒
  关节位置: [-1.335136, 0.679833, 2.191057, -2.650977, -1.396152, 0.071539]
  关节速度: [-0.070002, 0.011963, 0.006455, -0.166873, 0.116420, -0.020562]
  关节加速度: [0.003423, 0.014324, -0.053069, 0.035073, -0.003758, -0.028736]

轨迹点 22:
  时间: 2.200000 秒
  关节位置: [-1.342092, 0.681165, 2.191167, -2.667307, -1.384564, 0.069193]
  关节速度: [-0.069554, 0.013319, 0.001097, -0.163302, 0.115881, -0.023462]
  关节加速度: [0.004481, 0.013562, -0.053581, 0.035709, -0.005391, -0.028995]

轨迹点 23:
  时间: 2.300000 秒
  关节位置: [-1.348992, 0.682625, 2.190736, -2.683274, -1.373046, 0.066555]
  关节速度: [-0.069000, 0.014600, -0.004311, -0.159670, 0.115176, -0.026381]
  关节加速度: [0.005546, 0.012816, -0.054081, 0.036320, -0.007044, -0.029198]

轨迹点 24:
  时间: 2.400000 秒
  关节位置: [-1.355825, 0.684206, 2.189759, -2.698872, -1.361616, 0.063624]
  关节速度: [-0.068338, 0.015810, -0.009768, -0.155979, 0.114305, -0.029316]
  关节加速度: [0.006614, 0.012093, -0.054564, 0.036903, -0.008711, -0.029344]

轨迹点 25:
  时间: 2.500000 秒
  关节位置: [-1.362582, 0.685901, 2.188232, -2.714096, -1.350289, 0.060398]
  关节速度: [-0.067570, 0.016949, -0.015270, -0.152234, 0.113267, -0.032259]
  关节加速度: [0.007680, 0.011397, -0.055027, 0.037456, -0.010384, -0.029429]

轨迹点 26:
  时间: 2.600000 秒
  关节位置: [-1.369252, 0.687703, 2.186150, -2.728939, -1.339083, 0.056877]
  关节速度: [-0.066697, 0.018022, -0.020817, -0.148436, 0.112061, -0.035204]
  关节加速度: [0.008738, 0.010732, -0.055468, 0.037974, -0.012057, -0.029448]

轨迹点 27:
  时间: 2.700000 秒
  关节位置: [-1.375824, 0.689606, 2.183510, -2.743398, -1.328014, 0.053063]
  关节速度: [-0.065718, 0.019033, -0.026405, -0.144591, 0.110689, -0.038144]
  关节加速度: [0.009783, 0.010103, -0.055882, 0.038457, -0.013723, -0.029400]

轨迹点 28:
  时间: 2.800000 秒
  关节位置: [-1.382288, 0.691605, 2.180307, -2.757468, -1.317099, 0.048956]
  关节速度: [-0.064637, 0.019984, -0.032032, -0.140701, 0.109152, -0.041072]
  关节加速度: [0.010811, 0.009515, -0.056268, 0.038901, -0.015373, -0.029282]

轨迹点 29:
  时间: 2.900000 秒
  关节位置: [-1.388633, 0.693693, 2.176537, -2.771145, -1.306354, 0.044558]
  关节速度: [-0.063456, 0.020881, -0.037694, -0.136770, 0.107452, -0.043981]
  关节加速度: [0.011815, 0.008971, -0.056622, 0.039305, -0.017000, -0.029090]

轨迹点 30:
  时间: 3.000000 秒
  关节位置: [-1.394851, 0.695866, 2.172198, -2.784426, -1.295794, 0.039871]
  关节速度: [-0.062177, 0.021729, -0.043389, -0.132803, 0.105592, -0.046863]
  关节加速度: [0.012790, 0.008475, -0.056944, 0.039669, -0.018597, -0.028824]

轨迹点 31:
  时间: 3.100000 秒
  关节位置: [-1.400931, 0.698119, 2.167287, -2.797306, -1.285437, 0.034900]
  关节速度: [-0.060803, 0.022532, -0.049112, -0.128804, 0.103576, -0.049711]
  关节加速度: [0.013732, 0.008031, -0.057230, 0.039992, -0.020155, -0.028480]

轨迹点 32:
  时间: 3.200000 秒
  关节位置: [-1.406865, 0.700449, 2.161801, -2.809784, -1.275296, 0.029649]
  关节速度: [-0.059340, 0.023296, -0.054860, -0.124777, 0.101410, -0.052517]
  关节加速度: [0.014636, 0.007641, -0.057480, 0.040274, -0.021669, -0.028058]

轨迹点 33:
  时间: 3.300000 秒
  关节位置: [-1.412644, 0.702851, 2.155738, -2.821856, -1.265386, 0.024121]
  关节速度: [-0.057790, 0.024027, -0.060629, -0.120725, 0.099097, -0.055273]
  关节加速度: [0.015498, 0.007309, -0.057694, 0.040516, -0.023129, -0.027557]

轨迹点 34:
  时间: 3.400000 秒
  关节位置: [-1.418260, 0.705324, 2.149097, -2.833522, -1.255722, 0.018324]
  关节速度: [-0.056159, 0.024731, -0.066416, -0.116653, 0.096644, -0.057971]
  关节加速度: [0.016313, 0.007036, -0.057870, 0.040720, -0.024531, -0.026977]

轨迹点 35:
  时间: 3.500000 秒
  关节位置: [-1.423705, 0.707866, 2.141875, -2.844778, -1.246316, 0.012264]
  关节速度: [-0.054451, 0.025413, -0.072217, -0.112564, 0.094057, -0.060602]
  关节加速度: [0.017078, 0.006823, -0.058010, 0.040887, -0.025866, -0.026318]

轨迹点 36:
  时间: 3.600000 秒
  关节位置: [-1.428972, 0.710474, 2.134072, -2.855624, -1.237182, 0.005948]
  关节速度: [-0.052672, 0.026080, -0.078029, -0.108462, 0.091344, -0.063160]
  关节加速度: [0.017789, 0.006671, -0.058115, 0.041020, -0.027130, -0.025580]

轨迹点 37:
  时间: 3.700000 秒
  关节位置: [-1.434055, 0.713148, 2.125687, -2.866059, -1.228330, -0.000616]
  关节速度: [-0.050828, 0.026738, -0.083847, -0.104350, 0.088512, -0.065637]
  关节加速度: [0.018444, 0.006582, -0.058185, 0.041121, -0.028316, -0.024766]

轨迹点 38:
  时间: 3.800000 秒
  关节位置: [-1.438947, 0.715887, 2.116720, -2.876082, -1.219773, -0.007418]
  关节速度: [-0.048924, 0.027393, -0.089670, -0.100231, 0.085570, -0.068025]
  关节加速度: [0.019040, 0.006554, -0.058224, 0.041195, -0.029420, -0.023877]

轨迹点 39:
  时间: 3.900000 秒
  关节位置: [-1.443644, 0.718692, 2.107171, -2.885693, -1.211521, -0.014450]
  关节速度: [-0.046966, 0.028052, -0.095493, -0.096106, 0.082527, -0.070316]
  关节加速度: [0.019576, 0.006588, -0.058233, 0.041245, -0.030437, -0.022917]

轨迹点 40:
  时间: 4.000000 秒
  关节位置: [-1.448140, 0.721564, 2.097040, -2.894891, -1.203582, -0.021700]
  关节速度: [-0.044961, 0.028720, -0.101315, -0.091979, 0.079390, -0.072505]
  关节加速度: [0.020050, 0.006682, -0.058217, 0.041274, -0.031364, -0.021888]

轨迹点 41:
  时间: 4.100000 秒
  关节位置: [-1.452432, 0.724505, 2.086326, -2.903676, -1.195965, -0.029159]
  关节速度: [-0.042915, 0.029404, -0.107132, -0.087850, 0.076171, -0.074585]
  关节加速度: [0.020460, 0.006835, -0.058178, 0.041287, -0.032197, -0.020795]

轨迹点 42:
  时间: 4.200000 秒
  关节位置: [-1.456515, 0.727515, 2.075032, -2.912048, -1.188677, -0.036814]
  关节速度: [-0.040834, 0.030109, -0.112945, -0.083721, 0.072877, -0.076549]
  关节加速度: [0.020808, 0.007046, -0.058122, 0.041289, -0.032934, -0.019642]

轨迹点 43:
  时间: 4.300000 秒
  关节位置: [-1.460388, 0.730599, 2.063157, -2.920007, -1.181725, -0.044653]
  关节速度: [-0.038725, 0.030840, -0.118750, -0.079593, 0.069520, -0.078392]
  关节加速度: [0.021092, 0.007313, -0.058053, 0.041283, -0.033573, -0.018435]

轨迹点 44:
  时间: 4.400000 秒
  关节位置: [-1.464047, 0.733760, 2.050702, -2.927554, -1.175114, -0.052664]
  关节速度: [-0.036594, 0.031603, -0.124548, -0.075466, 0.066109, -0.080110]
  关节加速度: [0.021313, 0.007633, -0.057976, 0.041274, -0.034114, -0.017180]

轨迹点 45:
  时间: 4.500000 秒
  关节位置: [-1.467492, 0.737000, 2.037668, -2.934688, -1.168849, -0.060834]
  关节速度: [-0.034447, 0.032404, -0.130337, -0.071339, 0.062653, -0.081698]
  关节加速度: [0.021472, 0.008005, -0.057898, 0.041266, -0.034556, -0.015882]

轨迹点 46:
  时间: 4.600000 秒
  关节位置: [-1.470721, 0.740325, 2.024056, -2.941409, -1.162932, -0.069149]
  关节速度: [-0.032289, 0.033246, -0.136120, -0.067213, 0.059163, -0.083153]
  关节加速度: [0.021571, 0.008426, -0.057825, 0.041265, -0.034899, -0.014548]

轨迹点 47:
  时间: 4.700000 秒
  关节位置: [-1.473733, 0.743738, 2.009867, -2.947718, -1.157367, -0.077596]
  关节速度: [-0.030128, 0.034136, -0.141896, -0.063085, 0.055649, -0.084472]
  关节加速度: [0.021612, 0.008894, -0.057764, 0.041273, -0.035144, -0.013185]

轨迹点 48:
  时间: 4.800000 秒
  关节位置: [-1.476530, 0.747246, 1.995100, -2.953613, -1.152156, -0.086161]
  关节速度: [-0.027969, 0.035076, -0.147668, -0.058956, 0.052119, -0.085652]
  关节加速度: [0.021595, 0.009408, -0.057721, 0.041295, -0.035294, -0.011800]

轨迹点 49:
  时间: 4.900000 秒
  关节位置: [-1.479112, 0.750853, 1.979756, -2.959096, -1.147297, -0.094831]
  关节速度: [-0.025816, 0.036073, -0.153439, -0.054822, 0.048584, -0.086692]
  关节加速度: [0.021524, 0.009964, -0.057704, 0.041336, -0.035349, -0.010400]

轨迹点 50:
  时间: 5.000000 秒
  关节位置: [-1.481480, 0.754566, 1.963835, -2.964164, -1.142792, -0.103590]
  关节速度: [-0.023676, 0.037129, -0.159211, -0.050682, 0.045053, -0.087591]
  关节加速度: [0.021401, 0.010561, -0.057720, 0.041399, -0.035314, -0.008992]

轨迹点 51:
  时间: 5.100000 秒
  关节位置: [-1.483589, 0.758305, 1.947707, -2.968719, -1.138726, -0.112228]
  关节速度: [-0.021099, 0.037390, -0.161276, -0.045549, 0.040653, -0.086387]
  关节加速度: [0.025770, 0.002609, -0.020651, 0.051333, -0.044001, 0.012034]

轨迹点 52:
  时间: 5.169057 秒
  关节位置: [-1.484141, 0.759346, 1.943208, -2.969914, -1.137657, -0.114607]
  关节速度: [0.000000, 0.000000, 0.000000, 0.000000, 0.000000, 0.000000]
  关节加速度: [0.000000, 0.000000, 0.000000, 0.000000, 0.000000, 0.000000]

