详细轨迹分析报告
====================
轨迹点数: 88
轨迹总时间: 8.685 秒
关节名称: 
  0: joint1
  1: joint2
  2: joint3
  3: joint4
  4: joint5
  5: joint6

详细轨迹点信息:
================
轨迹点 0:
  时间: 0.000000 秒
  关节位置: [-1.195813, 0.694357, 2.077153, -2.247315, -1.626185, 0.061255]
  关节速度: [0.000000, 0.000000, 0.000000, 0.000000, 0.000000, 0.000000]
  关节加速度: [0.000000, 0.000000, 0.000000, 0.000000, 0.000000, 0.000000]

轨迹点 1:
  时间: 0.100000 秒
  关节位置: [-1.199126, 0.692407, 2.085274, -2.253748, -1.630218, 0.058018]
  关节速度: [-0.033136, -0.019495, 0.081208, -0.064328, -0.040333, -0.032369]
  关节加速度: [-0.331355, -0.194954, 0.812078, -0.643284, -0.403325, -0.323693]

轨迹点 2:
  时间: 0.200000 秒
  关节位置: [-1.205184, 0.689035, 2.099585, -2.265122, -1.637397, 0.052236]
  关节速度: [-0.060581, -0.033720, 0.143114, -0.113738, -0.071789, -0.057822]
  关节加速度: [-0.274452, -0.142244, 0.619057, -0.494101, -0.314564, -0.254528]

轨迹点 3:
  时间: 0.300000 秒
  关节位置: [-1.211365, 0.685835, 2.113507, -2.276232, -1.644469, 0.046511]
  关节速度: [-0.061807, -0.032003, 0.139219, -0.111104, -0.070726, -0.057248]
  关节加速度: [-0.012259, 0.017169, -0.038942, 0.026345, 0.010624, 0.005741]

轨迹点 4:
  时间: 0.400000 秒
  关节位置: [-1.217671, 0.682801, 2.127044, -2.287079, -1.651433, 0.040844]
  关节速度: [-0.063057, -0.030341, 0.135370, -0.108472, -0.069640, -0.056668]
  关节加速度: [-0.012504, 0.016618, -0.038497, 0.026322, 0.010869, 0.005801]

轨迹点 5:
  时间: 0.500000 秒
  关节位置: [-1.224104, 0.679927, 2.140200, -2.297663, -1.658286, 0.035236]
  关节速度: [-0.064331, -0.028734, 0.131560, -0.105838, -0.068529, -0.056082]
  关节加速度: [-0.012737, 0.016070, -0.038092, 0.026337, 0.011101, 0.005859]

轨迹点 6:
  时间: 0.600000 秒
  关节位置: [-1.230666, 0.677209, 2.152979, -2.307983, -1.665026, 0.029687]
  关节速度: [-0.065626, -0.027182, 0.127788, -0.103199, -0.067397, -0.055490]
  关节加速度: [-0.012955, 0.015523, -0.037726, 0.026389, 0.011320, 0.005915]

轨迹点 7:
  时间: 0.700000 秒
  关节位置: [-1.237361, 0.674641, 2.165384, -2.318038, -1.671650, 0.024197]
  关节速度: [-0.066942, -0.025684, 0.124048, -0.100552, -0.066245, -0.054894]
  关节加速度: [-0.013159, 0.014978, -0.037397, 0.026477, 0.011524, 0.005967]

轨迹点 8:
  时间: 0.800000 秒
  关节位置: [-1.244188, 0.672217, 2.177418, -2.327828, -1.678158, 0.018768]
  关节速度: [-0.068277, -0.024241, 0.120338, -0.097891, -0.065074, -0.054292]
  关节加速度: [-0.013346, 0.014433, -0.037105, 0.026603, 0.011713, 0.006016]

轨迹点 9:
  时间: 0.900000 秒
  关节位置: [-1.251151, 0.669932, 2.189083, -2.337349, -1.684546, 0.013400]
  关节速度: [-0.069628, -0.022852, 0.116653, -0.095215, -0.063885, -0.053686]
  关节加速度: [-0.013516, 0.013888, -0.036847, 0.026764, 0.011885, 0.006061]

轨迹点 10:
  时间: 1.000000 秒
  关节位置: [-1.258251, 0.667780, 2.200382, -2.346601, -1.690814, 0.008092]
  关节速度: [-0.070995, -0.021518, 0.112991, -0.092519, -0.062681, -0.053076]
  关节加速度: [-0.013666, 0.013343, -0.036625, 0.026962, 0.012039, 0.006100]

轨迹点 11:
  时间: 1.100000 秒
  关节位置: [-1.265488, 0.665756, 2.211317, -2.355581, -1.696961, 0.002846]
  关节速度: [-0.072375, -0.020238, 0.109347, -0.089799, -0.061464, -0.052463]
  关节加速度: [-0.013796, 0.012797, -0.036435, 0.027195, 0.012173, 0.006133]

轨迹点 12:
  时间: 1.200000 秒
  关节位置: [-1.272865, 0.663855, 2.221889, -2.364286, -1.702984, -0.002339]
  关节速度: [-0.073765, -0.019013, 0.105719, -0.087053, -0.060235, -0.051847]
  关节加速度: [-0.013904, 0.012251, -0.036278, 0.027463, 0.012286, 0.006159]

轨迹点 13:
  时间: 1.300000 秒
  关节位置: [-1.280381, 0.662070, 2.232099, -2.372714, -1.708884, -0.007462]
  关节速度: [-0.075164, -0.017842, 0.102104, -0.084276, -0.058998, -0.051229]
  关节加速度: [-0.013988, 0.011705, -0.036153, 0.027767, 0.012378, 0.006178]

轨迹点 14:
  时间: 1.400000 秒
  关节位置: [-1.288038, 0.660398, 2.241949, -2.380860, -1.714659, -0.012523]
  关节速度: [-0.076569, -0.016726, 0.098498, -0.081466, -0.057753, -0.050610]
  关节加速度: [-0.014047, 0.011159, -0.036059, 0.028105, 0.012447, 0.006187]

轨迹点 15:
  时间: 1.500000 秒
  关节位置: [-1.295836, 0.658831, 2.251439, -2.388722, -1.720310, -0.017522]
  关节速度: [-0.077977, -0.015665, 0.094898, -0.078618, -0.056504, -0.049991]
  关节加速度: [-0.014079, 0.010613, -0.035996, 0.028476, 0.012491, 0.006188]

轨迹点 16:
  时间: 1.600000 秒
  关节位置: [-1.303774, 0.657365, 2.260569, -2.396295, -1.725835, -0.022459]
  关节速度: [-0.079385, -0.014658, 0.091302, -0.075730, -0.055253, -0.049374]
  关节加速度: [-0.014084, 0.010068, -0.035962, 0.028880, 0.012509, 0.006177]

轨迹点 17:
  时间: 1.700000 秒
  关节位置: [-1.311853, 0.655995, 2.269340, -2.403575, -1.731235, -0.027335]
  关节速度: [-0.080791, -0.013706, 0.087706, -0.072798, -0.054003, -0.048758]
  关节加速度: [-0.014060, 0.009525, -0.035958, 0.029316, 0.012502, 0.006156]

轨迹点 18:
  时间: 1.800000 秒
  关节位置: [-1.320072, 0.654714, 2.277750, -2.410557, -1.736511, -0.032150]
  关节速度: [-0.082192, -0.012807, 0.084108, -0.069820, -0.052756, -0.048146]
  关节加速度: [-0.014006, 0.008984, -0.035981, 0.029783, 0.012466, 0.006123]

轨迹点 19:
  时间: 1.900000 秒
  关节位置: [-1.328431, 0.653518, 2.285801, -2.417236, -1.741663, -0.036904]
  关节速度: [-0.083584, -0.011963, 0.080505, -0.066792, -0.051516, -0.047538]
  关节加速度: [-0.013920, 0.008448, -0.036033, 0.030279, 0.012402, 0.006077]

轨迹点 20:
  时间: 2.000000 秒
  关节位置: [-1.336927, 0.652401, 2.293490, -2.423607, -1.746691, -0.041597]
  关节速度: [-0.084964, -0.011171, 0.076894, -0.063712, -0.050285, -0.046937]
  关节加速度: [-0.013802, 0.007915, -0.036111, 0.030803, 0.012309, 0.006017]

轨迹点 21:
  时间: 2.100000 秒
  关节位置: [-1.345560, 0.651358, 2.300818, -2.429665, -1.751598, -0.046231]
  关节速度: [-0.086329, -0.010432, 0.073272, -0.060577, -0.049066, -0.046342]
  关节加速度: [-0.013651, 0.007390, -0.036215, 0.031353, 0.012186, 0.005943]

轨迹点 22:
  时间: 2.200000 秒
  关节位置: [-1.354327, 0.650383, 2.307781, -2.435403, -1.756384, -0.050807]
  关节速度: [-0.087675, -0.009745, 0.069638, -0.057384, -0.047863, -0.045757]
  关节加速度: [-0.013465, 0.006872, -0.036345, 0.031927, 0.012032, 0.005854]

轨迹点 23:
  时间: 2.300000 秒
  关节位置: [-1.363227, 0.649472, 2.314380, -2.440817, -1.761052, -0.055325]
  关节速度: [-0.089000, -0.009109, 0.065988, -0.054132, -0.046678, -0.045182]
  关节加速度: [-0.013245, 0.006364, -0.036498, 0.032522, 0.011848, 0.005750]

轨迹点 24:
  时间: 2.400000 秒
  关节位置: [-1.372257, 0.648620, 2.320612, -2.445898, -1.765603, -0.059787]
  关节速度: [-0.090299, -0.008522, 0.062320, -0.050818, -0.045515, -0.044619]
  关节加速度: [-0.012990, 0.005868, -0.036675, 0.033136, 0.011631, 0.005630]

轨迹点 25:
  时间: 2.500000 秒
  关节位置: [-1.381414, 0.647822, 2.326476, -2.450643, -1.770041, -0.064194]
  关节速度: [-0.091569, -0.007983, 0.058633, -0.047442, -0.044377, -0.044069]
  关节加速度: [-0.012699, 0.005385, -0.036875, 0.033765, 0.011383, 0.005493]

轨迹点 26:
  时间: 2.600000 秒
  关节位置: [-1.390695, 0.647073, 2.331968, -2.455043, -1.774368, -0.068548]
  关节速度: [-0.092806, -0.007491, 0.054924, -0.044001, -0.043267, -0.043535]
  关节加速度: [-0.012372, 0.004919, -0.037095, 0.034408, 0.011104, 0.005340]

轨迹点 27:
  时间: 2.700000 秒
  关节位置: [-1.400095, 0.646368, 2.337087, -2.459092, -1.778586, -0.072849]
  关节速度: [-0.094007, -0.007044, 0.051190, -0.040495, -0.042187, -0.043018]
  关节加速度: [-0.012010, 0.004472, -0.037335, 0.035060, 0.010792, 0.005170]

轨迹点 28:
  时间: 2.800000 秒
  关节位置: [-1.409612, 0.645704, 2.341830, -2.462784, -1.782701, -0.077101]
  关节速度: [-0.095168, -0.006640, 0.047431, -0.036923, -0.041142, -0.042520]
  关节加速度: [-0.011613, 0.004046, -0.037594, 0.035718, 0.010450, 0.004983]

轨迹点 29:
  时间: 2.900000 秒
  关节位置: [-1.419241, 0.645077, 2.346194, -2.466113, -1.786714, -0.081306]
  关节速度: [-0.096286, -0.006275, 0.043644, -0.033285, -0.040135, -0.042042]
  关节加速度: [-0.011181, 0.003644, -0.037871, 0.036377, 0.010077, 0.004779]

轨迹点 30:
  时间: 3.000000 秒
  关节位置: [-1.428977, 0.644482, 2.350177, -2.469071, -1.790631, -0.085464]
  关节速度: [-0.097358, -0.005948, 0.039827, -0.029582, -0.039167, -0.041587]
  关节加速度: [-0.010715, 0.003269, -0.038163, 0.037034, 0.009674, 0.004557]

轨迹点 31:
  时间: 3.100000 秒
  关节位置: [-1.438815, 0.643916, 2.353775, -2.471652, -1.794455, -0.089580]
  关节速度: [-0.098380, -0.005656, 0.035980, -0.025813, -0.038243, -0.041155]
  关节加速度: [-0.010216, 0.002924, -0.038470, 0.037684, 0.009242, 0.004319]

轨迹点 32:
  时间: 3.200000 秒
  关节位置: [-1.448749, 0.643377, 2.356985, -2.473851, -1.798192, -0.093655]
  关节速度: [-0.099348, -0.005395, 0.032101, -0.021981, -0.037365, -0.040748]
  关节加速度: [-0.009685, 0.002612, -0.038790, 0.038324, 0.008782, 0.004065]

轨迹点 33:
  时间: 3.300000 秒
  关节位置: [-1.458776, 0.642861, 2.359804, -2.475659, -1.801845, -0.097692]
  关节速度: [-0.100260, -0.005161, 0.028189, -0.018086, -0.036535, -0.040369]
  关节加速度: [-0.009123, 0.002336, -0.039122, 0.038947, 0.008295, 0.003794]

轨迹点 34:
  时间: 3.400000 秒
  关节位置: [-1.468887, 0.642366, 2.362228, -2.477072, -1.805421, -0.101693]
  关节速度: [-0.101114, -0.004951, 0.024243, -0.014131, -0.035757, -0.040018]
  关节加速度: [-0.008533, 0.002099, -0.039464, 0.039551, 0.007783, 0.003508]

轨迹点 35:
  时间: 3.500000 秒
  关节位置: [-1.479077, 0.641889, 2.364254, -2.478084, -1.808924, -0.105663]
  关节速度: [-0.101905, -0.004761, 0.020261, -0.010118, -0.035032, -0.039697]
  关节加速度: [-0.007916, 0.001903, -0.039814, 0.040129, 0.007248, 0.003208]

轨迹点 36:
  时间: 3.600000 秒
  关节位置: [-1.489341, 0.641431, 2.365879, -2.478689, -1.812360, -0.109604]
  关节速度: [-0.102633, -0.004586, 0.016244, -0.006051, -0.034363, -0.039408]
  关节加速度: [-0.007274, 0.001751, -0.040171, 0.040678, 0.006692, 0.002893]

轨迹点 37:
  时间: 3.700000 秒
  关节位置: [-1.499670, 0.640989, 2.367098, -2.478882, -1.815736, -0.113519]
  关节速度: [-0.103294, -0.004421, 0.012191, -0.001931, -0.033752, -0.039151]
  关节加速度: [-0.006609, 0.001647, -0.040532, 0.041193, 0.006116, 0.002566]

轨迹点 38:
  时间: 3.800000 秒
  关节位置: [-1.510059, 0.640563, 2.367908, -2.478659, -1.819056, -0.117412]
  关节速度: [-0.103886, -0.004262, 0.008101, 0.002236, -0.033199, -0.038929]
  关节加速度: [-0.005924, 0.001591, -0.040898, 0.041671, 0.005523, 0.002227]

轨迹点 39:
  时间: 3.900000 秒
  关节位置: [-1.520499, 0.640152, 2.368306, -2.478014, -1.822326, -0.121286]
  关节速度: [-0.104408, -0.004103, 0.003975, 0.006446, -0.032708, -0.038741]
  关节加速度: [-0.005221, 0.001587, -0.041265, 0.042106, 0.004915, 0.001877]

轨迹点 40:
  时间: 4.000000 秒
  关节位置: [-1.530985, 0.639758, 2.368287, -2.476944, -1.825554, -0.125145]
  关节速度: [-0.104858, -0.003940, -0.000189, 0.010696, -0.032278, -0.038589]
  关节加速度: [-0.004504, 0.001635, -0.041632, 0.042496, 0.004295, 0.001518]

轨迹点 41:
  时间: 4.100000 秒
  关节位置: [-1.541509, 0.639382, 2.367848, -2.475447, -1.828745, -0.128992]
  关节速度: [-0.105236, -0.003766, -0.004388, 0.014980, -0.031912, -0.038474]
  关节加速度: [-0.003776, 0.001738, -0.041999, 0.042837, 0.003666, 0.001150]

轨迹点 42:
  时间: 4.200000 秒
  关节位置: [-1.552063, 0.639024, 2.366985, -2.473517, -1.831906, -0.132832]
  关节速度: [-0.105540, -0.003576, -0.008625, 0.019292, -0.031609, -0.038396]
  关节加速度: [-0.003039, 0.001897, -0.042362, 0.043127, 0.003030, 0.000775]

轨迹点 43:
  时间: 4.300000 秒
  关节位置: [-1.562640, 0.638687, 2.365696, -2.471154, -1.835043, -0.136668]
  关节速度: [-0.105769, -0.003365, -0.012897, 0.023629, -0.031370, -0.038357]
  关节加速度: [-0.002296, 0.002111, -0.042722, 0.043362, 0.002389, 0.000396]

轨迹点 44:
  时间: 4.400000 秒
  关节位置: [-1.573232, 0.638375, 2.363975, -2.468356, -1.838163, -0.140503]
  关节速度: [-0.105925, -0.003127, -0.017204, 0.027983, -0.031195, -0.038356]
  关节加速度: [-0.001551, 0.002381, -0.043076, 0.043542, 0.001748, 0.000012]

轨迹点 45:
  时间: 4.500000 秒
  关节位置: [-1.583833, 0.638089, 2.361821, -2.465121, -1.841271, -0.144342]
  关节速度: [-0.106005, -0.002856, -0.021547, 0.032349, -0.031084, -0.038393]
  关节加速度: [-0.000806, 0.002707, -0.043424, 0.043665, 0.001109, -0.000375]

轨迹点 46:
  时间: 4.600000 秒
  关节位置: [-1.594434, 0.637834, 2.359228, -2.461449, -1.844375, -0.148189]
  关节速度: [-0.106012, -0.002548, -0.025923, 0.036722, -0.031037, -0.038469]
  关节加速度: [-0.000066, 0.003088, -0.043764, 0.043730, 0.000474, -0.000762]

轨迹点 47:
  时间: 4.700000 秒
  关节位置: [-1.605028, 0.637615, 2.356195, -2.457339, -1.847480, -0.152048]
  关节速度: [-0.105945, -0.002195, -0.030333, 0.041096, -0.031052, -0.038584]
  关节加速度: [0.000667, 0.003523, -0.044096, 0.043737, -0.000153, -0.001150]

轨迹点 48:
  时间: 4.800000 秒
  关节位置: [-1.615609, 0.637435, 2.352717, -2.452793, -1.850593, -0.155922]
  关节速度: [-0.105806, -0.001794, -0.034775, 0.045465, -0.031129, -0.038738]
  关节加速度: [0.001389, 0.004009, -0.044419, 0.043687, -0.000771, -0.001535]

轨迹点 49:
  时间: 4.900000 秒
  关节位置: [-1.626169, 0.637301, 2.348793, -2.447811, -1.853720, -0.159815]
  关节速度: [-0.105596, -0.001340, -0.039248, 0.049823, -0.031267, -0.038930]
  关节加速度: [0.002099, 0.004546, -0.044733, 0.043582, -0.001375, -0.001917]

轨迹点 50:
  时间: 5.000000 秒
  关节位置: [-1.636700, 0.637219, 2.344418, -2.442394, -1.856866, -0.163730]
  关节速度: [-0.105317, -0.000827, -0.043752, 0.054165, -0.031463, -0.039159]
  关节加速度: [0.002792, 0.005130, -0.045036, 0.043422, -0.001964, -0.002294]

轨迹点 51:
  时间: 5.100000 秒
  关节位置: [-1.647197, 0.637194, 2.339589, -2.436545, -1.860037, -0.167673]
  关节速度: [-0.104970, -0.000251, -0.048285, 0.058486, -0.031716, -0.039426]
  关节加速度: [0.003466, 0.005758, -0.045330, 0.043211, -0.002535, -0.002666]

轨迹点 52:
  时间: 5.200000 秒
  关节位置: [-1.657653, 0.637233, 2.334304, -2.430267, -1.863240, -0.171646]
  关节速度: [-0.104559, 0.000391, -0.052846, 0.062781, -0.032025, -0.039729]
  关节加速度: [0.004119, 0.006427, -0.045613, 0.042951, -0.003086, -0.003031]

轨迹点 53:
  时间: 5.300000 秒
  关节位置: [-1.668062, 0.637343, 2.328561, -2.423563, -1.866479, -0.175653]
  关节速度: [-0.104084, 0.001105, -0.057435, 0.067046, -0.032387, -0.040068]
  关节加速度: [0.004749, 0.007133, -0.045887, 0.042646, -0.003615, -0.003388]

轨迹点 54:
  时间: 5.400000 秒
  关节位置: [-1.678417, 0.637532, 2.322356, -2.416435, -1.869758, -0.179697]
  关节速度: [-0.103548, 0.001892, -0.062050, 0.071276, -0.032799, -0.040441]
  关节加速度: [0.005352, 0.007873, -0.046152, 0.042300, -0.004120, -0.003735]

轨迹点 55:
  时间: 5.500000 秒
  关节位置: [-1.688712, 0.637808, 2.315687, -2.408888, -1.873084, -0.183782]
  关节速度: [-0.102956, 0.002756, -0.066691, 0.075468, -0.033258, -0.040848]
  关节加速度: [0.005928, 0.008643, -0.046408, 0.041916, -0.004599, -0.004072]

轨迹点 56:
  时间: 5.600000 秒
  关节位置: [-1.698943, 0.638178, 2.308551, -2.400927, -1.876461, -0.187910]
  关节速度: [-0.102308, 0.003700, -0.071356, 0.079618, -0.033764, -0.041288]
  关节加速度: [0.006474, 0.009438, -0.046655, 0.041501, -0.005051, -0.004399]

轨迹点 57:
  时间: 5.700000 秒
  关节位置: [-1.709104, 0.638651, 2.300947, -2.392554, -1.879892, -0.192086]
  关节速度: [-0.101609, 0.004726, -0.076046, 0.083723, -0.034311, -0.041760]
  关节加速度: [0.006990, 0.010254, -0.046896, 0.041058, -0.005475, -0.004714]

轨迹点 58:
  时间: 5.800000 秒
  关节位置: [-1.719190, 0.639234, 2.292871, -2.383776, -1.883382, -0.196313]
  关节速度: [-0.100862, 0.005834, -0.080759, 0.087783, -0.034898, -0.042261]
  关节加速度: [0.007473, 0.011088, -0.047131, 0.040593, -0.005869, -0.005017]

轨迹点 59:
  时间: 5.900000 秒
  关节位置: [-1.729197, 0.639937, 2.284321, -2.374597, -1.886934, -0.200592]
  关节速度: [-0.100070, 0.007028, -0.085495, 0.091794, -0.035521, -0.042792]
  关节加速度: [0.007924, 0.011935, -0.047362, 0.040110, -0.006233, -0.005308]

轨迹点 60:
  时间: 6.000000 秒
  关节位置: [-1.739121, 0.640767, 2.275296, -2.365021, -1.890552, -0.204927]
  关节速度: [-0.099235, 0.008307, -0.090254, 0.095755, -0.036178, -0.043351]
  关节加速度: [0.008341, 0.012790, -0.047590, 0.039616, -0.006566, -0.005586]

轨迹点 61:
  时间: 6.100000 秒
  关节位置: [-1.748957, 0.641735, 2.265792, -2.355054, -1.894238, -0.209320]
  关节速度: [-0.098363, 0.009672, -0.095036, 0.099667, -0.036865, -0.043936]
  关节加速度: [0.008725, 0.013652, -0.047817, 0.039116, -0.006868, -0.005851]

轨迹点 62:
  时间: 6.200000 秒
  关节位置: [-1.758702, 0.642847, 2.255808, -2.344702, -1.897996, -0.213775]
  关节速度: [-0.097456, 0.011123, -0.099840, 0.103528, -0.037579, -0.044546]
  关节加速度: [0.009074, 0.014514, -0.048044, 0.038614, -0.007139, -0.006103]

轨迹点 63:
  时间: 6.300000 秒
  关节位置: [-1.768354, 0.644113, 2.245342, -2.333968, -1.901828, -0.218293]
  关节速度: [-0.096517, 0.012661, -0.104668, 0.107340, -0.038317, -0.045180]
  关节加速度: [0.009390, 0.015376, -0.048274, 0.038117, -0.007378, -0.006341]

轨迹点 64:
  时间: 6.400000 秒
  关节位置: [-1.777909, 0.645541, 2.234390, -2.322857, -1.905735, -0.222877]
  关节速度: [-0.095549, 0.014284, -0.109519, 0.111103, -0.039075, -0.045837]
  关节加速度: [0.009671, 0.016233, -0.048510, 0.037629, -0.007587, -0.006567]

轨迹点 65:
  时间: 6.500000 秒
  关节位置: [-1.787365, 0.647141, 2.222950, -2.311376, -1.909720, -0.227528]
  关节速度: [-0.094557, 0.015993, -0.114394, 0.114818, -0.039852, -0.046515]
  关节加速度: [0.009920, 0.017083, -0.048753, 0.037155, -0.007764, -0.006780]

轨迹点 66:
  时间: 6.600000 秒
  关节位置: [-1.796719, 0.648919, 2.211021, -2.299527, -1.913784, -0.232250]
  关节速度: [-0.093544, 0.017785, -0.119294, 0.118488, -0.040643, -0.047213]
  关节加速度: [0.010136, 0.017923, -0.049005, 0.036700, -0.007912, -0.006980]

轨迹点 67:
  时间: 6.700000 秒
  关节位置: [-1.805970, 0.650885, 2.198599, -2.287315, -1.917929, -0.237043]
  关节速度: [-0.092512, 0.019660, -0.124221, 0.122115, -0.041446, -0.047930]
  关节加速度: [0.010319, 0.018753, -0.049270, 0.036268, -0.008030, -0.007168]

轨迹点 68:
  时间: 6.800000 秒
  关节位置: [-1.815117, 0.653047, 2.185681, -2.274745, -1.922155, -0.241909]
  关节速度: [-0.091465, 0.021617, -0.129176, 0.125701, -0.042258, -0.048664]
  关节加速度: [0.010473, 0.019569, -0.049551, 0.035864, -0.008120, -0.007345]

轨迹点 69:
  时间: 6.900000 秒
  关节位置: [-1.824157, 0.655412, 2.172265, -2.261820, -1.926462, -0.246851]
  关节速度: [-0.090405, 0.023654, -0.134161, 0.129251, -0.043076, -0.049415]
  关节加速度: [0.010596, 0.020372, -0.049850, 0.035492, -0.008182, -0.007510]

轨迹点 70:
  时间: 7.000000 秒
  关节位置: [-1.833091, 0.657989, 2.158347, -2.248543, -1.930852, -0.251869]
  关节速度: [-0.089336, 0.025770, -0.139178, 0.132766, -0.043898, -0.050182]
  关节加速度: [0.010690, 0.021160, -0.050170, 0.035155, -0.008217, -0.007664]

轨迹点 71:
  时间: 7.100000 秒
  关节位置: [-1.841917, 0.660786, 2.143924, -2.234918, -1.935324, -0.256965]
  关节速度: [-0.088260, 0.027964, -0.144230, 0.136252, -0.044720, -0.050963]
  关节加速度: [0.010758, 0.021934, -0.050515, 0.034857, -0.008227, -0.007809]

轨迹点 72:
  时间: 7.200000 秒
  关节位置: [-1.850635, 0.663809, 2.128992, -2.220947, -1.939878, -0.262141]
  关节速度: [-0.087180, 0.030233, -0.149319, 0.139712, -0.045542, -0.051757]
  关节加速度: [0.010799, 0.022693, -0.050889, 0.034601, -0.008213, -0.007943]

轨迹点 73:
  时间: 7.300000 秒
  关节位置: [-1.859245, 0.667067, 2.113547, -2.206632, -1.944514, -0.267397]
  关节速度: [-0.086099, 0.032577, -0.154448, 0.143151, -0.046359, -0.052564]
  关节加速度: [0.010816, 0.023439, -0.051294, 0.034391, -0.008175, -0.008069]

轨迹点 74:
  时间: 7.400000 秒
  关节位置: [-1.867747, 0.670566, 2.097585, -2.191975, -1.949231, -0.272735]
  关节速度: [-0.085018, 0.034994, -0.159622, 0.146574, -0.047171, -0.053383]
  关节加速度: [0.010809, 0.024171, -0.051735, 0.034230, -0.008116, -0.008186]

轨迹点 75:
  时间: 7.500000 秒
  关节位置: [-1.876141, 0.674314, 2.081101, -2.176976, -1.954029, -0.278157]
  关节速度: [-0.083940, 0.037483, -0.164843, 0.149986, -0.047975, -0.054212]
  关节加速度: [0.010781, 0.024892, -0.052217, 0.034120, -0.008037, -0.008296]

轨迹点 76:
  时间: 7.600000 秒
  关节位置: [-1.884427, 0.678319, 2.064089, -2.161637, -1.958906, -0.283662]
  关节速度: [-0.082867, 0.040043, -0.170118, 0.153392, -0.048768, -0.055052]
  关节加速度: [0.010732, 0.025603, -0.052743, 0.034064, -0.007938, -0.008399]

轨迹点 77:
  时间: 7.700000 秒
  关节位置: [-1.892607, 0.682586, 2.046544, -2.145957, -1.963861, -0.289252]
  关节速度: [-0.081800, 0.042674, -0.175450, 0.156799, -0.049551, -0.055902]
  关节加速度: [0.010665, 0.026306, -0.053319, 0.034066, -0.007822, -0.008495]

轨迹点 78:
  时间: 7.800000 秒
  关节位置: [-1.900682, 0.687124, 2.028460, -2.129936, -1.968893, -0.294928]
  关节速度: [-0.080742, 0.045375, -0.180844, 0.160212, -0.050319, -0.056760]
  关节加速度: [0.010580, 0.027005, -0.053949, 0.034126, -0.007688, -0.008586]

轨迹点 79:
  时间: 7.900000 秒
  关节位置: [-1.908651, 0.691938, 2.009829, -2.113572, -1.974000, -0.300691]
  关节速度: [-0.079694, 0.048145, -0.186308, 0.163637, -0.051073, -0.057627]
  关节加速度: [0.010480, 0.027701, -0.054639, 0.034249, -0.007540, -0.008672]

轨迹点 80:
  时间: 8.000000 秒
  关节位置: [-1.916517, 0.697037, 1.990644, -2.096864, -1.979181, -0.306541]
  关节速度: [-0.078658, 0.050984, -0.191848, 0.167080, -0.051811, -0.058503]
  关节加速度: [0.010365, 0.028398, -0.055396, 0.034438, -0.007377, -0.008753]

轨迹点 81:
  时间: 8.100000 秒
  关节位置: [-1.924280, 0.702426, 1.970897, -2.079809, -1.984434, -0.312480]
  关节速度: [-0.077634, 0.053895, -0.197471, 0.170550, -0.052531, -0.059386]
  关节加速度: [0.010237, 0.029100, -0.056226, 0.034694, -0.007202, -0.008831]

轨迹点 82:
  时间: 8.200000 秒
  关节位置: [-1.931943, 0.708114, 1.950579, -2.062404, -1.989758, -0.318507]
  关节速度: [-0.076624, 0.056876, -0.203184, 0.174052, -0.053233, -0.060276]
  关节加速度: [0.010098, 0.029811, -0.057135, 0.035022, -0.007015, -0.008906]

轨迹点 83:
  时间: 8.300000 秒
  关节位置: [-1.939506, 0.714106, 1.929679, -2.044644, -1.995149, -0.324625]
  关节速度: [-0.075629, 0.059929, -0.208997, 0.177595, -0.053914, -0.061174]
  关节加速度: [0.009947, 0.030536, -0.058133, 0.035425, -0.006817, -0.008978]

轨迹点 84:
  时间: 8.400000 秒
  关节位置: [-1.946971, 0.720412, 1.908187, -2.026526, -2.000607, -0.330832]
  关节速度: [-0.074651, 0.063057, -0.214920, 0.181185, -0.054575, -0.062079]
  关节加速度: [0.009788, 0.031278, -0.059228, 0.035908, -0.006609, -0.009048]

轨迹点 85:
  时间: 8.500000 秒
  关节位置: [-1.954340, 0.727038, 1.886091, -2.008042, -2.006128, -0.337132]
  关节速度: [-0.073689, 0.066262, -0.220963, 0.184833, -0.055215, -0.062991]
  关节加速度: [0.009620, 0.032045, -0.060430, 0.036473, -0.006393, -0.009116]

轨迹点 86:
  时间: 8.600000 秒
  关节位置: [-1.961607, 0.733986, 1.863399, -1.989206, -2.011706, -0.343516]
  关节速度: [-0.072676, 0.069478, -0.226920, 0.188365, -0.055778, -0.063848]
  关节加速度: [0.010130, 0.032168, -0.059570, 0.035324, -0.005638, -0.008574]

轨迹点 87:
  时间: 8.684786 秒
  关节位置: [-1.964522, 0.736893, 1.854036, -1.981475, -2.013980, -0.346127]
  关节速度: [0.000000, 0.000000, 0.000000, 0.000000, 0.000000, 0.000000]
  关节加速度: [0.000000, 0.000000, 0.000000, 0.000000, 0.000000, 0.000000]

