详细轨迹分析报告
====================
轨迹点数: 88
轨迹总时间: 8.680 秒
关节名称: 
  0: joint1
  1: joint2
  2: joint3
  3: joint4
  4: joint5
  5: joint6

详细轨迹点信息:
================
轨迹点 0:
  时间: 0.000000 秒
  关节位置: [-1.195927, 0.693717, 2.077207, -2.245545, -1.626955, 0.061944]
  关节速度: [0.000000, 0.000000, 0.000000, 0.000000, 0.000000, 0.000000]
  关节加速度: [0.000000, 0.000000, 0.000000, 0.000000, 0.000000, 0.000000]

轨迹点 1:
  时间: 0.100000 秒
  关节位置: [-1.199245, 0.691773, 2.085324, -2.251987, -1.630983, 0.058702]
  关节速度: [-0.033177, -0.019444, 0.081170, -0.064426, -0.040278, -0.032417]
  关节加速度: [-0.331773, -0.194437, 0.811696, -0.644265, -0.402780, -0.324167]

轨迹点 2:
  时间: 0.200000 秒
  关节位置: [-1.205311, 0.688410, 2.099628, -2.263379, -1.638152, 0.052911]
  关节速度: [-0.060657, -0.033625, 0.143044, -0.113916, -0.071691, -0.057907]
  关节加速度: [-0.274792, -0.141810, 0.618744, -0.494900, -0.314130, -0.254898]

轨迹点 3:
  时间: 0.300000 秒
  关节位置: [-1.211499, 0.685220, 2.113543, -2.274507, -1.645215, 0.047178]
  关节速度: [-0.061883, -0.031905, 0.139149, -0.111284, -0.070629, -0.057331]
  关节加速度: [-0.012266, 0.017194, -0.038953, 0.026327, 0.010621, 0.005754]

轨迹点 4:
  时间: 0.400000 秒
  关节位置: [-1.217813, 0.682196, 2.127073, -2.285373, -1.652169, 0.041503]
  关节速度: [-0.063134, -0.030241, 0.135298, -0.108653, -0.069542, -0.056750]
  关节加速度: [-0.012511, 0.016643, -0.038508, 0.026305, 0.010865, 0.005813]

轨迹点 5:
  时间: 0.500000 秒
  关节位置: [-1.224253, 0.679333, 2.140222, -2.295975, -1.659012, 0.035887]
  关节速度: [-0.064408, -0.028631, 0.131487, -0.106021, -0.068433, -0.056163]
  关节加速度: [-0.012742, 0.016095, -0.038104, 0.026321, 0.011097, 0.005871]

轨迹点 6:
  时间: 0.600000 秒
  关节位置: [-1.230824, 0.676625, 2.152993, -2.306313, -1.665743, 0.030330]
  关节速度: [-0.065704, -0.027077, 0.127714, -0.103384, -0.067301, -0.055570]
  关节加速度: [-0.012960, 0.015548, -0.037739, 0.026374, 0.011316, 0.005926]

轨迹点 7:
  时间: 0.700000 秒
  关节位置: [-1.237526, 0.674067, 2.165390, -2.316387, -1.672357, 0.024833]
  关节速度: [-0.067021, -0.025576, 0.123972, -0.100737, -0.066149, -0.054972]
  关节加速度: [-0.013163, 0.015002, -0.037411, 0.026464, 0.011520, 0.005978]

轨迹点 8:
  时间: 0.800000 秒
  关节位置: [-1.244362, 0.671654, 2.177417, -2.326195, -1.678855, 0.019396]
  关节速度: [-0.068356, -0.024131, 0.120260, -0.098078, -0.064978, -0.054370]
  关节加速度: [-0.013350, 0.014457, -0.037119, 0.026590, 0.011708, 0.006027]

轨迹点 9:
  时间: 0.900000 秒
  关节位置: [-1.251332, 0.669380, 2.189074, -2.335735, -1.685234, 0.014019]
  关节速度: [-0.069708, -0.022740, 0.116574, -0.095403, -0.063790, -0.053763]
  关节加速度: [-0.013519, 0.013911, -0.036863, 0.026753, 0.011879, 0.006071]

轨迹点 10:
  时间: 1.000000 秒
  关节位置: [-1.258440, 0.667240, 2.200365, -2.345006, -1.691493, 0.008704]
  关节速度: [-0.071074, -0.021403, 0.112910, -0.092708, -0.062587, -0.053152]
  关节加速度: [-0.013668, 0.013366, -0.036640, 0.026952, 0.012033, 0.006109]

轨迹点 11:
  时间: 1.100000 秒
  关节位置: [-1.265685, 0.665228, 2.211291, -2.354005, -1.697630, 0.003450]
  关节速度: [-0.072454, -0.020121, 0.109265, -0.089989, -0.061371, -0.052538]
  关节加速度: [-0.013797, 0.012819, -0.036452, 0.027187, 0.012166, 0.006141]

轨迹点 12:
  时间: 1.200000 秒
  关节位置: [-1.273070, 0.663338, 2.221855, -2.362729, -1.703644, -0.001742]
  关节速度: [-0.073845, -0.018894, 0.105635, -0.087244, -0.060143, -0.051921]
  关节加速度: [-0.013904, 0.012273, -0.036295, 0.027457, 0.012279, 0.006167]

轨迹点 13:
  时间: 1.300000 秒
  关节位置: [-1.280594, 0.661566, 2.232057, -2.371176, -1.709535, -0.006872]
  关节速度: [-0.075243, -0.017721, 0.102018, -0.084467, -0.058906, -0.051303]
  关节加速度: [-0.013987, 0.011726, -0.036171, 0.027762, 0.012370, 0.006184]

轨迹点 14:
  时间: 1.400000 秒
  关节位置: [-1.288259, 0.659906, 2.241898, -2.379342, -1.715301, -0.011940]
  关节速度: [-0.076648, -0.016603, 0.098411, -0.081657, -0.057662, -0.050683]
  关节加速度: [-0.014045, 0.011179, -0.036078, 0.028101, 0.012438, 0.006193]

轨迹点 15:
  时间: 1.500000 秒
  关节位置: [-1.296064, 0.658352, 2.251379, -2.387223, -1.720943, -0.016947]
  关节速度: [-0.078055, -0.015540, 0.094809, -0.078810, -0.056414, -0.050064]
  关节加速度: [-0.014077, 0.010632, -0.036015, 0.028474, 0.012482, 0.006192]

轨迹点 16:
  时间: 1.600000 秒
  关节位置: [-1.304011, 0.656899, 2.260500, -2.394815, -1.726459, -0.021891]
  关节速度: [-0.079463, -0.014531, 0.091211, -0.075922, -0.055164, -0.049446]
  关节加速度: [-0.014080, 0.010086, -0.035982, 0.028880, 0.012500, 0.006181]

轨迹点 17:
  时间: 1.700000 秒
  关节位置: [-1.312097, 0.655541, 2.269261, -2.402114, -1.731850, -0.026774]
  关节速度: [-0.080869, -0.013577, 0.087613, -0.072990, -0.053914, -0.048830]
  关节加速度: [-0.014055, 0.009542, -0.035978, 0.029318, 0.012492, 0.006159]

轨迹点 18:
  时间: 1.800000 秒
  关节位置: [-1.320324, 0.654273, 2.277662, -2.409115, -1.737117, -0.031596]
  关节速度: [-0.082269, -0.012677, 0.084013, -0.070011, -0.052669, -0.048218]
  关节加速度: [-0.014000, 0.009001, -0.036002, 0.029787, 0.012456, 0.006124]

轨迹点 19:
  时间: 1.900000 秒
  关节位置: [-1.328690, 0.653090, 2.285703, -2.415813, -1.742260, -0.036357]
  关节速度: [-0.083660, -0.011831, 0.080408, -0.066983, -0.051430, -0.047610]
  关节加速度: [-0.013913, 0.008463, -0.036054, 0.030285, 0.012391, 0.006077]

轨迹点 20:
  时间: 2.000000 秒
  关节位置: [-1.337194, 0.651986, 2.293383, -2.422203, -1.747280, -0.041058]
  关节速度: [-0.085040, -0.011038, 0.076794, -0.063902, -0.050200, -0.047008]
  关节加速度: [-0.013794, 0.007929, -0.036133, 0.030811, 0.012298, 0.006016]

轨迹点 21:
  时间: 2.100000 秒
  关节位置: [-1.345835, 0.650957, 2.300700, -2.428280, -1.752178, -0.045699]
  关节速度: [-0.086404, -0.010298, 0.073171, -0.060765, -0.048983, -0.046414]
  关节加速度: [-0.013641, 0.007403, -0.036237, 0.031363, 0.012174, 0.005941]

轨迹点 22:
  时间: 2.200000 秒
  关节位置: [-1.354610, 0.649996, 2.307653, -2.434037, -1.756956, -0.050282]
  关节速度: [-0.087749, -0.009609, 0.069534, -0.057572, -0.047781, -0.045829]
  关节加速度: [-0.013455, 0.006884, -0.036367, 0.031939, 0.012020, 0.005851]

轨迹点 23:
  时间: 2.300000 秒
  关节位置: [-1.363517, 0.649099, 2.314241, -2.439469, -1.761616, -0.054808]
  关节速度: [-0.089072, -0.008972, 0.065882, -0.054318, -0.046597, -0.045254]
  关节加速度: [-0.013233, 0.006374, -0.036521, 0.032536, 0.011834, 0.005746]

轨迹点 24:
  时间: 2.400000 秒
  关节位置: [-1.372554, 0.648260, 2.320462, -2.444569, -1.766160, -0.059277]
  关节速度: [-0.090370, -0.008384, 0.062212, -0.051003, -0.045435, -0.044692]
  关节加速度: [-0.012977, 0.005877, -0.036698, 0.033152, 0.011617, 0.005624]

轨迹点 25:
  时间: 2.500000 秒
  关节位置: [-1.381718, 0.647476, 2.326315, -2.449332, -1.770590, -0.063691]
  关节速度: [-0.091639, -0.007845, 0.058522, -0.047624, -0.044299, -0.044143]
  关节加速度: [-0.012685, 0.005393, -0.036898, 0.033784, 0.011369, 0.005487]

轨迹点 26:
  时间: 2.600000 秒
  关节位置: [-1.391005, 0.646740, 2.331796, -2.453750, -1.774909, -0.068052]
  关节速度: [-0.092874, -0.007352, 0.054810, -0.044182, -0.043190, -0.043610]
  关节加速度: [-0.012357, 0.004926, -0.037118, 0.034429, 0.011088, 0.005332]

轨迹点 27:
  时间: 2.700000 秒
  关节位置: [-1.400413, 0.646050, 2.336903, -2.457817, -1.779120, -0.072362]
  关节速度: [-0.094074, -0.006905, 0.051075, -0.040673, -0.042112, -0.043094]
  关节加速度: [-0.011994, 0.004477, -0.037358, 0.035083, 0.010777, 0.005161]

轨迹点 28:
  时间: 2.800000 秒
  关节位置: [-1.409936, 0.645400, 2.341634, -2.461527, -1.783227, -0.076621]
  关节速度: [-0.095233, -0.006500, 0.047313, -0.037099, -0.041069, -0.042597]
  关节加速度: [-0.011596, 0.004050, -0.037618, 0.035742, 0.010434, 0.004972]

轨迹点 29:
  时间: 2.900000 秒
  关节位置: [-1.419571, 0.644787, 2.345987, -2.464873, -1.787233, -0.080833]
  关节速度: [-0.096350, -0.006135, 0.043523, -0.033459, -0.040063, -0.042120]
  关节加速度: [-0.011163, 0.003647, -0.037894, 0.036404, 0.010060, 0.004766]

轨迹点 30:
  时间: 3.000000 秒
  关节位置: [-1.429313, 0.644206, 2.349957, -2.467848, -1.791143, -0.085000]
  关节速度: [-0.097419, -0.005808, 0.039705, -0.029752, -0.039097, -0.041666]
  关节加速度: [-0.010696, 0.003271, -0.038186, 0.037062, 0.009657, 0.004544]

轨迹点 31:
  时间: 3.100000 秒
  关节位置: [-1.439157, 0.643654, 2.353543, -2.470446, -1.794960, -0.089123]
  关节速度: [-0.098439, -0.005515, 0.035855, -0.025981, -0.038175, -0.041235]
  关节加速度: [-0.010196, 0.002925, -0.038493, 0.037715, 0.009224, 0.004305]

轨迹点 32:
  时间: 3.200000 秒
  关节位置: [-1.449097, 0.643129, 2.356740, -2.472661, -1.798690, -0.093206]
  关节速度: [-0.099405, -0.005254, 0.031974, -0.022145, -0.037298, -0.040830]
  关节加速度: [-0.009664, 0.002612, -0.038813, 0.038356, 0.008764, 0.004049]

轨迹点 33:
  时间: 3.300000 秒
  关节位置: [-1.459129, 0.642627, 2.359546, -2.474485, -1.802337, -0.097252]
  关节速度: [-0.100315, -0.005021, 0.028060, -0.018247, -0.036471, -0.040453]
  关节加速度: [-0.009101, 0.002335, -0.039145, 0.038981, 0.008277, 0.003777]

轨迹点 34:
  时间: 3.400000 秒
  关节位置: [-1.469245, 0.642146, 2.361957, -2.475914, -1.805906, -0.101262]
  关节速度: [-0.101166, -0.004811, 0.024111, -0.014289, -0.035694, -0.040104]
  关节加速度: [-0.008510, 0.002096, -0.039486, 0.039586, 0.007765, 0.003490]

轨迹点 35:
  时间: 3.500000 秒
  关节位置: [-1.479441, 0.641684, 2.363970, -2.476942, -1.809403, -0.105241]
  关节速度: [-0.101955, -0.004621, 0.020127, -0.010272, -0.034971, -0.039785]
  关节加速度: [-0.007892, 0.001900, -0.039836, 0.040165, 0.007230, 0.003189]

轨迹点 36:
  时间: 3.600000 秒
  关节位置: [-1.489709, 0.641239, 2.365581, -2.477562, -1.812834, -0.109190]
  关节速度: [-0.102680, -0.004446, 0.016108, -0.006201, -0.034304, -0.039498]
  关节加速度: [-0.007249, 0.001747, -0.040193, 0.040716, 0.006673, 0.002873]

轨迹点 37:
  时间: 3.700000 秒
  关节位置: [-1.500043, 0.640811, 2.366786, -2.477769, -1.816203, -0.113115]
  关节速度: [-0.103339, -0.004282, 0.012053, -0.002077, -0.033694, -0.039243]
  关节加速度: [-0.006584, 0.001642, -0.040554, 0.041232, 0.006097, 0.002545]

轨迹点 38:
  时间: 3.800000 秒
  关节位置: [-1.510435, 0.640398, 2.367582, -2.477560, -1.819518, -0.117017]
  关节速度: [-0.103928, -0.004123, 0.007961, 0.002094, -0.033144, -0.039023]
  关节加速度: [-0.005898, 0.001585, -0.040919, 0.041711, 0.005504, 0.002205]

轨迹点 39:
  时间: 3.900000 秒
  关节位置: [-1.520880, 0.640002, 2.367965, -2.476929, -1.822783, -0.120901]
  关节速度: [-0.104448, -0.003965, 0.003832, 0.006308, -0.032654, -0.038837]
  关节加速度: [-0.005196, 0.001580, -0.041286, 0.042147, 0.004896, 0.001854]

轨迹点 40:
  时间: 4.000000 秒
  关节位置: [-1.531370, 0.639622, 2.367932, -2.475873, -1.826006, -0.124769]
  关节速度: [-0.104896, -0.003803, -0.000333, 0.010562, -0.032226, -0.038688]
  关节加速度: [-0.004478, 0.001628, -0.041653, 0.042538, 0.004276, 0.001494]

轨迹点 41:
  时间: 4.100000 秒
  关节位置: [-1.541897, 0.639259, 2.367479, -2.474388, -1.829192, -0.128627]
  关节速度: [-0.105271, -0.003630, -0.004535, 0.014850, -0.031862, -0.038575]
  关节加速度: [-0.003750, 0.001731, -0.042018, 0.042880, 0.003647, 0.001125]

轨迹点 42:
  时间: 4.200000 秒
  关节位置: [-1.552454, 0.638915, 2.366601, -2.472471, -1.832348, -0.132477]
  关节速度: [-0.105572, -0.003441, -0.008773, 0.019167, -0.031561, -0.038500]
  关节加速度: [-0.003012, 0.001888, -0.042381, 0.043170, 0.003011, 0.000750]

轨迹点 43:
  时间: 4.300000 秒
  关节位置: [-1.563034, 0.638592, 2.365297, -2.470120, -1.835480, -0.136323]
  关节速度: [-0.105799, -0.003231, -0.013047, 0.023508, -0.031323, -0.038463]
  关节加速度: [-0.002269, 0.002102, -0.042740, 0.043406, 0.002372, 0.000370]

轨迹点 44:
  时间: 4.400000 秒
  关节位置: [-1.573629, 0.638292, 2.363561, -2.467334, -1.838595, -0.140170]
  关节速度: [-0.105951, -0.002993, -0.017356, 0.027867, -0.031150, -0.038465]
  关节加速度: [-0.001524, 0.002372, -0.043094, 0.043587, 0.001731, -0.000015]

轨迹点 45:
  时间: 4.500000 秒
  关节位置: [-1.584232, 0.638020, 2.361391, -2.464110, -1.841699, -0.144020]
  关节速度: [-0.106030, -0.002724, -0.021701, 0.032238, -0.031041, -0.038505]
  关节加速度: [-0.000780, 0.002697, -0.043441, 0.043710, 0.001092, -0.000401]

轨迹点 46:
  时间: 4.600000 秒
  关节位置: [-1.594836, 0.637778, 2.358783, -2.460449, -1.844799, -0.147879]
  关节速度: [-0.106034, -0.002416, -0.026079, 0.036615, -0.030995, -0.038584]
  关节加速度: [-0.000041, 0.003078, -0.043781, 0.043775, 0.000458, -0.000789]

轨迹点 47:
  时间: 4.700000 秒
  关节位置: [-1.605432, 0.637572, 2.355734, -2.456349, -1.847900, -0.151749]
  关节速度: [-0.105964, -0.002065, -0.030490, 0.040993, -0.031012, -0.038702]
  关节加速度: [0.000692, 0.003512, -0.044112, 0.043783, -0.000169, -0.001177]

轨迹点 48:
  时间: 4.800000 秒
  关节位置: [-1.616014, 0.637405, 2.352241, -2.451813, -1.851009, -0.155635]
  关节速度: [-0.105823, -0.001665, -0.034933, 0.045367, -0.031091, -0.038858]
  关节加速度: [0.001414, 0.003998, -0.044435, 0.043734, -0.000786, -0.001562]

轨迹点 49:
  时间: 4.900000 秒
  关节位置: [-1.626575, 0.637284, 2.348300, -2.446840, -1.854132, -0.159540]
  关节速度: [-0.105611, -0.001211, -0.039408, 0.049730, -0.031230, -0.039052]
  关节加速度: [0.002123, 0.004535, -0.044748, 0.043628, -0.001389, -0.001944]

轨迹点 50:
  时间: 5.000000 秒
  关节位置: [-1.637108, 0.637214, 2.343909, -2.441432, -1.857275, -0.163468]
  关节速度: [-0.105329, -0.000699, -0.043913, 0.054076, -0.031427, -0.039284]
  关节加速度: [0.002815, 0.005118, -0.045051, 0.043469, -0.001977, -0.002322]

轨迹点 51:
  时间: 5.100000 秒
  关节位置: [-1.647606, 0.637202, 2.339064, -2.435592, -1.860443, -0.167424]
  关节速度: [-0.104980, -0.000125, -0.048448, 0.058402, -0.031682, -0.039554]
  关节加速度: [0.003489, 0.005746, -0.045344, 0.043258, -0.002548, -0.002693]

轨迹点 52:
  时间: 5.200000 秒
  关节位置: [-1.658063, 0.637253, 2.333763, -2.429321, -1.863642, -0.171410]
  关节速度: [-0.104566, 0.000517, -0.053010, 0.062702, -0.031992, -0.039859]
  关节加速度: [0.004141, 0.006414, -0.045627, 0.042999, -0.003098, -0.003058]

轨迹点 53:
  时间: 5.300000 秒
  关节位置: [-1.668472, 0.637376, 2.328003, -2.422624, -1.866878, -0.175430]
  关节速度: [-0.104089, 0.001229, -0.057600, 0.066972, -0.032355, -0.040201]
  关节加速度: [0.004769, 0.007121, -0.045900, 0.042694, -0.003626, -0.003414]

轨迹点 54:
  时间: 5.400000 秒
  关节位置: [-1.678827, 0.637578, 2.321781, -2.415504, -1.870155, -0.179487]
  关节速度: [-0.103552, 0.002015, -0.062217, 0.071206, -0.032768, -0.040577]
  关节加速度: [0.005372, 0.007860, -0.046164, 0.042348, -0.004130, -0.003761]

轨迹点 55:
  时间: 5.500000 秒
  关节位置: [-1.689123, 0.637866, 2.315095, -2.407963, -1.873477, -0.183586]
  关节速度: [-0.102957, 0.002878, -0.066859, 0.075403, -0.033228, -0.040987]
  关节加速度: [0.005947, 0.008630, -0.046420, 0.041965, -0.004608, -0.004098]

轨迹点 56:
  时间: 5.600000 秒
  关节位置: [-1.699354, 0.638248, 2.307943, -2.400008, -1.876851, -0.187729]
  关节速度: [-0.102308, 0.003820, -0.071525, 0.079558, -0.033734, -0.041429]
  关节加速度: [0.006492, 0.009424, -0.046667, 0.041549, -0.005059, -0.004424]

轨迹点 57:
  时间: 5.700000 秒
  关节位置: [-1.709514, 0.638732, 2.300321, -2.391641, -1.880279, -0.191919]
  关节速度: [-0.101607, 0.004844, -0.076216, 0.083668, -0.034283, -0.041903]
  关节加速度: [0.007007, 0.010241, -0.046908, 0.041107, -0.005482, -0.004739]

轨迹点 58:
  时间: 5.800000 秒
  关节位置: [-1.719600, 0.639327, 2.292228, -2.382868, -1.883766, -0.196160]
  关节速度: [-0.100859, 0.005952, -0.080931, 0.087733, -0.034870, -0.042407]
  关节加速度: [0.007489, 0.011074, -0.047143, 0.040642, -0.005875, -0.005042]

轨迹点 59:
  时间: 5.900000 秒
  关节位置: [-1.729607, 0.640041, 2.283661, -2.373693, -1.887316, -0.200454]
  关节速度: [-0.100065, 0.007144, -0.085668, 0.091749, -0.035494, -0.042940]
  关节加速度: [0.007939, 0.011921, -0.047374, 0.040160, -0.006238, -0.005332]

轨迹点 60:
  时间: 6.000000 秒
  关节位置: [-1.739530, 0.640884, 2.274618, -2.364121, -1.890931, -0.204804]
  关节速度: [-0.099229, 0.008421, -0.090428, 0.095715, -0.036151, -0.043501]
  关节加速度: [0.008355, 0.012776, -0.047602, 0.039666, -0.006570, -0.005609]

轨迹点 61:
  时间: 6.100000 秒
  关节位置: [-1.749365, 0.641862, 2.265097, -2.354158, -1.894614, -0.209213]
  关节速度: [-0.098355, 0.009785, -0.095211, 0.099632, -0.036838, -0.044089]
  关节加速度: [0.008737, 0.013637, -0.047829, 0.039166, -0.006871, -0.005873]

轨迹点 62:
  时间: 6.200000 秒
  关节位置: [-1.759110, 0.642986, 2.255096, -2.343808, -1.898370, -0.213683]
  关节速度: [-0.097447, 0.011235, -0.100017, 0.103498, -0.037552, -0.044701]
  关节加速度: [0.009086, 0.014500, -0.048056, 0.038665, -0.007141, -0.006125]

轨迹点 63:
  时间: 6.300000 秒
  关节位置: [-1.768760, 0.644263, 2.244611, -2.333077, -1.902199, -0.218217]
  关节速度: [-0.096507, 0.012771, -0.104845, 0.107315, -0.038290, -0.045337]
  关节加速度: [0.009400, 0.015361, -0.048287, 0.038168, -0.007379, -0.006363]

轨迹点 64:
  时间: 6.400000 秒
  关节位置: [-1.778314, 0.645702, 2.233641, -2.321968, -1.906103, -0.222816]
  关节速度: [-0.095539, 0.014393, -0.109698, 0.111083, -0.039049, -0.045996]
  关节加速度: [0.009681, 0.016218, -0.048523, 0.037681, -0.007587, -0.006588]

轨迹点 65:
  时间: 6.500000 秒
  关节位置: [-1.787769, 0.647312, 2.222184, -2.310488, -1.910086, -0.227484]
  关节速度: [-0.094546, 0.016100, -0.114574, 0.114804, -0.039825, -0.046676]
  关节加速度: [0.009928, 0.017068, -0.048766, 0.037208, -0.007763, -0.006800]

轨迹点 66:
  时间: 6.600000 秒
  关节位置: [-1.797122, 0.649101, 2.210236, -2.298640, -1.914148, -0.232222]
  关节速度: [-0.093532, 0.017891, -0.119476, 0.118479, -0.040616, -0.047376]
  关节加速度: [0.010143, 0.017909, -0.049020, 0.036753, -0.007910, -0.007000]

轨迹点 67:
  时间: 6.700000 秒
  关节位置: [-1.806372, 0.651077, 2.197796, -2.286429, -1.918289, -0.237031]
  关节速度: [-0.092499, 0.019765, -0.124405, 0.122112, -0.041419, -0.048095]
  关节加速度: [0.010326, 0.018739, -0.049285, 0.036322, -0.008027, -0.007187]

轨迹点 68:
  时间: 6.800000 秒
  关节位置: [-1.815517, 0.653249, 2.184860, -2.273858, -1.922513, -0.241914]
  关节速度: [-0.091451, 0.021720, -0.129361, 0.125703, -0.042230, -0.048831]
  关节加速度: [0.010478, 0.019555, -0.049567, 0.035919, -0.008116, -0.007363]

轨迹点 69:
  时间: 6.900000 秒
  关节位置: [-1.824556, 0.655625, 2.171425, -2.260933, -1.926817, -0.246873]
  关节速度: [-0.090391, 0.023756, -0.134348, 0.129258, -0.043048, -0.049584]
  关节加速度: [0.010600, 0.020359, -0.049867, 0.035547, -0.008177, -0.007527]

轨迹点 70:
  时间: 7.000000 秒
  关节位置: [-1.833488, 0.658212, 2.157488, -2.247655, -1.931204, -0.251908]
  关节速度: [-0.089322, 0.025871, -0.139367, 0.132779, -0.043869, -0.050352]
  关节加速度: [0.010694, 0.021147, -0.050188, 0.035211, -0.008212, -0.007681]

轨迹点 71:
  时间: 7.100000 秒
  关节位置: [-1.842313, 0.661018, 2.143046, -2.234028, -1.935673, -0.257021]
  关节速度: [-0.088246, 0.028063, -0.144420, 0.136271, -0.044692, -0.051135]
  关节加速度: [0.010761, 0.021922, -0.050535, 0.034914, -0.008221, -0.007825]

轨迹点 72:
  时间: 7.200000 秒
  关节位置: [-1.851030, 0.664051, 2.128095, -2.220054, -1.940225, -0.262214]
  关节速度: [-0.087166, 0.030331, -0.149511, 0.139737, -0.045512, -0.051930]
  关节加速度: [0.010801, 0.022682, -0.050910, 0.034659, -0.008206, -0.007959]

轨迹点 73:
  时间: 7.300000 秒
  关节位置: [-1.859638, 0.667319, 2.112631, -2.205736, -1.944858, -0.267488]
  关节速度: [-0.086084, 0.032674, -0.154643, 0.143182, -0.046329, -0.052739]
  关节加速度: [0.010817, 0.023428, -0.051317, 0.034450, -0.008168, -0.008084]

轨迹点 74:
  时间: 7.400000 秒
  关节位置: [-1.868138, 0.670828, 2.096649, -2.191075, -1.949572, -0.272844]
  关节速度: [-0.085003, 0.035090, -0.159819, 0.146611, -0.047140, -0.053559]
  关节加速度: [0.010810, 0.024161, -0.051760, 0.034290, -0.008109, -0.008201]

轨迹点 75:
  时间: 7.500000 秒
  关节位置: [-1.876531, 0.674586, 2.080144, -2.176072, -1.954366, -0.278283]
  关节速度: [-0.083925, 0.037578, -0.165044, 0.150029, -0.047943, -0.054390]
  关节加速度: [0.010781, 0.024883, -0.052244, 0.034181, -0.008029, -0.008310]

轨迹点 76:
  时间: 7.600000 秒
  关节位置: [-1.884816, 0.678599, 2.063112, -2.160728, -1.959239, -0.283806]
  关节速度: [-0.082852, 0.040138, -0.170321, 0.153441, -0.048736, -0.055231]
  关节加速度: [0.010732, 0.025595, -0.052772, 0.034126, -0.007929, -0.008412]

轨迹点 77:
  时间: 7.700000 秒
  关节位置: [-1.892995, 0.682876, 2.045547, -2.145042, -1.964191, -0.289415]
  关节速度: [-0.081785, 0.042768, -0.175656, 0.156854, -0.049517, -0.056082]
  关节加速度: [0.010664, 0.026300, -0.053350, 0.034128, -0.007812, -0.008508]

轨迹点 78:
  时间: 7.800000 秒
  关节位置: [-1.901067, 0.687423, 2.027441, -2.129015, -1.969220, -0.295109]
  关节速度: [-0.080728, 0.045468, -0.181054, 0.160273, -0.050285, -0.056942]
  关节加速度: [0.010579, 0.027000, -0.053983, 0.034190, -0.007679, -0.008599]

轨迹点 79:
  时间: 7.900000 秒
  关节位置: [-1.909035, 0.692247, 2.008789, -2.112644, -1.974323, -0.300890]
  关节速度: [-0.079680, 0.048237, -0.186522, 0.163705, -0.051038, -0.057810]
  关节加速度: [0.010478, 0.027697, -0.054677, 0.034315, -0.007530, -0.008684]

轨迹点 80:
  时间: 8.000000 秒
  关节位置: [-1.916900, 0.697354, 1.989583, -2.095929, -1.979501, -0.306758]
  关节速度: [-0.078643, 0.051077, -0.192065, 0.167155, -0.051774, -0.058687]
  关节加速度: [0.010363, 0.028396, -0.055436, 0.034505, -0.007367, -0.008765]

轨迹点 81:
  时间: 8.100000 秒
  关节位置: [-1.924662, 0.702753, 1.969813, -2.078866, -1.984750, -0.312716]
  关节速度: [-0.077620, 0.053987, -0.197692, 0.170631, -0.052493, -0.059571]
  关节加速度: [0.010234, 0.029100, -0.056270, 0.034763, -0.007191, -0.008843]

轨迹点 82:
  时间: 8.200000 秒
  关节位置: [-1.932323, 0.708450, 1.949472, -2.061452, -1.990069, -0.318762]
  关节速度: [-0.076611, 0.056968, -0.203411, 0.174141, -0.053194, -0.060463]
  关节加速度: [0.010094, 0.029813, -0.057183, 0.035092, -0.007003, -0.008917]

轨迹点 83:
  时间: 8.300000 秒
  关节位置: [-1.939884, 0.714452, 1.928549, -2.043683, -1.995457, -0.324898]
  关节速度: [-0.075616, 0.060022, -0.209229, 0.177690, -0.053874, -0.061362]
  关节加速度: [0.009944, 0.030540, -0.058185, 0.035497, -0.006805, -0.008989]

轨迹点 84:
  时间: 8.400000 秒
  关节位置: [-1.947348, 0.720767, 1.907034, -2.025554, -2.000910, -0.331125]
  关节速度: [-0.074638, 0.063151, -0.215158, 0.181289, -0.054534, -0.062268]
  关节加速度: [0.009784, 0.031285, -0.059285, 0.035981, -0.006597, -0.009058]

轨迹点 85:
  时间: 8.500000 秒
  关节位置: [-1.954716, 0.727403, 1.884913, -2.007059, -2.006427, -0.337443]
  关节速度: [-0.073676, 0.066356, -0.221207, 0.184944, -0.055172, -0.063180]
  关节加速度: [0.009616, 0.032055, -0.060492, 0.036549, -0.006380, -0.009127]

轨迹点 86:
  时间: 8.600000 秒
  关节位置: [-1.961954, 0.734332, 1.862286, -1.988286, -2.011979, -0.343821]
  关节速度: [-0.072380, 0.069294, -0.226265, 0.187735, -0.055514, -0.063785]
  关节加速度: [0.012966, 0.029378, -0.050577, 0.027914, -0.003422, -0.006046]

轨迹点 87:
  时间: 8.679578 秒
  关节位置: [-1.964522, 0.736893, 1.854036, -1.981475, -2.013980, -0.346127]
  关节速度: [0.000000, 0.000000, 0.000000, 0.000000, 0.000000, 0.000000]
  关节加速度: [0.000000, 0.000000, 0.000000, 0.000000, 0.000000, 0.000000]

