详细轨迹分析报告
====================
轨迹点数: 42
轨迹总时间: 4.085 秒
关节名称: 
  0: joint1
  1: joint2
  2: joint3
  3: joint4
  4: joint5
  5: joint6

详细轨迹点信息:
================
轨迹点 0:
  时间: 0.000000 秒
  关节位置: [-1.963541, 0.735809, 1.854115, -1.980259, -2.014638, -0.346853]
  关节速度: [0.000000, 0.000000, 0.000000, 0.000000, 0.000000, 0.000000]
  关节加速度: [0.000000, 0.000000, 0.000000, 0.000000, 0.000000, 0.000000]

轨迹点 1:
  时间: 0.100000 秒
  关节位置: [-1.963554, 0.722797, 1.853074, -1.966209, -2.014629, -0.346843]
  关节速度: [-0.000137, -0.130113, -0.010411, 0.140495, 0.000091, 0.000101]
  关节加速度: [-0.001365, -1.301132, -0.104107, 1.404945, 0.000915, 0.001010]

轨迹点 2:
  时间: 0.200000 秒
  关节位置: [-1.963579, 0.699684, 1.850501, -1.940529, -2.014613, -0.346825]
  关节速度: [-0.000246, -0.231131, -0.025723, 0.256801, 0.000165, 0.000182]
  关节加速度: [-0.001092, -1.010176, -0.153125, 1.163066, 0.000732, 0.000808]

轨迹点 3:
  时间: 0.300000 秒
  关节位置: [-1.963603, 0.676990, 1.847033, -1.914372, -2.014596, -0.346806]
  关节速度: [-0.000246, -0.226942, -0.034686, 0.261575, 0.000165, 0.000182]
  关节加速度: [0.000000, 0.041887, -0.089626, 0.047739, -0.000000, -0.000000]

轨迹点 4:
  时间: 0.400000 秒
  关节位置: [-1.963628, 0.654742, 1.842670, -1.887767, -2.014580, -0.346788]
  关节速度: [-0.000246, -0.222479, -0.043622, 0.266048, 0.000165, 0.000182]
  关节加速度: [0.000000, 0.044628, -0.089361, 0.044733, -0.000000, -0.000000]

轨迹点 5:
  时间: 0.500000 秒
  关节位置: [-1.963652, 0.632967, 1.837418, -1.860745, -2.014563, -0.346770]
  关节速度: [-0.000246, -0.217749, -0.052526, 0.270222, 0.000165, 0.000182]
  关节加速度: [0.000000, 0.047307, -0.089042, 0.041735, -0.000000, -0.000000]

轨迹点 6:
  时间: 0.600000 秒
  关节位置: [-1.963677, 0.611692, 1.831279, -1.833335, -2.014547, -0.346752]
  关节速度: [-0.000246, -0.212758, -0.061393, 0.274098, 0.000165, 0.000182]
  关节加速度: [0.000000, 0.049906, -0.088671, 0.038765, -0.000000, -0.000000]

轨迹点 7:
  时间: 0.700000 秒
  关节位置: [-1.963702, 0.590940, 1.824257, -1.805566, -2.014530, -0.346734]
  关节速度: [-0.000246, -0.207517, -0.070219, 0.277683, 0.000165, 0.000182]
  关节加速度: [0.000000, 0.052410, -0.088255, 0.035845, -0.000000, -0.000000]

轨迹点 8:
  时间: 0.800000 秒
  关节位置: [-1.963726, 0.570736, 1.816357, -1.777468, -2.014514, -0.346716]
  关节速度: [-0.000246, -0.202036, -0.078999, 0.280983, 0.000165, 0.000182]
  关节加速度: [0.000000, 0.054807, -0.087803, 0.032997, -0.000000, -0.000000]

轨迹点 9:
  时间: 0.900000 秒
  关节位置: [-1.963751, 0.551103, 1.807584, -1.749068, -2.014497, -0.346697]
  关节速度: [-0.000246, -0.196328, -0.087731, 0.284007, 0.000165, 0.000182]
  关节加速度: [0.000000, 0.057085, -0.087325, 0.030240, -0.000000, -0.000000]

轨迹点 10:
  时间: 1.000000 秒
  关节位置: [-1.963775, 0.532063, 1.797942, -1.720391, -2.014481, -0.346679]
  关节速度: [-0.000246, -0.190404, -0.096414, 0.286766, 0.000165, 0.000182]
  关节加速度: [0.000000, 0.059235, -0.086830, 0.027595, -0.000000, -0.000000]

轨迹点 11:
  时间: 1.100000 秒
  关节位置: [-1.963800, 0.513635, 1.787437, -1.691464, -2.014464, -0.346661]
  关节速度: [-0.000246, -0.184279, -0.105047, 0.289274, 0.000165, 0.000182]
  关节加速度: [0.000000, 0.061252, -0.086329, 0.025077, -0.000000, -0.000000]

轨迹点 12:
  时间: 1.200000 秒
  关节位置: [-1.963824, 0.495838, 1.776074, -1.662309, -2.014448, -0.346643]
  关节速度: [-0.000246, -0.177966, -0.113631, 0.291544, 0.000165, 0.000182]
  关节加速度: [0.000000, 0.063131, -0.085834, 0.022703, -0.000000, -0.000000]

轨迹点 13:
  时间: 1.300000 秒
  关节位置: [-1.963849, 0.478691, 1.763858, -1.632950, -2.014431, -0.346625]
  关节速度: [-0.000246, -0.171479, -0.122166, 0.293593, 0.000165, 0.000182]
  关节加速度: [0.000000, 0.064871, -0.085357, 0.020486, -0.000000, -0.000000]

轨迹点 14:
  时间: 1.400000 秒
  关节位置: [-1.963874, 0.462207, 1.750792, -1.603406, -2.014415, -0.346607]
  关节速度: [-0.000246, -0.164832, -0.130658, 0.295437, 0.000165, 0.000182]
  关节加速度: [0.000000, 0.066471, -0.084911, 0.018440, -0.000000, -0.000000]

轨迹点 15:
  时间: 1.500000 秒
  关节位置: [-1.963898, 0.446404, 1.736881, -1.573697, -2.014399, -0.346588]
  关节速度: [-0.000246, -0.158038, -0.139108, 0.297094, 0.000165, 0.000182]
  关节加速度: [0.000000, 0.067935, -0.084509, 0.016574, -0.000000, -0.000000]

轨迹点 16:
  时间: 1.600000 秒
  关节位置: [-1.963923, 0.431292, 1.722129, -1.543838, -2.014382, -0.346570]
  关节速度: [-0.000246, -0.151111, -0.147525, 0.298584, 0.000165, 0.000182]
  关节加速度: [0.000000, 0.069267, -0.084165, 0.014898, -0.000000, -0.000000]

轨迹点 17:
  时间: 1.700000 秒
  关节位置: [-1.963947, 0.416886, 1.706537, -1.513846, -2.014366, -0.346552]
  关节速度: [-0.000246, -0.144064, -0.155914, 0.299926, 0.000165, 0.000182]
  关节加速度: [0.000000, 0.070473, -0.083892, 0.013418, -0.000000, -0.000000]

轨迹点 18:
  时间: 1.800000 秒
  关节位置: [-1.963972, 0.403195, 1.690109, -1.483732, -2.014349, -0.346534]
  关节速度: [-0.000246, -0.136908, -0.164285, 0.301140, 0.000165, 0.000182]
  关节加速度: [0.000000, 0.071563, -0.083706, 0.012143, -0.000000, -0.000000]

轨迹点 19:
  时间: 1.900000 秒
  关节位置: [-1.963996, 0.390230, 1.672844, -1.453507, -2.014333, -0.346516]
  关节速度: [-0.000246, -0.129653, -0.172647, 0.302248, 0.000165, 0.000182]
  关节加速度: [0.000000, 0.072546, -0.083623, 0.011077, -0.000000, -0.000000]

轨迹点 20:
  时间: 2.000000 秒
  关节位置: [-1.964021, 0.377999, 1.654743, -1.423180, -2.014316, -0.346497]
  关节速度: [-0.000246, -0.122310, -0.181013, 0.303270, 0.000165, 0.000182]
  关节加速度: [0.000000, 0.073433, -0.083658, 0.010224, -0.000000, -0.000000]

轨迹点 21:
  时间: 2.100000 秒
  关节位置: [-1.964046, 0.366510, 1.635803, -1.392757, -2.014300, -0.346479]
  关节速度: [-0.000246, -0.114886, -0.189396, 0.304229, 0.000165, 0.000182]
  关节加速度: [0.000000, 0.074239, -0.083829, 0.009589, -0.000000, -0.000000]

轨迹点 22:
  时间: 2.200000 秒
  关节位置: [-1.964070, 0.355772, 1.616022, -1.362243, -2.014283, -0.346461]
  关节速度: [-0.000246, -0.107388, -0.197811, 0.305147, 0.000165, 0.000182]
  关节加速度: [0.000000, 0.074978, -0.084154, 0.009176, -0.000000, -0.000000]

轨迹点 23:
  时间: 2.300000 秒
  关节位置: [-1.964095, 0.345789, 1.595394, -1.331638, -2.014267, -0.346443]
  关节速度: [-0.000246, -0.099822, -0.206276, 0.306045, 0.000165, 0.000182]
  关节加速度: [0.000000, 0.075665, -0.084654, 0.008989, -0.000000, -0.000000]

轨迹点 24:
  时间: 2.400000 秒
  关节位置: [-1.964119, 0.336570, 1.573913, -1.300943, -2.014250, -0.346425]
  关节速度: [-0.000246, -0.092190, -0.214811, 0.306949, 0.000165, 0.000182]
  关节加速度: [0.000000, 0.076318, -0.085350, 0.009032, -0.000000, -0.000000]

轨迹点 25:
  时间: 2.500000 秒
  关节位置: [-1.964144, 0.328121, 1.551570, -1.270155, -2.014234, -0.346407]
  关节速度: [-0.000246, -0.084494, -0.223438, 0.307880, 0.000165, 0.000182]
  关节加速度: [0.000000, 0.076956, -0.086268, 0.009312, -0.000000, -0.000000]

轨迹点 26:
  时间: 2.600000 秒
  关节位置: [-1.964168, 0.320447, 1.528351, -1.239269, -2.014217, -0.346388]
  关节速度: [-0.000246, -0.076734, -0.232182, 0.308863, 0.000165, 0.000182]
  关节加速度: [0.000000, 0.077599, -0.087433, 0.009834, -0.000000, -0.000000]

轨迹点 27:
  时间: 2.700000 秒
  关节位置: [-1.964193, 0.313557, 1.504244, -1.208277, -2.014201, -0.346370]
  关节速度: [-0.000246, -0.068907, -0.241069, 0.309924, 0.000165, 0.000182]
  关节加速度: [0.000000, 0.078270, -0.088878, 0.010608, -0.000000, -0.000000]

轨迹点 28:
  时间: 2.800000 秒
  关节位置: [-1.964218, 0.307456, 1.479231, -1.177168, -2.014185, -0.346352]
  关节速度: [-0.000246, -0.061008, -0.250133, 0.311089, 0.000165, 0.000182]
  关节加速度: [0.000000, 0.078991, -0.090637, 0.011646, -0.000000, -0.000000]

轨迹点 29:
  时间: 2.900000 秒
  关节位置: [-1.964242, 0.302153, 1.453290, -1.145929, -2.014168, -0.346334]
  关节速度: [-0.000246, -0.053029, -0.259408, 0.312385, 0.000165, 0.000182]
  关节加速度: [0.000000, 0.079791, -0.092752, 0.012961, -0.000000, -0.000000]

轨迹点 30:
  时间: 3.000000 秒
  关节位置: [-1.964267, 0.297657, 1.426397, -1.114545, -2.014152, -0.346316]
  关节速度: [-0.000246, -0.044959, -0.268935, 0.313842, 0.000165, 0.000182]
  关节加速度: [0.000000, 0.080698, -0.095270, 0.014572, -0.000000, -0.000000]

轨迹点 31:
  时间: 3.100000 秒
  关节位置: [-1.964291, 0.293979, 1.398521, -1.082996, -2.014135, -0.346298]
  关节速度: [-0.000246, -0.036785, -0.278760, 0.315492, 0.000165, 0.000182]
  关节加速度: [0.000000, 0.081746, -0.098249, 0.016504, -0.000000, -0.000000]

轨迹点 32:
  时间: 3.200000 秒
  关节位置: [-1.964316, 0.291130, 1.369627, -1.051259, -2.014119, -0.346279]
  关节速度: [-0.000246, -0.028488, -0.288936, 0.317371, 0.000165, 0.000182]
  关节加速度: [0.000000, 0.082973, -0.101758, 0.018785, -0.000000, -0.000000]

轨迹点 33:
  时间: 3.300000 秒
  关节位置: [-1.964340, 0.289125, 1.339675, -1.019307, -2.014102, -0.346261]
  关节速度: [-0.000246, -0.020045, -0.299524, 0.319516, 0.000165, 0.000182]
  关节加速度: [0.000000, 0.084423, -0.105879, 0.021456, -0.000000, -0.000000]

轨迹点 34:
  时间: 3.400000 秒
  关节位置: [-1.964365, 0.287982, 1.308615, -0.987110, -2.014086, -0.346243]
  关节速度: [-0.000246, -0.011430, -0.310595, 0.321973, 0.000165, 0.000182]
  关节加速度: [0.000000, 0.086149, -0.110713, 0.024564, -0.000000, -0.000000]

轨迹点 35:
  时间: 3.500000 秒
  关节位置: [-1.964390, 0.287721, 1.276392, -0.954631, -2.014069, -0.346225]
  关节速度: [-0.000246, -0.002609, -0.322234, 0.324790, 0.000165, 0.000182]
  关节加速度: [0.000000, 0.088213, -0.116386, 0.028173, -0.000000, -0.000000]

轨迹点 36:
  时间: 3.600000 秒
  关节位置: [-1.964414, 0.288367, 1.242938, -0.921828, -2.014053, -0.346207]
  关节速度: [-0.000246, 0.006460, -0.334539, 0.328026, 0.000165, 0.000182]
  关节加速度: [0.000000, 0.090691, -0.123053, 0.032362, -0.000000, -0.000000]

轨迹点 37:
  时间: 3.700000 秒
  关节位置: [-1.964439, 0.289950, 1.208175, -0.888653, -2.014036, -0.346189]
  关节速度: [-0.000246, 0.015828, -0.347630, 0.331750, 0.000165, 0.000182]
  关节加速度: [0.000000, 0.093680, -0.130914, 0.037235, -0.000000, -0.000000]

轨迹点 38:
  时间: 3.800000 秒
  关节位置: [-1.964463, 0.292506, 1.172010, -0.855049, -2.014020, -0.346170]
  关节速度: [-0.000246, 0.025558, -0.361653, 0.336043, 0.000165, 0.000182]
  关节加速度: [0.000000, 0.097298, -0.140224, 0.042926, -0.000000, -0.000000]

轨迹点 39:
  时间: 3.900000 秒
  关节位置: [-1.964488, 0.296079, 1.134331, -0.820948, -2.014004, -0.346152]
  关节速度: [-0.000246, 0.035728, -0.376784, 0.341004, 0.000165, 0.000182]
  关节加速度: [0.000000, 0.101700, -0.151314, 0.049614, -0.000000, -0.000000]

轨迹点 40:
  时间: 4.000000 秒
  关节位置: [-1.964512, 0.300717, 1.095047, -0.786308, -2.013987, -0.346134]
  关节速度: [-0.000245, 0.046384, -0.392839, 0.346403, 0.000164, 0.000181]
  关节加速度: [0.000003, 0.106562, -0.160547, 0.053986, -0.000002, -0.000002]

轨迹点 41:
  时间: 4.084642 秒
  关节位置: [-1.964522, 0.302905, 1.078700, -0.772151, -2.013980, -0.346127]
  关节速度: [0.000000, 0.000000, 0.000000, 0.000000, 0.000000, 0.000000]
  关节加速度: [0.000000, 0.000000, 0.000000, 0.000000, 0.000000, 0.000000]

