详细轨迹分析报告
====================
轨迹点数: 101
轨迹总时间: 3.000 秒
关节名称: 
  0: joint1
  1: joint2
  2: joint3
  3: joint4
  4: joint5
  5: joint6

详细轨迹点信息:
================
轨迹点 0:
  时间: 0.000000 秒
  关节位置: [-1.964096, 0.736243, 1.854191, -1.981551, -2.013575, -0.346881]
  关节速度: [0.000000, 0.000000, 0.000000, 0.000000, 0.000000, 0.000000]
  关节加速度: [0.000000, 0.000000, 0.000000, 0.000000, 0.000000, 0.000000]
  笛卡尔位置: [0.429037, 0.782561, 0.014265]
  笛卡尔姿态: [-0.292636, 0.925183, 0.095951, 0.221798]

轨迹点 1:
  时间: 0.030000 秒
  关节位置: [-1.964097, 0.732092, 1.853861, -1.977068, -2.013577, -0.346878]
  关节速度: [-0.000828, -1.818206, -0.144193, 1.963508, -0.000786, 0.001465]
  关节加速度: [-0.108052, -237.131847, -18.805746, 256.082302, -0.102572, 0.191015]
  笛卡尔位置: [0.429042, 0.782567, 0.016036]
  笛卡尔姿态: [-0.292636, 0.925183, 0.095948, 0.221798]

轨迹点 2:
  时间: 0.060000 秒
  关节位置: [-1.964101, 0.724059, 1.853224, -1.968392, -2.013580, -0.346871]
  关节速度: [-0.000363, -0.796240, -0.063146, 0.859872, -0.000344, 0.000641]
  关节加速度: [0.212062, 465.392707, 36.907979, -502.584689, 0.201307, -0.374885]
  笛卡尔位置: [0.429043, 0.782559, 0.019463]
  笛卡尔姿态: [-0.292636, 0.925184, 0.095943, 0.221798]

轨迹点 3:
  时间: 0.090000 秒
  关节位置: [-1.964103, 0.721028, 1.852931, -1.965067, -2.013581, -0.346869]
  关节速度: [-0.000437, -0.947308, -0.103052, 1.050945, -0.000415, 0.000773]
  关节加速度: [-0.108858, -235.458668, -26.785293, 262.389748, -0.103342, 0.192443]
  笛卡尔位置: [0.429046, 0.782561, 0.020765]
  笛卡尔姿态: [-0.292636, 0.925184, 0.095941, 0.221798]

轨迹点 4:
  时间: 0.120000 秒
  关节位置: [-1.964109, 0.706842, 1.851354, -1.949295, -2.013588, -0.346857]
  关节速度: [-0.000747, -1.616482, -0.180842, 1.798324, -0.000709, 0.001320]
  关节加速度: [0.066199, 143.335770, 15.952388, -159.376815, 0.062845, -0.117029]
  笛卡尔位置: [0.429060, 0.782571, 0.026898]
  笛卡尔姿态: [-0.292635, 0.925185, 0.095931, 0.221799]

轨迹点 5:
  时间: 0.150000 秒
  关节位置: [-1.964112, 0.699859, 1.850574, -1.941528, -2.013591, -0.346852]
  关节速度: [-0.000126, -0.271441, -0.031972, 0.303581, -0.000119, 0.000222]
  关节加速度: [-0.038615, -81.862539, -13.053931, 94.968184, -0.036663, 0.068267]
  笛卡尔位置: [0.429054, 0.782547, 0.029919]
  笛卡尔姿态: [-0.292635, 0.925185, 0.095927, 0.221799]

轨迹点 6:
  时间: 0.180000 秒
  关节位置: [-1.964117, 0.690583, 1.849190, -1.930862, -2.013595, -0.346844]
  关节速度: [-0.000804, -1.708589, -0.263328, 1.972993, -0.000763, 0.001422]
  关节加速度: [-0.025197, -53.171760, -9.043700, 62.249206, -0.023924, 0.044547]
  笛卡尔位置: [0.429067, 0.782563, 0.033996]
  笛卡尔姿态: [-0.292635, 0.925186, 0.095920, 0.221799]

轨迹点 7:
  时间: 0.210000 秒
  关节位置: [-1.964122, 0.678471, 1.847313, -1.916865, -2.013600, -0.346834]
  关节速度: [-0.000274, -0.581071, -0.089849, 0.671286, -0.000260, 0.000484]
  关节加速度: [0.089992, 191.029937, 29.878294, -221.028750, 0.085441, -0.159095]
  笛卡尔位置: [0.429067, 0.782544, 0.039336]
  笛卡尔姿态: [-0.292635, 0.925187, 0.095912, 0.221800]

轨迹点 8:
  时间: 0.240000 秒
  关节位置: [-1.964125, 0.673908, 1.846508, -1.911494, -2.013602, -0.346830]
  关节速度: [-0.000541, -1.129425, -0.218398, 1.348548, -0.000514, 0.000957]
  关节加速度: [-0.093474, -194.105960, -39.641281, 233.872422, -0.088754, 0.165254]
  笛卡尔位置: [0.429070, 0.782543, 0.041367]
  笛卡尔姿态: [-0.292634, 0.925187, 0.095909, 0.221800]

轨迹点 9:
  时间: 0.270000 秒
  关节位置: [-1.964131, 0.660098, 1.843784, -1.894951, -2.013609, -0.346818]
  关节速度: [-0.000650, -1.353028, -0.268792, 1.622690, -0.000617, 0.001149]
  关节加速度: [0.079047, 164.592693, 32.628113, -197.326666, 0.075054, -0.139748]
  笛卡尔位置: [0.429081, 0.782549, 0.047573]
  笛卡尔姿态: [-0.292634, 0.925188, 0.095899, 0.221800]

轨迹点 10:
  时间: 0.300000 秒
  关节位置: [-1.964134, 0.654598, 1.842690, -1.888354, -2.013611, -0.346814]
  关节速度: [-0.000174, -0.359021, -0.077534, 0.436788, -0.000165, 0.000307]
  关节加速度: [-0.065220, -132.559948, -33.017693, 165.664983, -0.061931, 0.115306]
  笛卡尔位置: [0.429076, 0.782529, 0.050049]
  笛卡尔姿态: [-0.292634, 0.925189, 0.095895, 0.221801]

轨迹点 11:
  时间: 0.330000 秒
  关节位置: [-1.964139, 0.644455, 1.840267, -1.875781, -2.013616, -0.346805]
  关节速度: [-0.000810, -1.651105, -0.401376, 2.053566, -0.000769, 0.001432]
  关节加速度: [-0.003688, -7.204782, -2.412405, 9.622125, -0.003502, 0.006520]
  笛卡尔位置: [0.429091, 0.782547, 0.054696]
  笛卡尔姿态: [-0.292634, 0.925189, 0.095888, 0.221801]

轨迹点 12:
  时间: 0.360000 秒
  关节位置: [-1.964144, 0.633925, 1.837701, -1.862678, -2.013621, -0.346796]
  关节速度: [-0.000196, -0.399812, -0.096915, 0.496990, -0.000186, 0.000347]
  关节加速度: [0.072612, 147.856386, 36.242212, -184.195840, 0.068950, -0.128374]
  笛卡尔位置: [0.429089, 0.782525, 0.059537]
  笛卡尔姿态: [-0.292633, 0.925190, 0.095881, 0.221801]

轨迹点 13:
  时间: 0.390000 秒
  关节位置: [-1.964146, 0.628905, 1.836329, -1.856283, -2.013623, -0.346791]
  关节速度: [-0.000619, -1.233667, -0.354369, 1.588864, -0.000587, 0.001094]
  关节加速度: [-0.081967, -162.618177, -48.502812, 211.230757, -0.077839, 0.144917]
  笛卡尔位置: [0.429094, 0.782529, 0.061876]
  笛卡尔姿态: [-0.292633, 0.925191, 0.095877, 0.221802]

轨迹点 14:
  时间: 0.420000 秒
  关节位置: [-1.964153, 0.615661, 1.832484, -1.839184, -2.013629, -0.346780]
  关节速度: [-0.000566, -1.126399, -0.328343, 1.455500, -0.000537, 0.001001]
  关节加速度: [0.088908, 176.947509, 51.616158, -228.682731, 0.084429, -0.157187]
  笛卡尔位置: [0.429103, 0.782529, 0.068102]
  笛卡尔姿态: [-0.292633, 0.925192, 0.095867, 0.221802]

轨迹点 15:
  时间: 0.450000 秒
  关节位置: [-1.964155, 0.611143, 1.831157, -1.833337, -2.013632, -0.346776]
  关节速度: [-0.000243, -0.476232, -0.152784, 0.629341, -0.000231, 0.000429]
  关节加速度: [-0.082396, -159.500257, -55.377986, 214.988585, -0.078252, 0.145679]
  笛卡尔位置: [0.429099, 0.782512, 0.070232]
  笛卡尔姿态: [-0.292633, 0.925192, 0.095864, 0.221802]

轨迹点 16:
  时间: 0.480000 秒
  关节位置: [-1.964161, 0.600395, 1.827532, -1.818957, -2.013637, -0.346766]
  关节速度: [-0.000797, -1.546917, -0.527335, 2.075319, -0.000757, 0.001408]
  关节加速度: [0.017335, 33.917174, 11.041811, -44.982199, 0.016462, -0.030648]
  笛卡尔位置: [0.429115, 0.782530, 0.075401]
  笛卡尔姿态: [-0.292632, 0.925193, 0.095856, 0.221803]

轨迹点 17:
  时间: 0.510000 秒
  关节位置: [-1.964165, 0.591529, 1.824507, -1.807060, -2.013641, -0.346758]
  关节速度: [-0.000139, -0.269557, -0.091253, 0.360997, -0.000132, 0.000245]
  关节加速度: [0.047326, 91.821413, 31.452374, -123.337165, 0.044945, -0.083673]
  笛卡尔位置: [0.429111, 0.782507, 0.079681]
  笛卡尔姿态: [-0.292632, 0.925193, 0.095849, 0.221803]

轨迹点 18:
  时间: 0.540000 秒
  关节位置: [-1.964168, 0.585888, 1.822368, -1.799276, -2.013644, -0.346752]
  关节速度: [-0.000684, -1.294073, -0.505877, 1.800865, -0.000649, 0.001209]
  关节加速度: [-0.066938, -125.942823, -50.765712, 176.798176, -0.063576, 0.118350]
  笛卡尔位置: [0.429119, 0.782515, 0.082452]
  笛卡尔姿态: [-0.292632, 0.925194, 0.095845, 0.221803]

轨迹点 19:
  时间: 0.570000 秒
  关节位置: [-1.964175, 0.573559, 1.817517, -1.782087, -2.013650, -0.346741]
  关节速度: [-0.000475, -0.898568, -0.354298, 1.253503, -0.000452, 0.000841]
  关节加速度: [0.093929, 177.429742, 70.106807, -247.662334, 0.089210, -0.166071]
  笛卡尔位置: [0.429125, 0.782509, 0.088559]
  笛卡尔姿态: [-0.292631, 0.925195, 0.095836, 0.221804]

轨迹点 20:
  时间: 0.600000 秒
  关节位置: [-1.964177, 0.569694, 1.815964, -1.776666, -2.013652, -0.346737]
  关节速度: [-0.000324, -0.599364, -0.260492, 0.860289, -0.000308, 0.000573]
  关节加速度: [-0.091252, -166.986472, -76.329198, 243.437869, -0.086674, 0.161341]
  笛卡尔位置: [0.429123, 0.782496, 0.090484]
  笛卡尔姿态: [-0.292631, 0.925195, 0.095833, 0.221804]

轨迹点 21:
  时间: 0.630000 秒
  关节位置: [-1.964183, 0.558668, 1.811038, -1.760706, -2.013658, -0.346727]
  关节速度: [-0.000765, -1.404146, -0.632005, 2.037175, -0.000726, 0.001352]
  关节加速度: [0.036939, 68.031964, 30.231360, -98.312790, 0.035085, -0.065311]
  笛卡尔位置: [0.429138, 0.782512, 0.096091]
  笛卡尔姿态: [-0.292631, 0.925196, 0.095824, 0.221804]

轨迹点 22:
  时间: 0.660000 秒
  关节位置: [-1.964187, 0.551428, 1.807780, -1.750202, -2.013662, -0.346720]
  关节速度: [-0.000109, -0.200687, -0.089515, 0.290348, -0.000104, 0.000193]
  关节加速度: [0.013645, 25.076833, 11.249253, -36.344359, 0.012960, -0.024125]
  笛卡尔位置: [0.429134, 0.782488, 0.099788]
  笛卡尔姿态: [-0.292631, 0.925197, 0.095818, 0.221805]

轨迹点 23:
  时间: 0.690000 秒
  关节位置: [-1.964190, 0.545114, 1.804640, -1.740744, -2.013665, -0.346714]
  关节速度: [-0.000733, -1.307697, -0.663579, 1.972258, -0.000697, 0.001297]
  关节加速度: [-0.049357, -87.336022, -45.633150, 133.035266, -0.046885, 0.087269]
  笛卡尔位置: [0.429144, 0.782501, 0.103082]
  笛卡尔姿态: [-0.292630, 0.925197, 0.095813, 0.221805]

轨迹点 24:
  时间: 0.720000 秒
  关节位置: [-1.964197, 0.533980, 1.798967, -1.723929, -2.013671, -0.346702]
  关节速度: [-0.000383, -0.682549, -0.348042, 1.031104, -0.000364, 0.000678]
  关节加速度: [0.093437, 166.252139, 85.043338, -251.420601, 0.088756, -0.165208]
  笛卡尔位置: [0.429147, 0.782489, 0.108938]
  笛卡尔姿态: [-0.292630, 0.925198, 0.095804, 0.221805]

轨迹点 25:
  时间: 0.750000 秒
  关节位置: [-1.964199, 0.530451, 1.797106, -1.718536, -2.013673, -0.346699]
  关节速度: [-0.000410, -0.710335, -0.398895, 1.109779, -0.000389, 0.000724]
  关节加速度: [-0.093013, -159.610657, -92.935734, 252.670946, -0.088359, 0.164461]
  笛卡尔位置: [0.429147, 0.782480, 0.110812]
  笛卡尔姿态: [-0.292630, 0.925199, 0.095801, 0.221805]

轨迹点 26:
  时间: 0.780000 秒
  关节位置: [-1.964205, 0.519499, 1.790851, -1.701321, -2.013679, -0.346688]
  关节速度: [-0.000715, -1.232449, -0.707564, 1.940971, -0.000679, 0.001265]
  关节加速度: [0.054338, 93.760608, 53.566493, -147.399866, 0.051619, -0.096078]
  笛卡尔位置: [0.429161, 0.782494, 0.116750]
  笛卡尔姿态: [-0.292629, 0.925199, 0.095792, 0.221806]

轨迹点 27:
  时间: 0.810000 秒
  关节位置: [-1.964208, 0.513738, 1.787547, -1.692252, -2.013682, -0.346682]
  关节速度: [-0.000115, -0.197471, -0.113532, 0.311157, -0.000109, 0.000203]
  关节加速度: [-0.024342, -40.297983, -26.313947, 66.644526, -0.023125, 0.043040]
  笛卡尔位置: [0.429156, 0.782470, 0.119885]
  笛卡尔姿态: [-0.292629, 0.925200, 0.095787, 0.221806]

轨迹点 28:
  时间: 0.840000 秒
  关节位置: [-1.964213, 0.506816, 1.783175, -1.680951, -2.013686, -0.346674]
  关节速度: [-0.000766, -1.275168, -0.817136, 2.093329, -0.000727, 0.001354]
  关节加速度: [-0.030150, -49.652277, -32.944554, 82.637204, -0.028644, 0.053311]
  笛卡尔位置: [0.429169, 0.782486, 0.123754]
  笛卡尔姿态: [-0.292629, 0.925201, 0.095781, 0.221806]

轨迹点 29:
  时间: 0.870000 秒
  关节位置: [-1.964218, 0.497075, 1.776916, -1.664944, -2.013692, -0.346664]
  关节速度: [-0.000295, -0.490470, -0.314933, 0.805798, -0.000280, 0.000521]
  关节加速度: [0.086756, 144.201293, 92.993442, -237.310909, 0.082420, -0.153400]
  笛卡尔位置: [0.429169, 0.782469, 0.129239]
  笛卡尔姿态: [-0.292629, 0.925202, 0.095773, 0.221807]

轨迹点 30:
  时间: 0.900000 秒
  关节位置: [-1.964221, 0.493612, 1.774581, -1.659143, -2.013694, -0.346660]
  关节速度: [-0.000494, -0.795805, -0.562524, 1.358990, -0.000469, 0.000873]
  关节加速度: [-0.088783, -141.599493, -103.009827, 244.728209, -0.084353, 0.156989]
  笛卡尔位置: [0.429171, 0.782466, 0.131219]
  笛卡尔姿态: [-0.292628, 0.925202, 0.095769, 0.221807]

轨迹点 31:
  时间: 0.930000 秒
  关节位置: [-1.964227, 0.483078, 1.767052, -1.641071, -2.013700, -0.346649]
  关节速度: [-0.000651, -1.042860, -0.748234, 1.791965, -0.000618, 0.001151]
  关节加速度: [0.068726, 110.213494, 78.944150, -189.249674, 0.065296, -0.121522]
  笛卡尔位置: [0.429184, 0.782474, 0.137362]
  笛卡尔姿态: [-0.292628, 0.925203, 0.095760, 0.221808]

轨迹点 32:
  时间: 0.960000 秒
  关节位置: [-1.964230, 0.478564, 1.763815, -1.633316, -2.013702, -0.346644]
  关节速度: [-0.000152, -0.241321, -0.178538, 0.420063, -0.000145, 0.000269]
  关节加速度: [-0.052651, -80.712276, -65.231124, 146.013903, -0.050027, 0.093100]
  笛卡尔位置: [0.429179, 0.782452, 0.140005]
  笛卡尔姿态: [-0.292628, 0.925203, 0.095756, 0.221808]

轨迹点 33:
  时间: 0.990000 秒
  关节位置: [-1.964235, 0.471204, 1.758016, -1.620150, -2.013707, -0.346635]
  关节速度: [-0.000779, -1.200335, -0.955947, 2.157324, -0.000740, 0.001377]
  关节加速度: [-0.010245, -15.332223, -13.167856, 28.513798, -0.009734, 0.018115]
  笛卡尔位置: [0.429193, 0.782471, 0.144450]
  笛卡尔姿态: [-0.292628, 0.925204, 0.095749, 0.221808]

轨迹点 34:
  时间: 1.020000 秒
  关节位置: [-1.964240, 0.462960, 1.751439, -1.605323, -2.013712, -0.346626]
  关节速度: [-0.000216, -0.332736, -0.264800, 0.597825, -0.000205, 0.000382]
  关节加速度: [0.073255, 112.712132, 90.226864, -203.037090, 0.069604, -0.129533]
  笛卡尔位置: [0.429192, 0.782449, 0.149466]
  笛卡尔姿态: [-0.292627, 0.925205, 0.095741, 0.221809]

轨迹点 35:
  时间: 1.050000 秒
  关节位置: [-1.964242, 0.459366, 1.748392, -1.598678, -2.013714, -0.346622]
  关节速度: [-0.000571, -0.847023, -0.743016, 1.590804, -0.000543, 0.001010]
  关节加速度: [-0.079610, -116.831297, -105.082622, 222.020522, -0.075648, 0.140773]
  笛卡尔位置: [0.429196, 0.782452, 0.151703]
  笛卡尔姿态: [-0.292627, 0.925205, 0.095738, 0.221809]

轨迹点 36:
  时间: 1.080000 秒
  关节位置: [-1.964249, 0.449557, 1.739722, -1.580191, -2.013721, -0.346610]
  关节速度: [-0.000574, -0.847124, -0.750947, 1.598839, -0.000545, 0.001015]
  关节加速度: [0.079283, 117.055382, 103.774788, -220.936334, 0.075337, -0.140194]
  笛卡尔位置: [0.429206, 0.782454, 0.157914]
  笛卡尔姿态: [-0.292627, 0.925206, 0.095728, 0.221809]

轨迹点 37:
  时间: 1.110000 秒
  关节位置: [-1.964251, 0.446012, 1.736572, -1.573492, -2.013723, -0.346606]
  关节速度: [-0.000212, -0.306225, -0.286519, 0.593028, -0.000202, 0.000375]
  关节加速度: [-0.071334, -100.148356, -99.649751, 199.893626, -0.067789, 0.126141]
  笛卡尔位置: [0.429201, 0.782435, 0.160170]
  笛卡尔姿态: [-0.292626, 0.925207, 0.095724, 0.221809]

轨迹点 38:
  时间: 1.140000 秒
  关节位置: [-1.964257, 0.438456, 1.729215, -1.558572, -2.013728, -0.346596]
  关节速度: [-0.000772, -1.089821, -1.069915, 2.160769, -0.000733, 0.001364]
  关节加速度: [0.009404, 13.644795, 12.598514, -26.255902, 0.008936, -0.016629]
  笛卡尔位置: [0.429217, 0.782455, 0.165154]
  笛卡尔姿态: [-0.292626, 0.925207, 0.095717, 0.221810]

轨迹点 39:
  时间: 1.170000 秒
  关节位置: [-1.964262, 0.431716, 1.722593, -1.545204, -2.013732, -0.346588]
  关节速度: [-0.000153, -0.217109, -0.212321, 0.429635, -0.000146, 0.000271]
  关节加速度: [0.052431, 73.921978, 72.861959, -146.854144, 0.049825, -0.092714]
  笛卡尔位置: [0.429214, 0.782431, 0.169631]
  笛卡尔姿态: [-0.292626, 0.925208, 0.095710, 0.221810]

轨迹点 40:
  时间: 1.200000 秒
  关节位置: [-1.964264, 0.427881, 1.718548, -1.537320, -2.013735, -0.346583]
  关节速度: [-0.000637, -0.859625, -0.929947, 1.790424, -0.000605, 0.001126]
  关节加速度: [-0.066541, -88.817785, -98.413213, 187.320098, -0.063238, 0.117668]
  笛卡尔位置: [0.429221, 0.782438, 0.172256]
  笛卡尔姿态: [-0.292626, 0.925209, 0.095706, 0.221810]

轨迹点 41:
  时间: 1.230000 秒
  关节位置: [-1.964271, 0.419051, 1.708942, -1.518876, -2.013741, -0.346571]
  关节速度: [-0.000488, -0.656913, -0.715995, 1.373562, -0.000464, 0.000863]
  关节加速度: [0.085219, 114.577283, 125.052396, -239.743789, 0.080989, -0.150697]
  笛卡尔位置: [0.429228, 0.782434, 0.178396]
  笛卡尔姿态: [-0.292625, 0.925210, 0.095696, 0.221811]

轨迹点 42:
  时间: 1.260000 秒
  关节位置: [-1.964273, 0.416192, 1.705795, -1.512867, -2.013743, -0.346568]
  关节速度: [-0.000286, -0.371553, -0.434251, 0.806187, -0.000272, 0.000505]
  关节加速度: [-0.081499, -103.514815, -126.678788, 230.302732, -0.077459, 0.144122]
  笛卡尔位置: [0.429225, 0.782418, 0.180400]
  笛卡尔姿态: [-0.292625, 0.925210, 0.095693, 0.221811]

轨迹点 43:
  时间: 1.290000 秒
  关节位置: [-1.964279, 0.408717, 1.696827, -1.496416, -2.013749, -0.346557]
  关节速度: [-0.000745, -0.952431, -1.150261, 2.103690, -0.000708, 0.001317]
  关节加速度: [0.027814, 35.834833, 42.640369, -78.512446, 0.026435, -0.049186]
  笛卡尔位置: [0.429241, 0.782437, 0.185849]
  笛卡尔姿态: [-0.292625, 0.925211, 0.095685, 0.221811]

轨迹点 44:
  时间: 1.320000 秒
  关节位置: [-1.964283, 0.403399, 1.690404, -1.484669, -2.013753, -0.346550]
  关节速度: [-0.000115, -0.147776, -0.177224, 0.325155, -0.000109, 0.000204]
  关节加速度: [0.024002, 30.672226, 37.088708, -67.793072, 0.022812, -0.042444]
  笛卡尔位置: [0.429236, 0.782412, 0.189751]
  笛卡尔姿态: [-0.292624, 0.925211, 0.095679, 0.221812]

轨迹点 45:
  时间: 1.350000 秒
  关节位置: [-1.964286, 0.399310, 1.685056, -1.475228, -2.013756, -0.346544]
  关节速度: [-0.000687, -0.833297, -1.111709, 1.945925, -0.000653, 0.001214]
  关节加速度: [-0.050664, -60.645212, -83.010529, 143.723580, -0.048156, 0.089595]
  笛卡尔位置: [0.429246, 0.782424, 0.192868]
  笛卡尔姿态: [-0.292624, 0.925212, 0.095674, 0.221812]

轨迹点 46:
  时间: 1.380000 秒
  关节位置: [-1.964293, 0.391639, 1.674780, -1.457273, -2.013762, -0.346533]
  关节速度: [-0.000399, -0.482939, -0.647605, 1.131078, -0.000379, 0.000706]
  关节加速度: [0.085836, 103.748250, 139.485047, -243.348231, 0.081587, -0.151794]
  笛卡尔位置: [0.429250, 0.782414, 0.198802]
  笛卡尔姿态: [-0.292624, 0.925213, 0.095665, 0.221812]

轨迹点 47:
  时间: 1.410000 秒
  关节位置: [-1.964295, 0.389215, 1.671453, -1.451518, -2.013764, -0.346529]
  关节速度: [-0.000365, -0.422100, -0.614493, 1.037081, -0.000347, 0.000645]
  关节加速度: [-0.084261, -95.424277, -144.238151, 239.775252, -0.080096, 0.149012]
  笛卡尔位置: [0.429248, 0.782403, 0.200704]
  笛卡尔姿态: [-0.292624, 0.925213, 0.095662, 0.221813]

轨迹点 48:
  时间: 1.440000 秒
  关节位置: [-1.964301, 0.382100, 1.660904, -1.433847, -2.013770, -0.346518]
  关节速度: [-0.000700, -0.798434, -1.190327, 1.989697, -0.000665, 0.001237]
  关节加速度: [0.044009, 50.410086, 74.683285, -125.152298, 0.041833, -0.077827]
  笛卡尔位置: [0.429264, 0.782419, 0.206517]
  笛卡尔姿态: [-0.292623, 0.925214, 0.095653, 0.221813]

轨迹点 49:
  时间: 1.470000 秒
  关节位置: [-1.964304, 0.378043, 1.654859, -1.423740, -2.013773, -0.346512]
  关节速度: [-0.000108, -0.124247, -0.184162, 0.308554, -0.000103, 0.000192]
  关节加速度: [-0.010910, -11.539966, -19.594760, 31.149333, -0.010371, 0.019293]
  笛卡尔位置: [0.429258, 0.782394, 0.209852]
  笛卡尔姿态: [-0.292623, 0.925215, 0.095647, 0.221813]

轨迹点 50:
  时间: 1.500000 秒
  关节位置: [-1.964308, 0.373783, 1.647922, -1.412537, -2.013777, -0.346505]
  关节速度: [-0.000718, -0.771300, -1.276433, 2.048694, -0.000683, 0.001270]
  关节加速度: [-0.033115, -34.885125, -59.639275, 94.568741, -0.031481, 0.058564]
  笛卡尔位置: [0.429271, 0.782410, 0.213525]
  笛卡尔姿态: [-0.292623, 0.925215, 0.095642, 0.221814]

轨迹点 51:
  时间: 1.530000 秒
  关节位置: [-1.964314, 0.367372, 1.637280, -1.395476, -2.013783, -0.346494]
  关节速度: [-0.000311, -0.334021, -0.554355, 0.888793, -0.000296, 0.000551]
  关节加速度: [0.080605, 86.220086, 143.690874, -230.018888, 0.076626, -0.142550]
  笛卡尔位置: [0.429272, 0.782394, 0.219129]
  笛卡尔姿态: [-0.292622, 0.925216, 0.095633, 0.221814]

轨迹点 52:
  时间: 1.560000 秒
  关节位置: [-1.964316, 0.365186, 1.633498, -1.389506, -2.013785, -0.346491]
  关节速度: [-0.000442, -0.447916, -0.816928, 1.265436, -0.000421, 0.000782]
  关节加速度: [-0.080798, -80.118531, -151.114661, 231.341378, -0.076815, 0.142893]
  笛卡尔位置: [0.429273, 0.782388, 0.221088]
  笛卡尔姿态: [-0.292622, 0.925216, 0.095630, 0.221814]

轨迹点 53:
  时间: 1.590000 秒
  关节位置: [-1.964323, 0.358689, 1.621486, -1.370988, -2.013791, -0.346479]
  关节速度: [-0.000638, -0.638697, -1.186338, 1.825889, -0.000607, 0.001128]
  关节加速度: [0.057062, 57.220672, 106.004805, -163.301881, 0.054248, -0.100915]
  笛卡尔位置: [0.429287, 0.782400, 0.227143]
  笛卡尔姿态: [-0.292622, 0.925217, 0.095621, 0.221815]

轨迹点 54:
  时间: 1.620000 秒
  关节位置: [-1.964326, 0.355676, 1.615896, -1.362380, -2.013794, -0.346474]
  关节速度: [-0.000134, -0.132730, -0.251443, 0.384352, -0.000128, 0.000237]
  关节加速度: [-0.038752, -35.679878, -75.550275, 111.282040, -0.036844, 0.068536]
  笛卡尔位置: [0.429281, 0.782375, 0.229966]
  笛卡尔姿态: [-0.292622, 0.925218, 0.095616, 0.221815]

轨迹点 55:
  时间: 1.650000 秒
  关节位置: [-1.964330, 0.351406, 1.607143, -1.349352, -2.013798, -0.346466]
  关节速度: [-0.000729, -0.679815, -1.412953, 2.093744, -0.000694, 0.001290]
  关节加速度: [-0.015063, -13.496327, -29.784547, 43.301043, -0.014322, 0.026641]
  笛卡尔位置: [0.429295, 0.782395, 0.234212]
  笛卡尔姿态: [-0.292621, 0.925219, 0.095610, 0.221815]

轨迹点 56:
  时间: 1.680000 秒
  关节位置: [-1.964336, 0.346276, 1.596455, -1.333526, -2.013803, -0.346456]
  关节速度: [-0.000232, -0.216188, -0.449372, 0.665871, -0.000221, 0.000410]
  关节加速度: [0.069253, 64.265178, 134.450271, -198.808175, 0.065843, -0.122478]
  笛卡尔位置: [0.429294, 0.782374, 0.239381]
  笛卡尔姿态: [-0.292621, 0.925219, 0.095602, 0.221816]

轨迹点 57:
  时间: 1.710000 秒
  关节位置: [-1.964338, 0.344207, 1.591872, -1.326871, -2.013805, -0.346452]
  关节速度: [-0.000512, -0.443962, -1.029188, 1.473836, -0.000487, 0.000906]
  关节加速度: [-0.072372, -61.355286, -146.999756, 208.451943, -0.068814, 0.127996]
  笛卡尔位置: [0.429297, 0.782374, 0.241549]
  笛卡尔姿态: [-0.292621, 0.925220, 0.095598, 0.221816]

轨迹点 58:
  时间: 1.740000 秒
  关节位置: [-1.964345, 0.338541, 1.578593, -1.307917, -2.013812, -0.346440]
  关节速度: [-0.000564, -0.483757, -1.138036, 1.622547, -0.000536, 0.000997]
  关节加速度: [0.066172, 56.813000, 133.606911, -190.508510, 0.062918, -0.117030]
  笛卡尔位置: [0.429309, 0.782380, 0.247712]
  笛卡尔姿态: [-0.292621, 0.925221, 0.095589, 0.221816]

轨迹点 59:
  时间: 1.770000 秒
  关节位置: [-1.964347, 0.336339, 1.573410, -1.300530, -2.013814, -0.346436]
  关节速度: [-0.000183, -0.151193, -0.375212, 0.526650, -0.000174, 0.000323]
  关节加速度: [-0.056519, -43.906434, -119.297887, 163.279994, -0.053744, 0.099960]
  笛卡尔位置: [0.429303, 0.782358, 0.250121]
  笛卡尔姿态: [-0.292620, 0.925221, 0.095585, 0.221817]

轨迹点 60:
  时间: 1.800000 秒
  关节位置: [-1.964353, 0.332271, 1.562698, -1.285743, -2.013819, -0.346427]
  关节速度: [-0.000720, -0.567131, -1.511729, 2.079825, -0.000685, 0.001274]
  关节加速度: [0.002337, 2.255432, 4.440549, -6.699111, 0.002222, -0.004134]
  笛卡尔位置: [0.429319, 0.782379, 0.254912]
  笛卡尔姿态: [-0.292620, 0.925222, 0.095577, 0.221817]

轨迹点 61:
  时间: 1.830000 秒
  关节位置: [-1.964358, 0.328366, 1.552273, -1.271404, -2.013824, -0.346418]
  关节速度: [-0.000167, -0.131918, -0.350239, 0.482381, -0.000159, 0.000295]
  关节加速度: [0.051834, 40.640223, 108.992834, -149.702459, 0.049289, -0.091675]
  笛卡尔位置: [0.429316, 0.782355, 0.259567]
  笛卡尔姿态: [-0.292620, 0.925223, 0.095570, 0.221817]

轨迹点 62:
  时间: 1.860000 秒
  关节位置: [-1.964360, 0.326377, 1.546493, -1.263633, -2.013826, -0.346413]
  关节速度: [-0.000569, -0.409567, -1.237933, 1.648261, -0.000541, 0.001007]
  关节加速度: [-0.060318, -42.282826, -132.480773, 174.844359, -0.057361, 0.106682]
  笛卡尔位置: [0.429322, 0.782360, 0.262081]
  笛卡尔姿态: [-0.292620, 0.925223, 0.095566, 0.221817]

轨迹点 63:
  时间: 1.890000 秒
  关节位置: [-1.964367, 0.321695, 1.532213, -1.244661, -2.013833, -0.346402]
  关节速度: [-0.000481, -0.342884, -1.049118, 1.392645, -0.000457, 0.000850]
  关节加速度: [0.070730, 50.387977, 154.439132, -204.921809, 0.067261, -0.125096]
  笛卡尔位置: [0.429331, 0.782359, 0.268214]
  笛卡尔姿态: [-0.292619, 0.925224, 0.095557, 0.221818]

轨迹点 64:
  时间: 1.920000 秒
  关节位置: [-1.964369, 0.320092, 1.527267, -1.238110, -2.013835, -0.346398]
  关节速度: [-0.000244, -0.163292, -0.545227, 0.708846, -0.000232, 0.000432]
  关节加速度: [-0.065542, -41.288848, -149.255438, 190.632040, -0.062333, 0.115924]
  笛卡尔位置: [0.429326, 0.782341, 0.270336]
  笛卡尔姿态: [-0.292619, 0.925224, 0.095553, 0.221818]

轨迹点 65:
  时间: 1.950000 秒
  关节位置: [-1.964375, 0.316452, 1.514544, -1.221739, -2.013840, -0.346388]
  关节速度: [-0.000691, -0.442730, -1.565678, 2.009334, -0.000657, 0.001222]
  关节加速度: [0.018007, 11.836026, 40.446751, -52.306886, 0.017125, -0.031849]
  笛卡尔位置: [0.429343, 0.782362, 0.275606]
  笛卡尔姿态: [-0.292619, 0.925225, 0.095545, 0.221819]

轨迹点 66:
  时间: 1.980000 秒
  关节位置: [-1.964379, 0.313653, 1.504641, -1.209032, -2.013844, -0.346380]
  关节速度: [-0.000123, -0.079570, -0.278619, 0.358354, -0.000117, 0.000218]
  关节加速度: [0.028793, 18.383148, 65.291074, -83.712773, 0.027383, -0.050926]
  笛卡尔位置: [0.429338, 0.782336, 0.279705]
  笛卡尔姿态: [-0.292618, 0.925226, 0.095539, 0.221819]

轨迹点 67:
  时间: 2.010000 秒
  关节位置: [-1.964382, 0.311791, 1.497255, -1.199779, -2.013847, -0.346374]
  关节速度: [-0.000610, -0.347687, -1.429925, 1.778427, -0.000580, 0.001078]
  关节加速度: [-0.046007, -25.332397, -108.970064, 134.364059, -0.043758, 0.081374]
  笛卡尔位置: [0.429347, 0.782347, 0.282675]
  笛卡尔姿态: [-0.292618, 0.925227, 0.095534, 0.221819]

轨迹点 68:
  时间: 2.040000 秒
  关节位置: [-1.964389, 0.308181, 1.482291, -1.181196, -2.013853, -0.346363]
  关节速度: [-0.000394, -0.223226, -0.927447, 1.151201, -0.000375, 0.000698]
  关节加速度: [0.070392, 39.694250, 165.652569, -205.441066, 0.066950, -0.124504]
  笛卡尔位置: [0.429353, 0.782339, 0.288641]
  笛卡尔姿态: [-0.292618, 0.925227, 0.095525, 0.221820]

轨迹点 69:
  时间: 2.070000 秒
  关节位置: [-1.964391, 0.307010, 1.477292, -1.175024, -2.013855, -0.346359]
  关节速度: [-0.000310, -0.158545, -0.748290, 0.907251, -0.000295, 0.000548]
  关节加速度: [-0.067292, -32.294424, -164.937162, 197.321680, -0.064006, 0.119023]
  笛卡尔位置: [0.429350, 0.782325, 0.290623]
  笛卡尔姿态: [-0.292618, 0.925228, 0.095522, 0.221820]

轨迹点 70:
  时间: 2.100000 秒
  关节位置: [-1.964397, 0.304017, 1.462598, -1.157328, -2.013861, -0.346349]
  关节速度: [-0.000644, -0.316321, -1.570844, 1.888027, -0.000613, 0.001140]
  关节加速度: [0.031008, 15.424524, 75.369493, -90.835532, 0.029493, -0.054845]
  笛卡尔位置: [0.429367, 0.782344, 0.296276]
  笛卡尔姿态: [-0.292617, 0.925229, 0.095513, 0.221820]

轨迹点 71:
  时间: 2.130000 秒
  关节位置: [-1.964401, 0.302161, 1.453394, -1.146264, -2.013865, -0.346342]
  关节速度: [-0.000107, -0.053091, -0.259574, 0.312808, -0.000102, 0.000189]
  关节加速度: [0.000993, 0.562678, 2.334574, -2.898582, 0.000945, -0.001757]
  笛卡尔位置: [0.429361, 0.782317, 0.299817]
  笛卡尔姿态: [-0.292617, 0.925229, 0.095508, 0.221820]

轨迹点 72:
  时间: 2.160000 秒
  关节位置: [-1.964404, 0.300546, 1.444013, -1.135263, -2.013868, -0.346335]
  关节速度: [-0.000631, -0.264030, -1.593036, 1.857911, -0.000600, 0.001116]
  关节加速度: [-0.030788, -12.153366, -78.571234, 90.765820, -0.029287, 0.054458]
  笛卡尔位置: [0.429372, 0.782333, 0.303317]
  笛卡尔姿态: [-0.292617, 0.925230, 0.095502, 0.221821]

轨迹点 73:
  时间: 2.190000 秒
  关节位置: [-1.964410, 0.298029, 1.428712, -1.117436, -2.013874, -0.346325]
  关节速度: [-0.000311, -0.129107, -0.784997, 0.914520, -0.000295, 0.000549]
  关节加速度: [0.065134, 26.864100, 164.861021, -191.812325, 0.061958, -0.115209]
  笛卡尔位置: [0.429375, 0.782319, 0.308990]
  笛卡尔姿态: [-0.292616, 0.925231, 0.095493, 0.221821]

轨迹点 74:
  时间: 2.220000 秒
  关节位置: [-1.964412, 0.297192, 1.423263, -1.111148, -2.013876, -0.346321]
  关节速度: [-0.000373, -0.131707, -0.969458, 1.101664, -0.000354, 0.000659]
  关节加速度: [-0.063334, -20.642076, -166.904300, 187.631170, -0.060249, 0.112026]
  笛卡尔位置: [0.429374, 0.782309, 0.310989]
  笛卡尔姿态: [-0.292616, 0.925231, 0.095490, 0.221821]

轨迹点 75:
  时间: 2.250000 秒
  关节位置: [-1.964419, 0.295031, 1.406728, -1.092443, -2.013882, -0.346310]
  关节速度: [-0.000583, -0.196923, -1.526866, 1.724569, -0.000554, 0.001031]
  关节加速度: [0.040610, 13.834374, 106.299459, -120.188202, 0.038632, -0.071831]
  笛卡尔位置: [0.429389, 0.782325, 0.316907]
  笛卡尔姿态: [-0.292616, 0.925232, 0.095481, 0.221822]

轨迹点 76:
  时间: 2.280000 秒
  关节位置: [-1.964422, 0.293935, 1.398265, -1.082880, -2.013885, -0.346304]
  关节速度: [-0.000120, -0.040013, -0.314843, 0.355016, -0.000114, 0.000212]
  关节加速度: [-0.022727, -5.605511, -62.112558, 67.748497, -0.021622, 0.040201]
  笛卡尔位置: [0.429383, 0.782299, 0.319936]
  笛卡尔姿态: [-0.292616, 0.925233, 0.095476, 0.221822]

轨迹点 77:
  时间: 2.310000 秒
  关节位置: [-1.964426, 0.292750, 1.386571, -1.069995, -2.013889, -0.346296]
  关节速度: [-0.000633, -0.166092, -1.717125, 1.884064, -0.000602, 0.001119]
  关节加速度: [-0.015917, -3.605764, -43.895057, 47.522130, -0.015143, 0.028155]
  笛卡尔位置: [0.429397, 0.782318, 0.323991]
  笛卡尔姿态: [-0.292615, 0.925233, 0.095470, 0.221822]

轨迹点 78:
  时间: 2.340000 秒
  关节位置: [-1.964432, 0.291283, 1.371283, -1.053233, -2.013895, -0.346286]
  关节速度: [-0.000235, -0.061526, -0.637558, 0.699398, -0.000223, 0.000415]
  关节加速度: [0.055283, 14.208657, 150.388543, -164.671214, 0.052594, -0.097788]
  笛卡尔位置: [0.429397, 0.782299, 0.329265]
  笛卡尔姿态: [-0.292615, 0.925234, 0.095462, 0.221823]

轨迹点 79:
  时间: 2.370000 秒
  关节位置: [-1.964434, 0.290760, 1.364899, -1.046323, -2.013897, -0.346282]
  关节速度: [-0.000426, -0.081955, -1.193210, 1.275735, -0.000405, 0.000753]
  关节加速度: [-0.055270, -9.204333, -156.644603, 165.922931, -0.052586, 0.097767]
  笛卡尔位置: [0.429399, 0.782295, 0.331433]
  笛卡尔姿态: [-0.292615, 0.925234, 0.095459, 0.221823]

轨迹点 80:
  时间: 2.400000 秒
  关节位置: [-1.964441, 0.289574, 1.346729, -1.026958, -2.013903, -0.346271]
  关节速度: [-0.000510, -0.092044, -1.437242, 1.529969, -0.000485, 0.000903]
  关节加速度: [0.046347, 8.381954, 130.520878, -138.964881, 0.044095, -0.081982]
  笛卡尔位置: [0.429412, 0.782306, 0.337483]
  笛卡尔姿态: [-0.292614, 0.925235, 0.095449, 0.221823]

轨迹点 81:
  时间: 2.430000 秒
  关节位置: [-1.964444, 0.289070, 1.338894, -1.018616, -2.013906, -0.346266]
  关节速度: [-0.000154, -0.024028, -0.437966, 0.462200, -0.000146, 0.000272]
  关节加速度: [-0.036531, -3.146352, -107.333931, 110.529191, -0.034759, 0.064621]
  笛卡尔位置: [0.429405, 0.782280, 0.340091]
  笛卡尔姿态: [-0.292614, 0.925236, 0.095445, 0.221824]

轨迹点 82:
  时间: 2.460000 秒
  关节位置: [-1.964448, 0.288528, 1.324656, -1.003828, -2.013910, -0.346257]
  关节速度: [-0.000615, -0.062191, -1.794741, 1.857755, -0.000585, 0.001088]
  关节加速度: [-0.002494, 0.187746, -7.845718, 7.661310, -0.002373, 0.004412]
  笛卡尔位置: [0.429422, 0.782303, 0.344679]
  笛卡尔姿态: [-0.292614, 0.925237, 0.095438, 0.221824]

轨迹点 83:
  时间: 2.490000 秒
  关节位置: [-1.964454, 0.288016, 1.309704, -0.988358, -2.013915, -0.346248]
  关节速度: [-0.000173, -0.017886, -0.504207, 0.522325, -0.000165, 0.000306]
  关节加速度: [0.041531, 3.992380, 121.492052, -125.540033, 0.039516, -0.073465]
  笛卡尔位置: [0.429419, 0.782280, 0.349475]
  笛卡尔姿态: [-0.292614, 0.925237, 0.095431, 0.221824]

轨迹点 84:
  时间: 2.520000 秒
  关节位置: [-1.964456, 0.287873, 1.301833, -0.980341, -2.013918, -0.346244]
  关节速度: [-0.000465, -0.011948, -1.404499, 1.417070, -0.000443, 0.000823]
  关节加速度: [-0.044670, 0.028423, -136.397431, 136.428810, -0.042506, 0.079019]
  笛卡尔位置: [0.429423, 0.782282, 0.351949]
  笛卡尔姿态: [-0.292613, 0.925238, 0.095427, 0.221825]

轨迹点 85:
  时间: 2.550000 秒
  关节位置: [-1.964463, 0.287753, 1.282294, -0.960672, -2.013924, -0.346232]
  关节速度: [-0.000432, -0.007017, -1.309380, 1.316975, -0.000411, 0.000764]
  关节加速度: [0.048053, 0.717573, 145.739381, -146.521286, 0.045725, -0.085004]
  笛卡尔位置: [0.429434, 0.782286, 0.357994]
  笛卡尔姿态: [-0.292613, 0.925239, 0.095417, 0.221825]

轨迹点 86:
  时间: 2.580000 秒
  关节位置: [-1.964465, 0.287718, 1.274813, -0.953153, -2.013926, -0.346228]
  关节速度: [-0.000198, 0.005173, -0.611737, 0.606830, -0.000188, 0.000350]
  关节加速度: [-0.042306, 3.554930, -134.007041, 130.508749, -0.040260, 0.074839]
  笛卡尔位置: [0.429428, 0.782263, 0.360304]
  笛卡尔姿态: [-0.292613, 0.925239, 0.095414, 0.221825]

轨迹点 87:
  时间: 2.610000 秒
  关节位置: [-1.964470, 0.288040, 1.257892, -0.936547, -2.013931, -0.346218]
  关节速度: [-0.000579, 0.039442, -1.821648, 1.782981, -0.000551, 0.001024]
  关节加速度: [0.008596, -0.260946, 26.600230, -26.350791, 0.008179, -0.015205]
  笛卡尔位置: [0.429446, 0.782287, 0.365361]
  笛卡尔姿态: [-0.292613, 0.925240, 0.095406, 0.221826]

轨迹点 88:
  时间: 2.640000 秒
  关节位置: [-1.964475, 0.288352, 1.243532, -0.922493, -2.013936, -0.346210]
  关节速度: [-0.000130, 0.008051, -0.406558, 0.398680, -0.000123, 0.000229]
  关节加速度: [0.024929, -1.796421, 78.560716, -76.797670, 0.023723, -0.044100]
  笛卡尔位置: [0.429441, 0.782260, 0.369636]
  笛卡尔姿态: [-0.292612, 0.925241, 0.095399, 0.221826]

轨迹点 89:
  时间: 2.670000 秒
  关节位置: [-1.964478, 0.288739, 1.233580, -0.912924, -2.013938, -0.346205]
  关节速度: [-0.000487, 0.073160, -1.589646, 1.517139, -0.000464, 0.000862]
  关节加速度: [-0.032995, 5.921446, -108.948524, 103.071250, -0.031401, 0.058369]
  笛卡尔位置: [0.429449, 0.782268, 0.372527]
  笛卡尔姿态: [-0.292612, 0.925241, 0.095395, 0.221826]

轨迹点 90:
  时间: 2.700000 秒
  关节位置: [-1.964484, 0.289721, 1.212976, -0.893294, -2.013944, -0.346194]
  关节速度: [-0.000353, 0.055501, -1.154500, 1.099471, -0.000336, 0.000624]
  关节加速度: [0.045884, -7.364105, 150.289763, -142.987085, 0.043667, -0.081169]
  笛卡尔位置: [0.429456, 0.782266, 0.378432]
  笛卡尔姿态: [-0.292612, 0.925242, 0.095386, 0.221827]

轨迹点 91:
  时间: 2.730000 秒
  关节位置: [-1.964487, 0.290103, 1.205411, -0.886108, -2.013947, -0.346190]
  关节速度: [-0.000244, 0.052521, -0.817539, 0.765344, -0.000232, 0.000431]
  关节加速度: [-0.041941, 11.202698, -143.844722, 132.698172, -0.039918, 0.074197]
  笛卡尔位置: [0.429451, 0.782246, 0.380589]
  笛卡尔姿态: [-0.292612, 0.925242, 0.095382, 0.221827]

轨迹点 92:
  时间: 2.760000 秒
  关节位置: [-1.964493, 0.291503, 1.185751, -0.867839, -2.013952, -0.346179]
  关节速度: [-0.000528, 0.131463, -1.797187, 1.666432, -0.000503, 0.000934]
  关节加速度: [0.016724, -3.943963, 56.603629, -52.682056, 0.015917, -0.029586]
  笛卡尔位置: [0.429470, 0.782271, 0.386021]
  笛卡尔姿态: [-0.292611, 0.925243, 0.095374, 0.221827]

轨迹点 93:
  时间: 2.790000 秒
  关节位置: [-1.964497, 0.292497, 1.172121, -0.855198, -2.013956, -0.346172]
  关节速度: [-0.000108, 0.025995, -0.367744, 0.341894, -0.000103, 0.000192]
  关节加速度: [0.006865, -1.670798, 23.309112, -21.647505, 0.006533, -0.012144]
  笛卡尔位置: [0.429463, 0.782241, 0.389771]
  笛卡尔姿态: [-0.292611, 0.925244, 0.095368, 0.221828]

轨迹点 94:
  时间: 2.820000 秒
  关节位置: [-1.964500, 0.293641, 1.159479, -0.843695, -2.013959, -0.346166]
  关节速度: [-0.000491, 0.166678, -1.737034, 1.571013, -0.000467, 0.000868]
  关节加速度: [-0.021539, 8.117594, -77.419450, 69.330690, -0.020502, 0.038104]
  笛卡尔位置: [0.429474, 0.782255, 0.393152]
  笛卡尔姿态: [-0.292611, 0.925244, 0.095363, 0.221828]

轨迹点 95:
  时间: 2.850000 秒
  关节位置: [-1.964506, 0.295714, 1.138121, -0.824402, -2.013965, -0.346155]
  关节速度: [-0.000278, 0.095867, -0.987409, 0.891914, -0.000265, 0.000493]
  关节加速度: [0.040320, -14.120557, 143.325258, -129.258678, 0.038378, -0.071330]
  笛卡尔位置: [0.429479, 0.782246, 0.398794]
  笛卡尔姿态: [-0.292610, 0.925245, 0.095354, 0.221828]

轨迹点 96:
  时间: 2.880000 秒
  关节位置: [-1.964508, 0.296555, 1.129875, -0.816994, -2.013967, -0.346151]
  关节速度: [-0.000283, 0.118564, -1.036478, 0.918293, -0.000270, 0.000501]
  关节加速度: [-0.037328, 17.514707, -139.547219, 122.082483, -0.035532, 0.066038]
  笛卡尔位置: [0.429475, 0.782230, 0.400951]
  笛卡尔姿态: [-0.292610, 0.925246, 0.095351, 0.221828]

轨迹点 97:
  时间: 2.910000 秒
  关节位置: [-1.964515, 0.299220, 1.107504, -0.797280, -2.013973, -0.346140]
  关节速度: [-0.000466, 0.208084, -1.724602, 1.517141, -0.000443, 0.000824]
  关节加速度: [0.021589, -9.530214, 79.787080, -70.285767, 0.020551, -0.038194]
  笛卡尔位置: [0.429493, 0.782253, 0.406631]
  笛卡尔姿态: [-0.292610, 0.925247, 0.095342, 0.221829]

轨迹点 98:
  时间: 2.940000 秒
  关节位置: [-1.964518, 0.300752, 1.094760, -0.786063, -2.013976, -0.346134]
  关节速度: [-0.000113, 0.050068, -0.419144, 0.369228, -0.000108, 0.000201]
  关节加速度: [-0.031004, 16.462726, -118.975725, 102.554506, -0.029518, 0.054854]
  笛卡尔位置: [0.429485, 0.782223, 0.409852]
  笛卡尔姿态: [-0.292610, 0.925247, 0.095337, 0.221829]

轨迹点 99:
  时间: 2.970000 秒
  关节位置: [-1.964520, 0.301977, 1.085543, -0.778067, -2.013979, -0.346130]
  关节速度: [-0.000538, 0.277415, -2.050749, 1.774054, -0.000512, 0.000951]
  关节加速度: [0.020649, -9.809955, 77.413487, -67.631175, 0.019657, -0.036531]
  笛卡尔位置: [0.429489, 0.782223, 0.412128]
  笛卡尔姿态: [-0.292609, 0.925248, 0.095333, 0.221829]

轨迹点 100:
  时间: 3.000000 秒
  关节位置: [-1.964522, 0.302905, 1.078700, -0.772151, -2.013980, -0.346127]
  关节速度: [0.000000, 0.000000, 0.000000, 0.000000, 0.000000, 0.000000]
  关节加速度: [0.000000, 0.000000, 0.000000, 0.000000, 0.000000, 0.000000]
  笛卡尔位置: [0.429490, 0.782220, 0.413807]
  笛卡尔姿态: [-0.292609, 0.925248, 0.095331, 0.221829]

