详细轨迹分析报告
====================
轨迹点数: 110
轨迹总时间: 10.874 秒
关节名称: 
  0: joint1
  1: joint2
  2: joint3
  3: joint4
  4: joint5
  5: joint6

详细轨迹点信息:
================
轨迹点 0:
  时间: 0.000000 秒
  关节位置: [-1.570449, -0.520848, 1.570510, -0.001806, 1.570318, 0.000570]
  关节速度: [0.000000, 0.000000, 0.000000, -0.000000, 0.000000, 0.000000]
  关节加速度: [0.000000, 0.000000, 0.000000, 0.000000, 0.000000, 0.000000]

轨迹点 1:
  时间: 0.100000 秒
  关节位置: [-1.569412, -0.516322, 1.571311, -0.009618, 1.574387, 0.000687]
  关节速度: [0.020755, 0.090508, 0.016021, -0.156250, 0.081379, 0.002359]
  关节加速度: [0.207551, 0.905083, 0.160209, -1.562500, 0.813790, 0.023587]

轨迹点 2:
  时间: 0.200000 秒
  关节位置: [-1.566682, -0.504419, 1.573418, -0.030168, 1.585090, 0.000998]
  关节速度: [0.028891, 0.125988, 0.022301, -0.217500, 0.113280, 0.003283]
  关节加速度: [-0.000000, -0.000000, -0.000000, 0.000000, -0.000000, -0.000000]

轨迹点 3:
  时间: 0.300000 秒
  关节位置: [-1.563793, -0.491820, 1.575648, -0.051918, 1.596418, 0.001326]
  关节速度: [0.028891, 0.125988, 0.022301, -0.217500, 0.113280, 0.003283]
  关节加速度: [-0.000000, -0.000000, -0.000000, 0.000000, -0.000000, -0.000000]

轨迹点 4:
  时间: 0.400000 秒
  关节位置: [-1.560904, -0.479222, 1.577878, -0.073668, 1.607746, 0.001654]
  关节速度: [0.028891, 0.125988, 0.022301, -0.217500, 0.113280, 0.003283]
  关节加速度: [-0.000000, -0.000000, -0.000000, 0.000000, -0.000000, -0.000000]

轨迹点 5:
  时间: 0.500000 秒
  关节位置: [-1.558015, -0.466623, 1.580108, -0.095418, 1.619074, 0.001983]
  关节速度: [0.028891, 0.125988, 0.022301, -0.217500, 0.113280, 0.003283]
  关节加速度: [0.000000, 0.000000, 0.000000, -0.000000, 0.000000, 0.000000]

轨迹点 6:
  时间: 0.600000 秒
  关节位置: [-1.555126, -0.454024, 1.582338, -0.117168, 1.630402, 0.002311]
  关节速度: [0.028891, 0.125988, 0.022301, -0.217500, 0.113280, 0.003283]
  关节加速度: [-0.000000, -0.000000, -0.000000, 0.000000, -0.000000, -0.000000]

轨迹点 7:
  时间: 0.700000 秒
  关节位置: [-1.552237, -0.441425, 1.584569, -0.138918, 1.641730, 0.002639]
  关节速度: [0.028891, 0.125988, 0.022301, -0.217500, 0.113280, 0.003283]
  关节加速度: [-0.000000, -0.000000, -0.000000, 0.000000, -0.000000, -0.000000]

轨迹点 8:
  时间: 0.800000 秒
  关节位置: [-1.549347, -0.428827, 1.586799, -0.160668, 1.653058, 0.002968]
  关节速度: [0.028891, 0.125988, 0.022301, -0.217500, 0.113280, 0.003283]
  关节加速度: [-0.000000, -0.000000, -0.000000, 0.000000, -0.000000, -0.000000]

轨迹点 9:
  时间: 0.900000 秒
  关节位置: [-1.546458, -0.416228, 1.589029, -0.182418, 1.664386, 0.003296]
  关节速度: [0.028891, 0.125988, 0.022301, -0.217500, 0.113280, 0.003283]
  关节加速度: [-0.000000, -0.000000, -0.000000, 0.000000, -0.000000, -0.000000]

轨迹点 10:
  时间: 1.000000 秒
  关节位置: [-1.543569, -0.403629, 1.591259, -0.204168, 1.675713, 0.003624]
  关节速度: [0.028891, 0.125988, 0.022301, -0.217500, 0.113280, 0.003283]
  关节加速度: [-0.000000, -0.000000, -0.000000, 0.000000, -0.000000, -0.000000]

轨迹点 11:
  时间: 1.100000 秒
  关节位置: [-1.540680, -0.391030, 1.593489, -0.225918, 1.687041, 0.003953]
  关节速度: [0.028891, 0.125988, 0.022301, -0.217500, 0.113280, 0.003283]
  关节加速度: [0.000000, 0.000000, 0.000000, -0.000000, 0.000000, 0.000000]

轨迹点 12:
  时间: 1.200000 秒
  关节位置: [-1.537791, -0.378431, 1.595719, -0.247668, 1.698369, 0.004281]
  关节速度: [0.028891, 0.125988, 0.022301, -0.217500, 0.113280, 0.003283]
  关节加速度: [0.000000, 0.000000, 0.000000, -0.000000, 0.000000, 0.000000]

轨迹点 13:
  时间: 1.300000 秒
  关节位置: [-1.534902, -0.365833, 1.597949, -0.269418, 1.709697, 0.004609]
  关节速度: [0.028891, 0.125988, 0.022301, -0.217500, 0.113280, 0.003283]
  关节加速度: [0.000000, 0.000000, 0.000000, -0.000000, 0.000000, 0.000000]

轨迹点 14:
  时间: 1.400000 秒
  关节位置: [-1.532013, -0.353234, 1.600179, -0.291168, 1.721025, 0.004938]
  关节速度: [0.028891, 0.125988, 0.022301, -0.217500, 0.113280, 0.003283]
  关节加速度: [0.000000, 0.000000, 0.000000, -0.000000, 0.000000, 0.000000]

轨迹点 15:
  时间: 1.500000 秒
  关节位置: [-1.529124, -0.340635, 1.602409, -0.312918, 1.732353, 0.005266]
  关节速度: [0.028891, 0.125988, 0.022301, -0.217500, 0.113280, 0.003283]
  关节加速度: [0.000000, 0.000000, 0.000000, -0.000000, 0.000000, 0.000000]

轨迹点 16:
  时间: 1.600000 秒
  关节位置: [-1.526235, -0.328036, 1.604640, -0.334668, 1.743681, 0.005594]
  关节速度: [0.028891, 0.125988, 0.022301, -0.217500, 0.113280, 0.003283]
  关节加速度: [0.000000, 0.000000, 0.000000, -0.000000, 0.000000, 0.000000]

轨迹点 17:
  时间: 1.700000 秒
  关节位置: [-1.523345, -0.315438, 1.606870, -0.356418, 1.755009, 0.005923]
  关节速度: [0.028891, 0.125988, 0.022301, -0.217500, 0.113280, 0.003283]
  关节加速度: [0.000000, 0.000000, 0.000000, -0.000000, 0.000000, 0.000000]

轨迹点 18:
  时间: 1.800000 秒
  关节位置: [-1.520456, -0.302839, 1.609100, -0.378168, 1.766337, 0.006251]
  关节速度: [0.028891, 0.125988, 0.022301, -0.217500, 0.113280, 0.003283]
  关节加速度: [0.000000, 0.000000, 0.000000, -0.000000, 0.000000, 0.000000]

轨迹点 19:
  时间: 1.900000 秒
  关节位置: [-1.517567, -0.290240, 1.611330, -0.399918, 1.777665, 0.006579]
  关节速度: [0.028891, 0.125988, 0.022301, -0.217500, 0.113280, 0.003283]
  关节加速度: [0.000000, 0.000000, 0.000000, -0.000000, 0.000000, 0.000000]

轨迹点 20:
  时间: 2.000000 秒
  关节位置: [-1.514678, -0.277641, 1.613560, -0.421668, 1.788993, 0.006908]
  关节速度: [0.028891, 0.125988, 0.022301, -0.217500, 0.113280, 0.003283]
  关节加速度: [-0.000000, -0.000000, -0.000000, 0.000000, -0.000000, -0.000000]

轨迹点 21:
  时间: 2.100000 秒
  关节位置: [-1.511789, -0.265043, 1.615790, -0.443418, 1.800321, 0.007236]
  关节速度: [0.028891, 0.125988, 0.022301, -0.217500, 0.113280, 0.003283]
  关节加速度: [0.000000, 0.000000, 0.000000, -0.000000, 0.000000, 0.000000]

轨迹点 22:
  时间: 2.200000 秒
  关节位置: [-1.508900, -0.252444, 1.618020, -0.465168, 1.811649, 0.007564]
  关节速度: [0.028891, 0.125988, 0.022301, -0.217500, 0.113280, 0.003283]
  关节加速度: [0.000000, 0.000000, 0.000000, -0.000000, 0.000000, 0.000000]

轨迹点 23:
  时间: 2.300000 秒
  关节位置: [-1.506011, -0.239845, 1.620250, -0.486918, 1.822977, 0.007893]
  关节速度: [0.028891, 0.125988, 0.022301, -0.217500, 0.113280, 0.003283]
  关节加速度: [0.000000, 0.000000, 0.000000, -0.000000, 0.000000, 0.000000]

轨迹点 24:
  时间: 2.400000 秒
  关节位置: [-1.503122, -0.227246, 1.622480, -0.508668, 1.834305, 0.008221]
  关节速度: [0.028891, 0.125988, 0.022301, -0.217500, 0.113280, 0.003283]
  关节加速度: [0.000000, 0.000000, 0.000000, -0.000000, 0.000000, 0.000000]

轨迹点 25:
  时间: 2.500000 秒
  关节位置: [-1.500233, -0.214648, 1.624711, -0.530418, 1.845633, 0.008549]
  关节速度: [0.028891, 0.125988, 0.022301, -0.217500, 0.113280, 0.003283]
  关节加速度: [0.000000, 0.000000, 0.000000, -0.000000, 0.000000, 0.000000]

轨迹点 26:
  时间: 2.600000 秒
  关节位置: [-1.497344, -0.202049, 1.626941, -0.552168, 1.856961, 0.008878]
  关节速度: [0.028891, 0.125988, 0.022301, -0.217500, 0.113280, 0.003283]
  关节加速度: [0.000000, 0.000000, 0.000000, -0.000000, 0.000000, 0.000000]

轨迹点 27:
  时间: 2.700000 秒
  关节位置: [-1.494454, -0.189450, 1.629171, -0.573918, 1.868289, 0.009206]
  关节速度: [0.028891, 0.125988, 0.022301, -0.217500, 0.113280, 0.003283]
  关节加速度: [0.000000, 0.000000, 0.000000, -0.000000, 0.000000, 0.000000]

轨迹点 28:
  时间: 2.800000 秒
  关节位置: [-1.491565, -0.176851, 1.631401, -0.595668, 1.879617, 0.009534]
  关节速度: [0.028891, 0.125988, 0.022301, -0.217500, 0.113280, 0.003283]
  关节加速度: [0.000000, 0.000000, 0.000000, -0.000000, 0.000000, 0.000000]

轨迹点 29:
  时间: 2.900000 秒
  关节位置: [-1.488676, -0.164253, 1.633631, -0.617418, 1.890945, 0.009863]
  关节速度: [0.028891, 0.125988, 0.022301, -0.217500, 0.113280, 0.003283]
  关节加速度: [0.000000, 0.000000, 0.000000, -0.000000, 0.000000, 0.000000]

轨迹点 30:
  时间: 3.000000 秒
  关节位置: [-1.485787, -0.151654, 1.635861, -0.639168, 1.902273, 0.010191]
  关节速度: [0.028891, 0.125988, 0.022301, -0.217500, 0.113280, 0.003283]
  关节加速度: [0.000000, 0.000000, 0.000000, -0.000000, 0.000000, 0.000000]

轨迹点 31:
  时间: 3.100000 秒
  关节位置: [-1.482898, -0.139055, 1.638091, -0.660918, 1.913600, 0.010519]
  关节速度: [0.028891, 0.125988, 0.022301, -0.217500, 0.113280, 0.003283]
  关节加速度: [0.000000, 0.000000, 0.000000, -0.000000, 0.000000, 0.000000]

轨迹点 32:
  时间: 3.200000 秒
  关节位置: [-1.480009, -0.126456, 1.640321, -0.682668, 1.924928, 0.010848]
  关节速度: [0.028891, 0.125988, 0.022301, -0.217500, 0.113280, 0.003283]
  关节加速度: [0.000000, 0.000000, 0.000000, -0.000000, 0.000000, 0.000000]

轨迹点 33:
  时间: 3.300000 秒
  关节位置: [-1.477120, -0.113858, 1.642552, -0.704418, 1.936256, 0.011176]
  关节速度: [0.028891, 0.125988, 0.022301, -0.217500, 0.113280, 0.003283]
  关节加速度: [0.000000, 0.000000, 0.000000, -0.000000, 0.000000, 0.000000]

轨迹点 34:
  时间: 3.400000 秒
  关节位置: [-1.474231, -0.101259, 1.644782, -0.726168, 1.947584, 0.011504]
  关节速度: [0.028891, 0.125988, 0.022301, -0.217500, 0.113280, 0.003283]
  关节加速度: [0.000000, 0.000000, 0.000000, -0.000000, 0.000000, 0.000000]

轨迹点 35:
  时间: 3.500000 秒
  关节位置: [-1.471342, -0.088660, 1.647012, -0.747918, 1.958912, 0.011833]
  关节速度: [0.028891, 0.125988, 0.022301, -0.217500, 0.113280, 0.003283]
  关节加速度: [0.000000, 0.000000, 0.000000, -0.000000, 0.000000, 0.000000]

轨迹点 36:
  时间: 3.600000 秒
  关节位置: [-1.468453, -0.076061, 1.649242, -0.769668, 1.970240, 0.012161]
  关节速度: [0.028891, 0.125988, 0.022301, -0.217500, 0.113280, 0.003283]
  关节加速度: [0.000000, 0.000000, 0.000000, -0.000000, 0.000000, 0.000000]

轨迹点 37:
  时间: 3.700000 秒
  关节位置: [-1.465563, -0.063463, 1.651472, -0.791418, 1.981568, 0.012489]
  关节速度: [0.028891, 0.125988, 0.022301, -0.217500, 0.113280, 0.003283]
  关节加速度: [0.000000, 0.000000, 0.000000, -0.000000, 0.000000, 0.000000]

轨迹点 38:
  时间: 3.800000 秒
  关节位置: [-1.462674, -0.050864, 1.653702, -0.813168, 1.992896, 0.012818]
  关节速度: [0.028891, 0.125988, 0.022301, -0.217500, 0.113280, 0.003283]
  关节加速度: [0.000000, 0.000000, 0.000000, -0.000000, 0.000000, 0.000000]

轨迹点 39:
  时间: 3.900000 秒
  关节位置: [-1.459785, -0.038265, 1.655932, -0.834918, 2.004224, 0.013146]
  关节速度: [0.028891, 0.125988, 0.022301, -0.217500, 0.113280, 0.003283]
  关节加速度: [0.000000, 0.000000, 0.000000, -0.000000, 0.000000, 0.000000]

轨迹点 40:
  时间: 4.000000 秒
  关节位置: [-1.456896, -0.025666, 1.658162, -0.856668, 2.015552, 0.013474]
  关节速度: [0.028891, 0.125988, 0.022301, -0.217500, 0.113280, 0.003283]
  关节加速度: [-0.000000, -0.000000, -0.000000, 0.000000, -0.000000, -0.000000]

轨迹点 41:
  时间: 4.100000 秒
  关节位置: [-1.454007, -0.013068, 1.660392, -0.878418, 2.026880, 0.013803]
  关节速度: [0.028891, 0.125988, 0.022301, -0.217500, 0.113280, 0.003283]
  关节加速度: [0.000000, 0.000000, 0.000000, -0.000000, 0.000000, 0.000000]

轨迹点 42:
  时间: 4.200000 秒
  关节位置: [-1.451118, -0.000469, 1.662623, -0.900168, 2.038208, 0.014131]
  关节速度: [0.028891, 0.125988, 0.022301, -0.217500, 0.113280, 0.003283]
  关节加速度: [0.000000, 0.000000, 0.000000, -0.000000, 0.000000, 0.000000]

轨迹点 43:
  时间: 4.300000 秒
  关节位置: [-1.448229, 0.012130, 1.664853, -0.921918, 2.049536, 0.014460]
  关节速度: [0.028891, 0.125988, 0.022301, -0.217500, 0.113280, 0.003283]
  关节加速度: [0.000000, 0.000000, 0.000000, -0.000000, 0.000000, 0.000000]

轨迹点 44:
  时间: 4.400000 秒
  关节位置: [-1.445340, 0.024729, 1.667083, -0.943668, 2.060864, 0.014788]
  关节速度: [0.028891, 0.125988, 0.022301, -0.217500, 0.113280, 0.003283]
  关节加速度: [0.000000, 0.000000, 0.000000, -0.000000, 0.000000, 0.000000]

轨迹点 45:
  时间: 4.500000 秒
  关节位置: [-1.442451, 0.037328, 1.669313, -0.965418, 2.072192, 0.015116]
  关节速度: [0.028891, 0.125988, 0.022301, -0.217500, 0.113280, 0.003283]
  关节加速度: [0.000000, 0.000000, 0.000000, -0.000000, 0.000000, 0.000000]

轨迹点 46:
  时间: 4.600000 秒
  关节位置: [-1.439561, 0.049926, 1.671543, -0.987168, 2.083520, 0.015445]
  关节速度: [0.028891, 0.125988, 0.022301, -0.217500, 0.113280, 0.003283]
  关节加速度: [0.000000, 0.000000, 0.000000, -0.000000, 0.000000, 0.000000]

轨迹点 47:
  时间: 4.700000 秒
  关节位置: [-1.436672, 0.062525, 1.673773, -1.008918, 2.094848, 0.015773]
  关节速度: [0.028891, 0.125988, 0.022301, -0.217500, 0.113280, 0.003283]
  关节加速度: [0.000000, 0.000000, 0.000000, -0.000000, 0.000000, 0.000000]

轨迹点 48:
  时间: 4.800000 秒
  关节位置: [-1.433783, 0.075124, 1.676003, -1.030668, 2.106176, 0.016101]
  关节速度: [0.028891, 0.125988, 0.022301, -0.217500, 0.113280, 0.003283]
  关节加速度: [0.000000, 0.000000, 0.000000, -0.000000, 0.000000, 0.000000]

轨迹点 49:
  时间: 4.900000 秒
  关节位置: [-1.430894, 0.087723, 1.678233, -1.052418, 2.117504, 0.016430]
  关节速度: [0.028891, 0.125988, 0.022301, -0.217500, 0.113280, 0.003283]
  关节加速度: [0.000000, 0.000000, 0.000000, -0.000000, 0.000000, 0.000000]

轨迹点 50:
  时间: 5.000000 秒
  关节位置: [-1.428005, 0.100321, 1.680463, -1.074168, 2.128832, 0.016758]
  关节速度: [0.028891, 0.125988, 0.022301, -0.217500, 0.113280, 0.003283]
  关节加速度: [0.000000, 0.000000, 0.000000, -0.000000, 0.000000, 0.000000]

轨迹点 51:
  时间: 5.100000 秒
  关节位置: [-1.425116, 0.112920, 1.682694, -1.095918, 2.140160, 0.017086]
  关节速度: [0.028891, 0.125988, 0.022301, -0.217500, 0.113280, 0.003283]
  关节加速度: [0.000000, 0.000000, 0.000000, -0.000000, 0.000000, 0.000000]

轨迹点 52:
  时间: 5.200000 秒
  关节位置: [-1.422227, 0.125519, 1.684924, -1.117668, 2.151488, 0.017415]
  关节速度: [0.028891, 0.125988, 0.022301, -0.217500, 0.113280, 0.003283]
  关节加速度: [0.000000, 0.000000, 0.000000, -0.000000, 0.000000, 0.000000]

轨迹点 53:
  时间: 5.300000 秒
  关节位置: [-1.419338, 0.138118, 1.687154, -1.139418, 2.162815, 0.017743]
  关节速度: [0.028891, 0.125988, 0.022301, -0.217500, 0.113280, 0.003283]
  关节加速度: [0.000000, 0.000000, 0.000000, -0.000000, 0.000000, 0.000000]

轨迹点 54:
  时间: 5.400000 秒
  关节位置: [-1.416449, 0.150716, 1.689384, -1.161168, 2.174143, 0.018071]
  关节速度: [0.028891, 0.125988, 0.022301, -0.217500, 0.113280, 0.003283]
  关节加速度: [0.000000, 0.000000, 0.000000, -0.000000, 0.000000, 0.000000]

轨迹点 55:
  时间: 5.500000 秒
  关节位置: [-1.413560, 0.163315, 1.691614, -1.182918, 2.185471, 0.018400]
  关节速度: [0.028891, 0.125988, 0.022301, -0.217500, 0.113280, 0.003283]
  关节加速度: [0.000000, 0.000000, 0.000000, -0.000000, 0.000000, 0.000000]

轨迹点 56:
  时间: 5.600000 秒
  关节位置: [-1.410670, 0.175914, 1.693844, -1.204668, 2.196799, 0.018728]
  关节速度: [0.028891, 0.125988, 0.022301, -0.217500, 0.113280, 0.003283]
  关节加速度: [0.000000, 0.000000, 0.000000, -0.000000, 0.000000, 0.000000]

轨迹点 57:
  时间: 5.700000 秒
  关节位置: [-1.407781, 0.188513, 1.696074, -1.226418, 2.208127, 0.019056]
  关节速度: [0.028891, 0.125988, 0.022301, -0.217500, 0.113280, 0.003283]
  关节加速度: [0.000000, 0.000000, 0.000000, -0.000000, 0.000000, 0.000000]

轨迹点 58:
  时间: 5.800000 秒
  关节位置: [-1.404892, 0.201111, 1.698304, -1.248168, 2.219455, 0.019385]
  关节速度: [0.028891, 0.125988, 0.022301, -0.217500, 0.113280, 0.003283]
  关节加速度: [0.000000, 0.000000, 0.000000, -0.000000, 0.000000, 0.000000]

轨迹点 59:
  时间: 5.900000 秒
  关节位置: [-1.402003, 0.213710, 1.700534, -1.269918, 2.230783, 0.019713]
  关节速度: [0.028891, 0.125988, 0.022301, -0.217500, 0.113280, 0.003283]
  关节加速度: [0.000000, 0.000000, 0.000000, -0.000000, 0.000000, 0.000000]

轨迹点 60:
  时间: 6.000000 秒
  关节位置: [-1.399114, 0.226309, 1.702765, -1.291668, 2.242111, 0.020041]
  关节速度: [0.028891, 0.125988, 0.022301, -0.217500, 0.113280, 0.003283]
  关节加速度: [0.000000, 0.000000, 0.000000, -0.000000, 0.000000, 0.000000]

轨迹点 61:
  时间: 6.100000 秒
  关节位置: [-1.396225, 0.238908, 1.704995, -1.313418, 2.253439, 0.020370]
  关节速度: [0.028891, 0.125988, 0.022301, -0.217500, 0.113280, 0.003283]
  关节加速度: [0.000000, 0.000000, 0.000000, -0.000000, 0.000000, 0.000000]

轨迹点 62:
  时间: 6.200000 秒
  关节位置: [-1.393336, 0.251506, 1.707225, -1.335168, 2.264767, 0.020698]
  关节速度: [0.028891, 0.125988, 0.022301, -0.217500, 0.113280, 0.003283]
  关节加速度: [0.000000, 0.000000, 0.000000, -0.000000, 0.000000, 0.000000]

轨迹点 63:
  时间: 6.300000 秒
  关节位置: [-1.390447, 0.264105, 1.709455, -1.356918, 2.276095, 0.021026]
  关节速度: [0.028891, 0.125988, 0.022301, -0.217500, 0.113280, 0.003283]
  关节加速度: [0.000000, 0.000000, 0.000000, -0.000000, 0.000000, 0.000000]

轨迹点 64:
  时间: 6.400000 秒
  关节位置: [-1.387558, 0.276704, 1.711685, -1.378668, 2.287423, 0.021355]
  关节速度: [0.028891, 0.125988, 0.022301, -0.217500, 0.113280, 0.003283]
  关节加速度: [0.000000, 0.000000, 0.000000, -0.000000, 0.000000, 0.000000]

轨迹点 65:
  时间: 6.500000 秒
  关节位置: [-1.384669, 0.289303, 1.713915, -1.400418, 2.298751, 0.021683]
  关节速度: [0.028891, 0.125988, 0.022301, -0.217500, 0.113280, 0.003283]
  关节加速度: [0.000000, 0.000000, 0.000000, -0.000000, 0.000000, 0.000000]

轨迹点 66:
  时间: 6.600000 秒
  关节位置: [-1.381779, 0.301901, 1.716145, -1.422168, 2.310079, 0.022011]
  关节速度: [0.028891, 0.125988, 0.022301, -0.217500, 0.113280, 0.003283]
  关节加速度: [0.000000, 0.000000, 0.000000, -0.000000, 0.000000, 0.000000]

轨迹点 67:
  时间: 6.700000 秒
  关节位置: [-1.378890, 0.314500, 1.718375, -1.443918, 2.321407, 0.022340]
  关节速度: [0.028891, 0.125988, 0.022301, -0.217500, 0.113280, 0.003283]
  关节加速度: [0.000000, 0.000000, 0.000000, -0.000000, 0.000000, 0.000000]

轨迹点 68:
  时间: 6.800000 秒
  关节位置: [-1.375997, 0.327101, 1.720610, -1.465668, 2.332702, 0.022658]
  关节速度: [0.029510, 0.126345, 0.023027, -0.217500, 0.108060, 0.001663]
  关节加速度: [0.048794, 0.028221, 0.057135, -0.000152, -0.410975, -0.127605]

轨迹点 69:
  时间: 6.900000 秒
  关节位置: [-1.372813, 0.339870, 1.723186, -1.487418, 2.341540, 0.022213]
  关节速度: [0.034094, 0.128989, 0.028394, -0.217500, 0.069432, -0.010329]
  关节加速度: [0.043608, 0.025256, 0.051059, -0.000205, -0.367181, -0.114018]

轨迹点 70:
  时间: 7.000000 秒
  关节位置: [-1.369190, 0.352892, 1.726276, -1.509168, 2.346684, 0.020622]
  关节速度: [0.038333, 0.131434, 0.033358, -0.217500, 0.033708, -0.021419]
  关节加速度: [0.041675, 0.024057, 0.048804, -0.000038, -0.351164, -0.109021]

轨迹点 71:
  时间: 7.100000 秒
  关节位置: [-1.365148, 0.366156, 1.729856, -1.530918, 2.348298, 0.017934]
  关节速度: [0.042513, 0.133845, 0.038254, -0.217500, -0.001526, -0.032357]
  关节加速度: [0.042398, 0.024515, 0.049646, -0.000119, -0.357121, -0.110882]

轨迹点 72:
  时间: 7.200000 秒
  关节位置: [-1.360680, 0.379665, 1.733935, -1.552668, 2.346321, 0.014132]
  关节速度: [0.046903, 0.136377, 0.043395, -0.217500, -0.038518, -0.043840]
  关节加速度: [0.045998, 0.026653, 0.053856, -0.000242, -0.387259, -0.120256]

轨迹点 73:
  时间: 7.300000 秒
  关节位置: [-1.355750, 0.393442, 1.738556, -1.574418, 2.340442, 0.009119]
  关节速度: [0.051841, 0.139225, 0.049178, -0.217500, -0.080133, -0.056760]
  关节加速度: [0.053681, 0.031000, 0.062863, -0.000072, -0.452292, -0.140420]

轨迹点 74:
  时间: 7.400000 秒
  关节位置: [-1.350408, 0.407455, 1.743658, -1.596168, 2.331099, 0.003030]
  关节速度: [0.053750, 0.140327, 0.051414, -0.217500, -0.096230, -0.061757]
  关节加速度: [-0.000000, -0.000000, -0.000000, 0.000000, 0.000000, 0.000000]

轨迹点 75:
  时间: 7.500000 秒
  关节位置: [-1.345033, 0.421488, 1.748800, -1.617918, 2.321476, -0.003145]
  关节速度: [0.053750, 0.140327, 0.051414, -0.217500, -0.096230, -0.061757]
  关节加速度: [-0.000000, -0.000000, -0.000000, 0.000000, 0.000000, 0.000000]

轨迹点 76:
  时间: 7.600000 秒
  关节位置: [-1.339658, 0.435521, 1.753941, -1.639668, 2.311853, -0.009321]
  关节速度: [0.053750, 0.140327, 0.051414, -0.217500, -0.096230, -0.061757]
  关节加速度: [-0.000000, -0.000000, -0.000000, 0.000000, 0.000000, 0.000000]

轨迹点 77:
  时间: 7.700000 秒
  关节位置: [-1.334283, 0.449553, 1.759083, -1.661418, 2.302230, -0.015497]
  关节速度: [0.053750, 0.140327, 0.051414, -0.217500, -0.096230, -0.061757]
  关节加速度: [-0.000000, -0.000000, -0.000000, 0.000000, 0.000000, 0.000000]

轨迹点 78:
  时间: 7.800000 秒
  关节位置: [-1.328908, 0.463586, 1.764224, -1.683168, 2.292607, -0.021672]
  关节速度: [0.053750, 0.140327, 0.051414, -0.217500, -0.096230, -0.061757]
  关节加速度: [-0.000000, -0.000000, -0.000000, 0.000000, 0.000000, 0.000000]

轨迹点 79:
  时间: 7.900000 秒
  关节位置: [-1.323532, 0.477619, 1.769366, -1.704918, 2.282984, -0.027848]
  关节速度: [0.053750, 0.140327, 0.051414, -0.217500, -0.096230, -0.061757]
  关节加速度: [-0.000000, -0.000000, -0.000000, 0.000000, 0.000000, 0.000000]

轨迹点 80:
  时间: 8.000000 秒
  关节位置: [-1.318157, 0.491651, 1.774507, -1.726668, 2.273361, -0.034024]
  关节速度: [0.053750, 0.140327, 0.051414, -0.217500, -0.096230, -0.061757]
  关节加速度: [0.000000, 0.000000, 0.000000, -0.000000, -0.000000, -0.000000]

轨迹点 81:
  时间: 8.100000 秒
  关节位置: [-1.312782, 0.505684, 1.779648, -1.748418, 2.263738, -0.040199]
  关节速度: [0.053750, 0.140327, 0.051414, -0.217500, -0.096230, -0.061757]
  关节加速度: [0.000000, 0.000000, 0.000000, -0.000000, -0.000000, -0.000000]

轨迹点 82:
  时间: 8.200000 秒
  关节位置: [-1.307407, 0.519717, 1.784790, -1.770168, 2.254115, -0.046375]
  关节速度: [0.053750, 0.140327, 0.051414, -0.217500, -0.096230, -0.061757]
  关节加速度: [0.000000, 0.000000, 0.000000, -0.000000, -0.000000, -0.000000]

轨迹点 83:
  时间: 8.300000 秒
  关节位置: [-1.302032, 0.533749, 1.789931, -1.791918, 2.244492, -0.052551]
  关节速度: [0.053750, 0.140327, 0.051414, -0.217500, -0.096230, -0.061757]
  关节加速度: [0.000000, 0.000000, 0.000000, -0.000000, -0.000000, -0.000000]

轨迹点 84:
  时间: 8.400000 秒
  关节位置: [-1.296657, 0.547782, 1.795073, -1.813668, 2.234869, -0.058726]
  关节速度: [0.053750, 0.140327, 0.051414, -0.217500, -0.096230, -0.061757]
  关节加速度: [0.000000, 0.000000, 0.000000, -0.000000, -0.000000, -0.000000]

轨迹点 85:
  时间: 8.500000 秒
  关节位置: [-1.291282, 0.561815, 1.800214, -1.835418, 2.225246, -0.064902]
  关节速度: [0.053750, 0.140327, 0.051414, -0.217500, -0.096230, -0.061757]
  关节加速度: [0.000000, 0.000000, 0.000000, -0.000000, -0.000000, -0.000000]

轨迹点 86:
  时间: 8.600000 秒
  关节位置: [-1.285907, 0.575847, 1.805356, -1.857168, 2.215623, -0.071078]
  关节速度: [0.053750, 0.140327, 0.051414, -0.217500, -0.096230, -0.061757]
  关节加速度: [0.000000, 0.000000, 0.000000, -0.000000, -0.000000, -0.000000]

轨迹点 87:
  时间: 8.700000 秒
  关节位置: [-1.280532, 0.589880, 1.810497, -1.878918, 2.206000, -0.077253]
  关节速度: [0.053750, 0.140327, 0.051414, -0.217500, -0.096230, -0.061757]
  关节加速度: [0.000000, 0.000000, 0.000000, -0.000000, -0.000000, -0.000000]

轨迹点 88:
  时间: 8.800000 秒
  关节位置: [-1.275157, 0.603913, 1.815638, -1.900668, 2.196377, -0.083429]
  关节速度: [0.053750, 0.140327, 0.051414, -0.217500, -0.096230, -0.061757]
  关节加速度: [0.000000, 0.000000, 0.000000, -0.000000, -0.000000, -0.000000]

轨迹点 89:
  时间: 8.900000 秒
  关节位置: [-1.269782, 0.617945, 1.820780, -1.922418, 2.186754, -0.089605]
  关节速度: [0.053750, 0.140327, 0.051414, -0.217500, -0.096230, -0.061757]
  关节加速度: [0.000000, 0.000000, 0.000000, -0.000000, -0.000000, -0.000000]

轨迹点 90:
  时间: 9.000000 秒
  关节位置: [-1.264407, 0.631978, 1.825921, -1.944168, 2.177131, -0.095780]
  关节速度: [0.053750, 0.140327, 0.051414, -0.217500, -0.096230, -0.061757]
  关节加速度: [0.000000, 0.000000, 0.000000, -0.000000, -0.000000, -0.000000]

轨迹点 91:
  时间: 9.100000 秒
  关节位置: [-1.259032, 0.646011, 1.831063, -1.965918, 2.167508, -0.101956]
  关节速度: [0.053750, 0.140327, 0.051414, -0.217500, -0.096230, -0.061757]
  关节加速度: [0.000000, 0.000000, 0.000000, -0.000000, -0.000000, -0.000000]

轨迹点 92:
  时间: 9.200000 秒
  关节位置: [-1.253657, 0.660043, 1.836204, -1.987668, 2.157885, -0.108132]
  关节速度: [0.053750, 0.140327, 0.051414, -0.217500, -0.096230, -0.061757]
  关节加速度: [0.000000, 0.000000, 0.000000, -0.000000, -0.000000, -0.000000]

轨迹点 93:
  时间: 9.300000 秒
  关节位置: [-1.248282, 0.674076, 1.841346, -2.009418, 2.148262, -0.114307]
  关节速度: [0.053750, 0.140327, 0.051414, -0.217500, -0.096230, -0.061757]
  关节加速度: [0.000000, 0.000000, 0.000000, -0.000000, -0.000000, -0.000000]

轨迹点 94:
  时间: 9.400000 秒
  关节位置: [-1.242907, 0.688109, 1.846487, -2.031168, 2.138639, -0.120483]
  关节速度: [0.053750, 0.140327, 0.051414, -0.217500, -0.096230, -0.061757]
  关节加速度: [0.000000, 0.000000, 0.000000, -0.000000, -0.000000, -0.000000]

轨迹点 95:
  时间: 9.500000 秒
  关节位置: [-1.237532, 0.702141, 1.851629, -2.052918, 2.129016, -0.126659]
  关节速度: [0.053750, 0.140327, 0.051414, -0.217500, -0.096230, -0.061757]
  关节加速度: [0.000000, 0.000000, 0.000000, -0.000000, -0.000000, -0.000000]

轨迹点 96:
  时间: 9.600000 秒
  关节位置: [-1.232157, 0.716174, 1.856770, -2.074668, 2.119393, -0.132834]
  关节速度: [0.053750, 0.140327, 0.051414, -0.217500, -0.096230, -0.061757]
  关节加速度: [0.000000, 0.000000, 0.000000, -0.000000, -0.000000, -0.000000]

轨迹点 97:
  时间: 9.700000 秒
  关节位置: [-1.226782, 0.730207, 1.861911, -2.096418, 2.109770, -0.139010]
  关节速度: [0.053750, 0.140327, 0.051414, -0.217500, -0.096230, -0.061757]
  关节加速度: [0.000000, 0.000000, 0.000000, -0.000000, -0.000000, -0.000000]

轨迹点 98:
  时间: 9.800000 秒
  关节位置: [-1.221407, 0.744239, 1.867053, -2.118168, 2.100147, -0.145186]
  关节速度: [0.053750, 0.140327, 0.051414, -0.217500, -0.096230, -0.061757]
  关节加速度: [0.000000, 0.000000, 0.000000, -0.000000, -0.000000, -0.000000]

轨迹点 99:
  时间: 9.900000 秒
  关节位置: [-1.216031, 0.758272, 1.872194, -2.139918, 2.090524, -0.151361]
  关节速度: [0.053750, 0.140327, 0.051414, -0.217500, -0.096230, -0.061757]
  关节加速度: [0.000000, 0.000000, 0.000000, -0.000000, -0.000000, -0.000000]

轨迹点 100:
  时间: 10.000000 秒
  关节位置: [-1.210656, 0.772305, 1.877336, -2.161668, 2.080901, -0.157537]
  关节速度: [0.053750, 0.140327, 0.051414, -0.217500, -0.096230, -0.061757]
  关节加速度: [0.000000, 0.000000, 0.000000, -0.000000, -0.000000, -0.000000]

轨迹点 101:
  时间: 10.100000 秒
  关节位置: [-1.205281, 0.786337, 1.882477, -2.183418, 2.071278, -0.163713]
  关节速度: [0.053750, 0.140327, 0.051414, -0.217500, -0.096230, -0.061757]
  关节加速度: [0.000000, 0.000000, 0.000000, -0.000000, -0.000000, -0.000000]

轨迹点 102:
  时间: 10.200000 秒
  关节位置: [-1.199906, 0.800370, 1.887619, -2.205168, 2.061655, -0.169888]
  关节速度: [0.053750, 0.140327, 0.051414, -0.217500, -0.096230, -0.061757]
  关节加速度: [0.000000, 0.000000, 0.000000, -0.000000, -0.000000, -0.000000]

轨迹点 103:
  时间: 10.300000 秒
  关节位置: [-1.194531, 0.814403, 1.892760, -2.226918, 2.052032, -0.176064]
  关节速度: [0.053750, 0.140327, 0.051414, -0.217500, -0.096230, -0.061757]
  关节加速度: [0.000000, 0.000000, 0.000000, -0.000000, -0.000000, -0.000000]

轨迹点 104:
  时间: 10.400000 秒
  关节位置: [-1.189156, 0.828435, 1.897902, -2.248668, 2.042409, -0.182240]
  关节速度: [0.053750, 0.140327, 0.051414, -0.217500, -0.096230, -0.061757]
  关节加速度: [0.000000, 0.000000, 0.000000, -0.000000, -0.000000, -0.000000]

轨迹点 105:
  时间: 10.500000 秒
  关节位置: [-1.183781, 0.842468, 1.903043, -2.270418, 2.032786, -0.188415]
  关节速度: [0.053750, 0.140327, 0.051414, -0.217500, -0.096230, -0.061757]
  关节加速度: [0.000000, 0.000000, 0.000000, -0.000000, -0.000000, -0.000000]

轨迹点 106:
  时间: 10.600000 秒
  关节位置: [-1.178406, 0.856501, 1.908184, -2.292168, 2.023163, -0.194591]
  关节速度: [0.053750, 0.140327, 0.051414, -0.217500, -0.096230, -0.061757]
  关节加速度: [0.000000, 0.000000, 0.000000, -0.000000, -0.000000, -0.000000]

轨迹点 107:
  时间: 10.700000 秒
  关节位置: [-1.173031, 0.870533, 1.913326, -2.313918, 2.013540, -0.200767]
  关节速度: [0.053750, 0.140327, 0.051414, -0.217500, -0.096230, -0.061757]
  关节加速度: [0.000000, 0.000000, 0.000000, -0.000000, -0.000000, -0.000000]

轨迹点 108:
  时间: 10.800000 秒
  关节位置: [-1.168692, 0.881860, 1.917476, -2.331474, 2.005772, -0.205752]
  关节速度: [0.026469, 0.069102, 0.025318, -0.107105, -0.047387, -0.030411]
  关节加速度: [-0.359098, -0.937500, -0.343491, 1.453082, 0.642897, 0.412586]

轨迹点 109:
  时间: 10.873709 秒
  关节位置: [-1.167717, 0.884407, 1.918409, -2.335422, 2.004026, -0.206872]
  关节速度: [-0.000000, -0.000000, -0.000000, 0.000000, 0.000000, 0.000000]
  关节加速度: [-0.359098, -0.937500, -0.343491, 1.453082, 0.642897, 0.412586]

