详细轨迹分析报告
====================
轨迹点数: 44
轨迹总时间: 4.255 秒
关节名称: 
  0: joint1
  1: joint2
  2: joint3
  3: joint4
  4: joint5
  5: joint6

详细轨迹点信息:
================
轨迹点 0:
  时间: 0.000000 秒
  关节位置: [-1.167717, 0.884407, 1.918409, -2.335422, 2.004026, -0.206872]
  关节速度: [0.000000, 0.000000, 0.000000, 0.000000, 0.000000, 0.000000]
  关节加速度: [0.000000, 0.000000, 0.000000, 0.000000, 0.000000, 0.000000]

轨迹点 1:
  时间: 0.100000 秒
  关节位置: [-1.168970, 0.882661, 1.920024, -2.344509, 2.006590, -0.203214]
  关节速度: [-0.012530, -0.017457, 0.016145, -0.090873, 0.025641, 0.036579]
  关节加速度: [-0.125297, -0.174570, 0.161451, -0.908728, 0.256412, 0.365794]

轨迹点 2:
  时间: 0.200000 秒
  关节位置: [-1.171139, 0.879644, 1.922586, -2.360715, 2.011061, -0.196489]
  关节速度: [-0.021694, -0.030176, 0.025622, -0.162060, 0.044706, 0.067253]
  关节加速度: [-0.091643, -0.127192, 0.094772, -0.711873, 0.190647, 0.306731]

轨迹点 3:
  时间: 0.300000 秒
  关节位置: [-1.173195, 0.876781, 1.924710, -2.376724, 2.015338, -0.189586]
  关节速度: [-0.020556, -0.028632, 0.021239, -0.160091, 0.042772, 0.069029]
  关节加速度: [0.011381, 0.015447, -0.043830, 0.019687, -0.019342, 0.017769]

轨迹点 4:
  时间: 0.400000 秒
  关节位置: [-1.175133, 0.874065, 1.926400, -2.392533, 2.019413, -0.182510]
  关节速度: [-0.019380, -0.027155, 0.016902, -0.158089, 0.040754, 0.070760]
  关节加速度: [0.011761, 0.014769, -0.043378, 0.020025, -0.020178, 0.017304]

轨迹点 5:
  时间: 0.500000 秒
  关节位置: [-1.176949, 0.871491, 1.927661, -2.408138, 2.023279, -0.175266]
  关节速度: [-0.018167, -0.025745, 0.012609, -0.156049, 0.038654, 0.072438]
  关节加速度: [0.012130, 0.014097, -0.042930, 0.020402, -0.020997, 0.016779]

轨迹点 6:
  时间: 0.600000 秒
  关节位置: [-1.178641, 0.869051, 1.928497, -2.423534, 2.026926, -0.167861]
  关节速度: [-0.016918, -0.024402, 0.008360, -0.153967, 0.036475, 0.074057]
  关节加速度: [0.012486, 0.013434, -0.042485, 0.020817, -0.021797, 0.016193]

轨迹点 7:
  时间: 0.700000 秒
  关节位置: [-1.180205, 0.866738, 1.928912, -2.438718, 2.030348, -0.160300]
  关节速度: [-0.015635, -0.023123, 0.004156, -0.151840, 0.034217, 0.075612]
  关节加速度: [0.012828, 0.012781, -0.042043, 0.021268, -0.022573, 0.015547]

轨迹点 8:
  时间: 0.800000 秒
  关节位置: [-1.181637, 0.864547, 1.928912, -2.453685, 2.033536, -0.152590]
  关节速度: [-0.014320, -0.021909, -0.000005, -0.149665, 0.031885, 0.077096]
  关节加速度: [0.013155, 0.012140, -0.041603, 0.021754, -0.023323, 0.014840]

轨迹点 9:
  时间: 0.900000 秒
  关节位置: [-1.182934, 0.862471, 1.928500, -2.468429, 2.036484, -0.144740]
  关节速度: [-0.012973, -0.020758, -0.004121, -0.147438, 0.029481, 0.078503]
  关节加速度: [0.013466, 0.011514, -0.041167, 0.022271, -0.024043, 0.014074]

轨迹点 10:
  时间: 1.000000 秒
  关节位置: [-1.184094, 0.860505, 1.927680, -2.482944, 2.039185, -0.136757]
  关节速度: [-0.011597, -0.019668, -0.008195, -0.145156, 0.027008, 0.079828]
  关节加速度: [0.013759, 0.010905, -0.040736, 0.022818, -0.024730, 0.013250]

轨迹点 11:
  时间: 1.100000 秒
  关节位置: [-1.185113, 0.858641, 1.926458, -2.497226, 2.041632, -0.128650]
  关节速度: [-0.010194, -0.018636, -0.012226, -0.142817, 0.024469, 0.081065]
  关节加速度: [0.014034, 0.010316, -0.040310, 0.023393, -0.025381, 0.012370]

轨迹点 12:
  时间: 1.200000 秒
  关节位置: [-1.185990, 0.856875, 1.924836, -2.511268, 2.043819, -0.120429]
  关节速度: [-0.008765, -0.017661, -0.016215, -0.140417, 0.021870, 0.082209]
  关节加速度: [0.014289, 0.009749, -0.039891, 0.023993, -0.025992, 0.011435]

轨迹点 13:
  时间: 1.300000 秒
  关节位置: [-1.186721, 0.855201, 1.922820, -2.525063, 2.045740, -0.112104]
  关节速度: [-0.007313, -0.016740, -0.020163, -0.137956, 0.019214, 0.083253]
  关节加速度: [0.014523, 0.009207, -0.039480, 0.024616, -0.026560, 0.010448]

轨迹点 14:
  时间: 1.400000 秒
  关节位置: [-1.187305, 0.853614, 1.920413, -2.538606, 2.047391, -0.103685]
  关节速度: [-0.005839, -0.015871, -0.024071, -0.135430, 0.016506, 0.084195]
  关节加速度: [0.014736, 0.008692, -0.039080, 0.025259, -0.027082, 0.009412]

轨迹点 15:
  时间: 1.500000 秒
  关节位置: [-1.187740, 0.852109, 1.917619, -2.551890, 2.048766, -0.095182]
  关节速度: [-0.004346, -0.015051, -0.027940, -0.132838, 0.013751, 0.085028]
  关节加速度: [0.014927, 0.008207, -0.038693, 0.025918, -0.027556, 0.008331]

轨迹点 16:
  时间: 1.600000 秒
  关节位置: [-1.188023, 0.850681, 1.914442, -2.564908, 2.049861, -0.086607]
  关节速度: [-0.002837, -0.014275, -0.031772, -0.130179, 0.010953, 0.085749]
  关节加速度: [0.015094, 0.007754, -0.038321, 0.026591, -0.027978, 0.007209]

轨迹点 17:
  时间: 1.700000 秒
  关节位置: [-1.188155, 0.849327, 1.910885, -2.577653, 2.050673, -0.077972]
  关节速度: [-0.001313, -0.013542, -0.035569, -0.127451, 0.008118, 0.086354]
  关节加速度: [0.015237, 0.007334, -0.037967, 0.027276, -0.028348, 0.006049]

轨迹点 18:
  时间: 1.800000 秒
  关节位置: [-1.188132, 0.848042, 1.906951, -2.590118, 2.051198, -0.069288]
  关节速度: [0.000222, -0.012847, -0.039333, -0.124654, 0.005252, 0.086839]
  关节加速度: [0.015355, 0.006951, -0.037634, 0.027968, -0.028661, 0.004858]

轨迹点 19:
  时间: 1.900000 秒
  关节位置: [-1.187956, 0.846824, 1.902645, -2.602297, 2.051434, -0.060567]
  关节速度: [0.001767, -0.012186, -0.043065, -0.121788, 0.002360, 0.087203]
  关节加速度: [0.015448, 0.006606, -0.037324, 0.028666, -0.028917, 0.003640]

轨迹点 20:
  时间: 2.000000 秒
  关节位置: [-1.187624, 0.845668, 1.897968, -2.614182, 2.051379, -0.051823]
  关节速度: [0.003319, -0.011556, -0.046769, -0.118851, -0.000551, 0.087443]
  关节加速度: [0.015515, 0.006301, -0.037042, 0.029366, -0.029113, 0.002400]

轨迹点 21:
  时间: 2.100000 秒
  关节位置: [-1.187136, 0.844573, 1.892923, -2.625767, 2.051032, -0.043067]
  关节速度: [0.004874, -0.010952, -0.050448, -0.115845, -0.003476, 0.087558]
  关节加速度: [0.015555, 0.006038, -0.036789, 0.030065, -0.029248, 0.001144]

轨迹点 22:
  时间: 2.200000 秒
  关节位置: [-1.186493, 0.843536, 1.887513, -2.637044, 2.050391, -0.034313]
  关节速度: [0.006431, -0.010370, -0.054105, -0.112769, -0.006408, 0.087545]
  关节加速度: [0.015569, 0.005818, -0.036571, 0.030761, -0.029322, -0.000122]

轨迹点 23:
  时间: 2.300000 秒
  关节位置: [-1.185695, 0.842555, 1.881738, -2.648006, 2.049457, -0.025572]
  关节速度: [0.007987, -0.009806, -0.057744, -0.109624, -0.009341, 0.087406]
  关节加速度: [0.015556, 0.005641, -0.036390, 0.031451, -0.029333, -0.001392]

轨迹点 24:
  时间: 2.400000 秒
  关节位置: [-1.184741, 0.841630, 1.875601, -2.658647, 2.048230, -0.016858]
  关节速度: [0.009538, -0.009255, -0.061369, -0.106410, -0.012270, 0.087140]
  关节加速度: [0.015515, 0.005510, -0.036250, 0.032132, -0.029282, -0.002661]

轨迹点 25:
  时间: 2.500000 秒
  关节位置: [-1.183633, 0.840759, 1.869103, -2.668960, 2.046711, -0.008183]
  关节速度: [0.011083, -0.008713, -0.064985, -0.103130, -0.015186, 0.086748]
  关节加速度: [0.015447, 0.005425, -0.036154, 0.032804, -0.029167, -0.003921]

轨迹点 26:
  时间: 2.600000 秒
  关节位置: [-1.182371, 0.839941, 1.862243, -2.678939, 2.044903, 0.000440]
  关节速度: [0.012618, -0.008174, -0.068595, -0.099784, -0.018085, 0.086231]
  关节加速度: [0.015351, 0.005388, -0.036106, 0.033462, -0.028990, -0.005168]

轨迹点 27:
  时间: 2.700000 秒
  关节位置: [-1.180957, 0.839178, 1.855023, -2.688576, 2.042807, 0.008999]
  关节速度: [0.014141, -0.007634, -0.072206, -0.096373, -0.020960, 0.085592]
  关节加速度: [0.015229, 0.005397, -0.036109, 0.034106, -0.028750, -0.006395]

轨迹点 28:
  时间: 2.800000 秒
  关节位置: [-1.179392, 0.838469, 1.847440, -2.697866, 2.040426, 0.017482]
  关节速度: [0.015649, -0.007089, -0.075823, -0.092900, -0.023805, 0.084832]
  关节加速度: [0.015079, 0.005455, -0.036166, 0.034735, -0.028450, -0.007597]

轨迹点 29:
  时间: 2.900000 秒
  关节位置: [-1.177678, 0.837816, 1.839495, -2.706802, 2.037765, 0.025878]
  关节速度: [0.017139, -0.006533, -0.079451, -0.089365, -0.026614, 0.083955]
  关节加速度: [0.014902, 0.005560, -0.036280, 0.035346, -0.028089, -0.008768]

轨迹点 30:
  时间: 3.000000 秒
  关节位置: [-1.175817, 0.837219, 1.831186, -2.715379, 2.034827, 0.034174]
  关节速度: [0.018609, -0.005961, -0.083096, -0.085771, -0.029381, 0.082965]
  关节加速度: [0.014700, 0.005714, -0.036456, 0.035940, -0.027670, -0.009904]

轨迹点 31:
  时间: 3.100000 秒
  关节位置: [-1.173812, 0.836683, 1.822509, -2.723591, 2.031616, 0.042361]
  关节速度: [0.020056, -0.005370, -0.086766, -0.082120, -0.032101, 0.081865]
  关节加速度: [0.014471, 0.005916, -0.036694, 0.036515, -0.027195, -0.011000]

轨迹点 32:
  时间: 3.200000 秒
  关节位置: [-1.171664, 0.836207, 1.813463, -2.731433, 2.028140, 0.050427]
  关节速度: [0.021478, -0.004753, -0.090465, -0.078413, -0.034767, 0.080660]
  关节加速度: [0.014217, 0.006167, -0.036998, 0.037070, -0.026665, -0.012051]

轨迹点 33:
  时间: 3.300000 秒
  关节位置: [-1.169377, 0.835797, 1.804042, -2.738898, 2.024402, 0.058362]
  关节速度: [0.022872, -0.004106, -0.094203, -0.074652, -0.037376, 0.079354]
  关节加速度: [0.013939, 0.006465, -0.037371, 0.037607, -0.026084, -0.013054]

轨迹点 34:
  时间: 3.400000 秒
  关节位置: [-1.166953, 0.835454, 1.794244, -2.745982, 2.020410, 0.066157]
  关节速度: [0.024235, -0.003425, -0.097984, -0.070839, -0.039921, 0.077954]
  关节加速度: [0.013637, 0.006812, -0.037816, 0.038125, -0.025452, -0.014005]

轨迹点 35:
  时间: 3.500000 秒
  关节位置: [-1.164396, 0.835184, 1.784062, -2.752680, 2.016170, 0.073804]
  关节速度: [0.025566, -0.002705, -0.101818, -0.066977, -0.042398, 0.076464]
  关节加速度: [0.013312, 0.007206, -0.038333, 0.038626, -0.024775, -0.014901]

轨迹点 36:
  时间: 3.600000 秒
  关节位置: [-1.161710, 0.834990, 1.773491, -2.758986, 2.011690, 0.081293]
  关节速度: [0.026863, -0.001940, -0.105710, -0.063066, -0.044804, 0.074889]
  关节加速度: [0.012966, 0.007648, -0.038927, 0.039109, -0.024054, -0.015741]

轨迹点 37:
  时间: 3.700000 秒
  关节位置: [-1.158898, 0.834877, 1.762524, -2.764897, 2.006977, 0.088616]
  关节速度: [0.028123, -0.001126, -0.109670, -0.059108, -0.047133, 0.073237]
  关节加速度: [0.012599, 0.008138, -0.039598, 0.039578, -0.023293, -0.016520]

轨迹点 38:
  时间: 3.800000 秒
  关节位置: [-1.155963, 0.834851, 1.751154, -2.770407, 2.002038, 0.095768]
  关节速度: [0.029344, -0.000259, -0.113705, -0.055105, -0.049382, 0.071513]
  关节加速度: [0.012212, 0.008675, -0.040349, 0.040032, -0.022494, -0.017240]

轨迹点 39:
  时间: 3.900000 秒
  关节位置: [-1.152911, 0.834918, 1.739371, -2.775513, 1.996884, 0.102740]
  关节速度: [0.030525, 0.000668, -0.117823, -0.051057, -0.051549, 0.069724]
  关节加速度: [0.011806, 0.009260, -0.041183, 0.040475, -0.021662, -0.017897]

轨迹点 40:
  时间: 4.000000 秒
  关节位置: [-1.149745, 0.835084, 1.727168, -2.780210, 1.991521, 0.109528]
  关节速度: [0.031663, 0.001657, -0.122033, -0.046967, -0.053629, 0.067875]
  关节加速度: [0.011384, 0.009893, -0.042101, 0.040909, -0.020800, -0.018492]

轨迹点 41:
  时间: 4.100000 秒
  关节位置: [-1.146469, 0.835355, 1.714534, -2.784493, 1.985959, 0.116125]
  关节速度: [0.032758, 0.002714, -0.126344, -0.042833, -0.055620, 0.065972]
  关节加速度: [0.010946, 0.010574, -0.043106, 0.041337, -0.019911, -0.019025]

轨迹点 42:
  时间: 4.200000 秒
  关节位置: [-1.143308, 0.835711, 1.702309, -2.788123, 1.980581, 0.122122]
  关节速度: [0.031608, 0.003562, -0.122242, -0.036303, -0.053775, 0.059976]
  关节加速度: [-0.011495, 0.008483, 0.041015, 0.065294, 0.018445, -0.059964]

轨迹点 43:
  时间: 4.255122 秒
  关节位置: [-1.142723, 0.835786, 1.700041, -2.788753, 1.979584, 0.123202]
  关节速度: [0.000000, 0.000000, 0.000000, 0.000000, 0.000000, 0.000000]
  关节加速度: [0.000000, 0.000000, 0.000000, 0.000000, 0.000000, 0.000000]

